response_id	grna_target	n_nonzero_trt	n_nonzero_cntrl	pass_qc	p_value	log_2_fold_change	significant	num_pert_cells	rep	average_expression_all_cells
ENSG00000160213	CBS_TSS_2_AND_CBS_TSS_3_AND_CBS_TSS_4	2125	91137	TRUE	4.2771880859549637e-38	-0.5172813330664257	TRUE	2128	1	35.09843015927581
ENSG00000184900	CBS_TSS_2_AND_CBS_TSS_3_AND_CBS_TSS_4	2116	89959	TRUE	6.228710337578218e-29	-0.5071801649865693	TRUE	2128	1	9.521557965353084
ENSG00000183255	CBS_TSS_2_AND_CBS_TSS_3_AND_CBS_TSS_4	1943	81693	TRUE	1.0986564694927653e-27	-0.5074332395787431	TRUE	2128	1	3.3954290238236613
ENSG00000160209	CBS_TSS_2_AND_CBS_TSS_3_AND_CBS_TSS_4	2024	84655	TRUE	5.231757581131528e-27	-0.538167193699008	TRUE	2128	1	4.281383793243539
ENSG00000160214	CBS_TSS_2_AND_CBS_TSS_3_AND_CBS_TSS_4	2033	85726	TRUE	4.4187212490146775e-25	-0.7063583380673037	TRUE	2128	1	8.379824369511548
ENSG00000160194	CBS_TSS_2_AND_CBS_TSS_3_AND_CBS_TSS_4	2123	90836	TRUE	8.196640973713704e-23	-0.45125065008025933	TRUE	2128	1	15.147129597799932
ENSG00000184787	CBS_TSS_2_AND_CBS_TSS_3_AND_CBS_TSS_4	1875	78189	TRUE	5.390250265246675e-16	-0.5485566298446718	TRUE	2128	1	3.2957592424763273
ENSG00000160221	CBS_TSS_2_AND_CBS_TSS_3_AND_CBS_TSS_4	554	21418	TRUE	8.532108503180676e-6	-0.548670281347321	TRUE	2128	1	0.29623842411742035
ENSG00000160208	CBS_TSS_2_AND_CBS_TSS_3_AND_CBS_TSS_4	1437	58506	TRUE	4e-4	-0.5673632402342431	TRUE	2128	1	1.3658760169588633
ENSG00000160201	CBS_TSS_2_AND_CBS_TSS_3_AND_CBS_TSS_4	159	6341	TRUE	0.003908613357272973	-0.6696180942578938	TRUE	2128	1	0.07659614362948843
ENSG00000160200	CBS_TSS_2_AND_CBS_TSS_3_AND_CBS_TSS_4	37	1501	TRUE	0.404	-0.5710438305105185	FALSE	2128	1	0.01742762794670667
ENSG00000184900	CBS_TSS_2_AND_CBS_TSS_3_AND_CBS_TSS_4	2116	89959	TRUE	2.3261554507791963e-42	-0.5525101270353945	TRUE	2128	2	9.521557965353084
ENSG00000160194	CBS_TSS_2_AND_CBS_TSS_3_AND_CBS_TSS_4	2123	90836	TRUE	2.6790422598118615e-31	-0.5020482168862581	TRUE	2128	2	15.147129597799932
ENSG00000160213	CBS_TSS_2_AND_CBS_TSS_3_AND_CBS_TSS_4	2125	91137	TRUE	5.624141549610924e-29	-0.4637385941539236	TRUE	2128	2	35.09843015927581
ENSG00000183255	CBS_TSS_2_AND_CBS_TSS_3_AND_CBS_TSS_4	1943	81693	TRUE	5.988677005030572e-25	-0.46820892294796224	TRUE	2128	2	3.3954290238236613
ENSG00000184787	CBS_TSS_2_AND_CBS_TSS_3_AND_CBS_TSS_4	1875	78189	TRUE	1.2121848882069048e-15	-0.5324249480809893	TRUE	2128	2	3.2957592424763273
ENSG00000160214	CBS_TSS_2_AND_CBS_TSS_3_AND_CBS_TSS_4	2033	85726	TRUE	2.4171178577935714e-12	-0.6014419268702031	TRUE	2128	2	8.379824369511548
ENSG00000160221	CBS_TSS_2_AND_CBS_TSS_3_AND_CBS_TSS_4	554	21418	TRUE	6.314879480118695e-5	-0.5186755410494834	TRUE	2128	2	0.29623842411742035
ENSG00000160208	CBS_TSS_2_AND_CBS_TSS_3_AND_CBS_TSS_4	1437	58506	TRUE	4e-4	-0.5337203964066073	TRUE	2128	2	1.3658760169588633
ENSG00000160209	CBS_TSS_2_AND_CBS_TSS_3_AND_CBS_TSS_4	2024	84655	TRUE	4e-4	-0.6410825613441367	TRUE	2128	2	4.281383793243539
ENSG00000160200	CBS_TSS_2_AND_CBS_TSS_3_AND_CBS_TSS_4	37	1501	TRUE	0.108	-0.7345425627933988	FALSE	2128	2	0.01742762794670667
ENSG00000160201	CBS_TSS_2_AND_CBS_TSS_3_AND_CBS_TSS_4	159	6341	TRUE	0.284	-0.4001574192646671	FALSE	2128	2	0.07659614362948843
ENSG00000160213	CBS_TSS_2_AND_CBS_TSS_3_AND_CBS_TSS_4	2125	91137	TRUE	9.327042578545982e-39	-0.5108485720261688	TRUE	2128	3	35.09843015927581
ENSG00000160209	CBS_TSS_2_AND_CBS_TSS_3_AND_CBS_TSS_4	2024	84655	TRUE	3.509806472263697e-25	-0.5265039394318496	TRUE	2128	3	4.281383793243539
ENSG00000160194	CBS_TSS_2_AND_CBS_TSS_3_AND_CBS_TSS_4	2123	90836	TRUE	1.4072987767039836e-23	-0.4402380819347207	TRUE	2128	3	15.147129597799932
ENSG00000184900	CBS_TSS_2_AND_CBS_TSS_3_AND_CBS_TSS_4	2116	89959	TRUE	2.1924976683982223e-18	-0.4039382837766796	TRUE	2128	3	9.521557965353084
ENSG00000160208	CBS_TSS_2_AND_CBS_TSS_3_AND_CBS_TSS_4	1437	58506	TRUE	1.323359425950629e-16	-0.5931204391913137	TRUE	2128	3	1.3658760169588633
ENSG00000160214	CBS_TSS_2_AND_CBS_TSS_3_AND_CBS_TSS_4	2033	85726	TRUE	1.3920094387750384e-16	-0.6520486531102634	TRUE	2128	3	8.379824369511548
ENSG00000184787	CBS_TSS_2_AND_CBS_TSS_3_AND_CBS_TSS_4	1875	78189	TRUE	3.703904840766159e-16	-0.5703500207069272	TRUE	2128	3	3.2957592424763273
ENSG00000183255	CBS_TSS_2_AND_CBS_TSS_3_AND_CBS_TSS_4	1943	81693	TRUE	5.049854671502033e-16	-0.40154609552821907	TRUE	2128	3	3.3954290238236613
ENSG00000160201	CBS_TSS_2_AND_CBS_TSS_3_AND_CBS_TSS_4	159	6341	TRUE	0.005493680542484468	-0.6440830021507562	TRUE	2128	3	0.07659614362948843
ENSG00000160221	CBS_TSS_2_AND_CBS_TSS_3_AND_CBS_TSS_4	554	21418	TRUE	0.011324844946193915	-0.3963641325412386	TRUE	2128	3	0.29623842411742035
ENSG00000160200	CBS_TSS_2_AND_CBS_TSS_3_AND_CBS_TSS_4	37	1501	TRUE	0.06	-0.8548367965111101	TRUE	2128	3	0.01742762794670667
ENSG00000184900	CBS_TSS_2_AND_CBS_TSS_3_AND_CBS_TSS_4	2116	89959	TRUE	4.3748533019617797e-32	-0.5117716056822537	TRUE	2128	4	9.521557965353084
ENSG00000160213	CBS_TSS_2_AND_CBS_TSS_3_AND_CBS_TSS_4	2125	91137	TRUE	7.549645381997965e-32	-0.46767514131720844	TRUE	2128	4	35.09843015927581
ENSG00000160194	CBS_TSS_2_AND_CBS_TSS_3_AND_CBS_TSS_4	2123	90836	TRUE	1.7625902945727355e-23	-0.4718312066300374	TRUE	2128	4	15.147129597799932
ENSG00000160214	CBS_TSS_2_AND_CBS_TSS_3_AND_CBS_TSS_4	2033	85726	TRUE	6.950971858029006e-21	-0.6505906489024023	TRUE	2128	4	8.379824369511548
ENSG00000160209	CBS_TSS_2_AND_CBS_TSS_3_AND_CBS_TSS_4	2024	84655	TRUE	1.858565245994299e-18	-0.48238013660497425	TRUE	2128	4	4.281383793243539
ENSG00000183255	CBS_TSS_2_AND_CBS_TSS_3_AND_CBS_TSS_4	1943	81693	TRUE	6.2591330720458e-13	-0.37123828284903326	TRUE	2128	4	3.3954290238236613
ENSG00000160208	CBS_TSS_2_AND_CBS_TSS_3_AND_CBS_TSS_4	1437	58506	TRUE	5.2959732867864875e-9	-0.4853011568212017	TRUE	2128	4	1.3658760169588633
ENSG00000184787	CBS_TSS_2_AND_CBS_TSS_3_AND_CBS_TSS_4	1875	78189	TRUE	4e-4	-0.6234682193167558	TRUE	2128	4	3.2957592424763273
ENSG00000160221	CBS_TSS_2_AND_CBS_TSS_3_AND_CBS_TSS_4	554	21418	TRUE	0.007018820634539838	-0.4238973162973836	TRUE	2128	4	0.29623842411742035
ENSG00000160201	CBS_TSS_2_AND_CBS_TSS_3_AND_CBS_TSS_4	159	6341	TRUE	0.044	-0.5227767059286226	TRUE	2128	4	0.07659614362948843
ENSG00000160200	CBS_TSS_2_AND_CBS_TSS_3_AND_CBS_TSS_4	37	1501	TRUE	0.964	-0.3340046332096698	FALSE	2128	4	0.01742762794670667
ENSG00000160194	CBS_TSS_2_AND_CBS_TSS_3_AND_CBS_TSS_4	2123	90836	TRUE	9.633926942233117e-46	-0.5936701596806198	TRUE	2128	5	15.147129597799932
ENSG00000184900	CBS_TSS_2_AND_CBS_TSS_3_AND_CBS_TSS_4	2116	89959	TRUE	4.1325973271096045e-40	-0.5380057303440688	TRUE	2128	5	9.521557965353084
ENSG00000183255	CBS_TSS_2_AND_CBS_TSS_3_AND_CBS_TSS_4	1943	81693	TRUE	2.0399449970949602e-30	-0.5063872398657923	TRUE	2128	5	3.3954290238236613
ENSG00000160213	CBS_TSS_2_AND_CBS_TSS_3_AND_CBS_TSS_4	2125	91137	TRUE	1.3240512604165632e-26	-0.45307654029657574	TRUE	2128	5	35.09843015927581
ENSG00000160214	CBS_TSS_2_AND_CBS_TSS_3_AND_CBS_TSS_4	2033	85726	TRUE	1.3687841110851864e-25	-0.7302070219481398	TRUE	2128	5	8.379824369511548
ENSG00000160209	CBS_TSS_2_AND_CBS_TSS_3_AND_CBS_TSS_4	2024	84655	TRUE	1.3058804786096166e-15	-0.4503476683215655	TRUE	2128	5	4.281383793243539
ENSG00000160221	CBS_TSS_2_AND_CBS_TSS_3_AND_CBS_TSS_4	554	21418	TRUE	9.65824619971118e-8	-0.570043932139888	TRUE	2128	5	0.29623842411742035
ENSG00000160208	CBS_TSS_2_AND_CBS_TSS_3_AND_CBS_TSS_4	1437	58506	TRUE	4e-4	-0.5693283189138436	TRUE	2128	5	1.3658760169588633
ENSG00000184787	CBS_TSS_2_AND_CBS_TSS_3_AND_CBS_TSS_4	1875	78189	TRUE	4e-4	-0.6589283898894838	TRUE	2128	5	3.2957592424763273
ENSG00000160201	CBS_TSS_2_AND_CBS_TSS_3_AND_CBS_TSS_4	159	6341	TRUE	7.675007695426457e-4	-0.7904724891322799	TRUE	2128	5	0.07659614362948843
ENSG00000160200	CBS_TSS_2_AND_CBS_TSS_3_AND_CBS_TSS_4	37	1501	TRUE	0.328	-0.623511250404654	FALSE	2128	5	0.01742762794670667
ENSG00000160209	CBS_TSS_2_AND_CBS_TSS_3_AND_CBS_TSS_4	2024	84655	TRUE	5.819955400725535e-24	-0.5223612372575388	TRUE	2128	6	4.281383793243539
ENSG00000160194	CBS_TSS_2_AND_CBS_TSS_3_AND_CBS_TSS_4	2123	90836	TRUE	2.8983108809274855e-23	-0.48697506064400686	TRUE	2128	6	15.147129597799932
ENSG00000160213	CBS_TSS_2_AND_CBS_TSS_3_AND_CBS_TSS_4	2125	91137	TRUE	1.3497612815939097e-21	-0.4200711836477913	TRUE	2128	6	35.09843015927581
ENSG00000184900	CBS_TSS_2_AND_CBS_TSS_3_AND_CBS_TSS_4	2116	89959	TRUE	2.1240461449249397e-21	-0.43768655978829685	TRUE	2128	6	9.521557965353084
ENSG00000183255	CBS_TSS_2_AND_CBS_TSS_3_AND_CBS_TSS_4	1943	81693	TRUE	4.134733061028593e-17	-0.43673252297428267	TRUE	2128	6	3.3954290238236613
ENSG00000160214	CBS_TSS_2_AND_CBS_TSS_3_AND_CBS_TSS_4	2033	85726	TRUE	1.7603139186568318e-12	-0.6062169110546032	TRUE	2128	6	8.379824369511548
ENSG00000160208	CBS_TSS_2_AND_CBS_TSS_3_AND_CBS_TSS_4	1437	58506	TRUE	8.309534389528062e-10	-0.4853011568212017	TRUE	2128	6	1.3658760169588633
ENSG00000160221	CBS_TSS_2_AND_CBS_TSS_3_AND_CBS_TSS_4	554	21418	TRUE	1.33332263951983e-5	-0.5068501056526937	TRUE	2128	6	0.29623842411742035
ENSG00000184787	CBS_TSS_2_AND_CBS_TSS_3_AND_CBS_TSS_4	1875	78189	TRUE	4e-4	-0.6383533001953174	TRUE	2128	6	3.2957592424763273
ENSG00000160201	CBS_TSS_2_AND_CBS_TSS_3_AND_CBS_TSS_4	159	6341	TRUE	0.014960811657176526	-0.5581097790409038	TRUE	2128	6	0.07659614362948843
ENSG00000160200	CBS_TSS_2_AND_CBS_TSS_3_AND_CBS_TSS_4	37	1501	TRUE	0.524	-0.5204177574405513	FALSE	2128	6	0.01742762794670667
ENSG00000160194	CBS_TSS_2_AND_CBS_TSS_3_AND_CBS_TSS_4	2123	90836	TRUE	2.0938493124021996e-38	-0.5357504690508437	TRUE	2128	7	15.147129597799932
ENSG00000184900	CBS_TSS_2_AND_CBS_TSS_3_AND_CBS_TSS_4	2116	89959	TRUE	1.8551258099987564e-36	-0.5253500121827943	TRUE	2128	7	9.521557965353084
ENSG00000160209	CBS_TSS_2_AND_CBS_TSS_3_AND_CBS_TSS_4	2024	84655	TRUE	6.018531076210112e-35	-0.5737335975260862	TRUE	2128	7	4.281383793243539
ENSG00000160214	CBS_TSS_2_AND_CBS_TSS_3_AND_CBS_TSS_4	2033	85726	TRUE	3.129636159629258e-33	-0.7826788291672533	TRUE	2128	7	8.379824369511548
ENSG00000160213	CBS_TSS_2_AND_CBS_TSS_3_AND_CBS_TSS_4	2125	91137	TRUE	1.2315456835810475e-24	-0.4322470946990258	TRUE	2128	7	35.09843015927581
ENSG00000184787	CBS_TSS_2_AND_CBS_TSS_3_AND_CBS_TSS_4	1875	78189	TRUE	5.57689983054257e-20	-0.5750238343601972	TRUE	2128	7	3.2957592424763273
ENSG00000183255	CBS_TSS_2_AND_CBS_TSS_3_AND_CBS_TSS_4	1943	81693	TRUE	1.29792360489925e-14	-0.38920184655938717	TRUE	2128	7	3.3954290238236613
ENSG00000160208	CBS_TSS_2_AND_CBS_TSS_3_AND_CBS_TSS_4	1437	58506	TRUE	4.099639731232543e-13	-0.5427011859999741	TRUE	2128	7	1.3658760169588633
ENSG00000160221	CBS_TSS_2_AND_CBS_TSS_3_AND_CBS_TSS_4	554	21418	TRUE	3.357799757617479e-8	-0.6297068534382273	TRUE	2128	7	0.29623842411742035
ENSG00000160201	CBS_TSS_2_AND_CBS_TSS_3_AND_CBS_TSS_4	159	6341	TRUE	9.100937395233009e-4	-0.7490525617522987	TRUE	2128	7	0.07659614362948843
ENSG00000160200	CBS_TSS_2_AND_CBS_TSS_3_AND_CBS_TSS_4	37	1501	TRUE	0.006924207904203422	-1.208473751125811	TRUE	2128	7	0.01742762794670667
ENSG00000160214	CBS_TSS_2_AND_CBS_TSS_3_AND_CBS_TSS_4	2033	85726	TRUE	2.2921964927475204e-29	-0.7526507238688631	TRUE	2128	8	8.379824369511548
ENSG00000160213	CBS_TSS_2_AND_CBS_TSS_3_AND_CBS_TSS_4	2125	91137	TRUE	4.755564179016018e-28	-0.45882087518064374	TRUE	2128	8	35.09843015927581
ENSG00000183255	CBS_TSS_2_AND_CBS_TSS_3_AND_CBS_TSS_4	1943	81693	TRUE	2.1263380590137236e-24	-0.48588263848457314	TRUE	2128	8	3.3954290238236613
ENSG00000184900	CBS_TSS_2_AND_CBS_TSS_3_AND_CBS_TSS_4	2116	89959	TRUE	2.960542603025919e-24	-0.45580907892971734	TRUE	2128	8	9.521557965353084
ENSG00000160209	CBS_TSS_2_AND_CBS_TSS_3_AND_CBS_TSS_4	2024	84655	TRUE	4.703845047470405e-24	-0.5300346135750686	TRUE	2128	8	4.281383793243539
ENSG00000160194	CBS_TSS_2_AND_CBS_TSS_3_AND_CBS_TSS_4	2123	90836	TRUE	1.1521903662665693e-23	-0.46122310706405667	TRUE	2128	8	15.147129597799932
ENSG00000184787	CBS_TSS_2_AND_CBS_TSS_3_AND_CBS_TSS_4	1875	78189	TRUE	3.0091712989919006e-18	-0.6000230262317996	TRUE	2128	8	3.2957592424763273
ENSG00000160221	CBS_TSS_2_AND_CBS_TSS_3_AND_CBS_TSS_4	554	21418	TRUE	1.3269986479793466e-5	-0.5097973897030306	TRUE	2128	8	0.29623842411742035
ENSG00000160208	CBS_TSS_2_AND_CBS_TSS_3_AND_CBS_TSS_4	1437	58506	TRUE	4e-4	-0.5951209410707506	TRUE	2128	8	1.3658760169588633
ENSG00000160200	CBS_TSS_2_AND_CBS_TSS_3_AND_CBS_TSS_4	37	1501	TRUE	0.0020648545597659745	-1.3783987525681232	TRUE	2128	8	0.01742762794670667
ENSG00000160201	CBS_TSS_2_AND_CBS_TSS_3_AND_CBS_TSS_4	159	6341	TRUE	0.088	-0.4657457608922444	TRUE	2128	8	0.07659614362948843
ENSG00000160213	CBS_TSS_2_AND_CBS_TSS_3_AND_CBS_TSS_4	2125	91137	TRUE	2.0703746902162785e-33	-0.4910527409827692	TRUE	2128	9	35.09843015927581
ENSG00000160194	CBS_TSS_2_AND_CBS_TSS_3_AND_CBS_TSS_4	2123	90836	TRUE	5.4506706321075355e-30	-0.48743298638690513	TRUE	2128	9	15.147129597799932
ENSG00000184900	CBS_TSS_2_AND_CBS_TSS_3_AND_CBS_TSS_4	2116	89959	TRUE	5.68917460276638e-23	-0.4226976159417557	TRUE	2128	9	9.521557965353084
ENSG00000183255	CBS_TSS_2_AND_CBS_TSS_3_AND_CBS_TSS_4	1943	81693	TRUE	1.285243236351302e-22	-0.4610982834620141	TRUE	2128	9	3.3954290238236613
ENSG00000160209	CBS_TSS_2_AND_CBS_TSS_3_AND_CBS_TSS_4	2024	84655	TRUE	3.1367966086310303e-20	-0.5059083713768247	TRUE	2128	9	4.281383793243539
ENSG00000160214	CBS_TSS_2_AND_CBS_TSS_3_AND_CBS_TSS_4	2033	85726	TRUE	2.811627909562228e-19	-0.6810644736728002	TRUE	2128	9	8.379824369511548
ENSG00000160208	CBS_TSS_2_AND_CBS_TSS_3_AND_CBS_TSS_4	1437	58506	TRUE	9.785344516203898e-12	-0.5420578437191285	TRUE	2128	9	1.3658760169588633
ENSG00000160221	CBS_TSS_2_AND_CBS_TSS_3_AND_CBS_TSS_4	554	21418	TRUE	1.2797064888102345e-9	-0.6753037198783383	TRUE	2128	9	0.29623842411742035
ENSG00000184787	CBS_TSS_2_AND_CBS_TSS_3_AND_CBS_TSS_4	1875	78189	TRUE	4e-4	-0.5615931195215651	TRUE	2128	9	3.2957592424763273
ENSG00000160201	CBS_TSS_2_AND_CBS_TSS_3_AND_CBS_TSS_4	159	6341	TRUE	0.021928853324379327	-0.5700824207069797	TRUE	2128	9	0.07659614362948843
ENSG00000160200	CBS_TSS_2_AND_CBS_TSS_3_AND_CBS_TSS_4	37	1501	TRUE	0.704	-0.37839875256812316	FALSE	2128	9	0.01742762794670667
ENSG00000184900	CBS_TSS_2_AND_CBS_TSS_3_AND_CBS_TSS_4	2116	89959	TRUE	3.1867292070459895e-38	-0.5957251292001233	TRUE	2128	10	9.521557965353084
ENSG00000160213	CBS_TSS_2_AND_CBS_TSS_3_AND_CBS_TSS_4	2125	91137	TRUE	1.2676290970699322e-36	-0.5317335879986205	TRUE	2128	10	35.09843015927581
ENSG00000160194	CBS_TSS_2_AND_CBS_TSS_3_AND_CBS_TSS_4	2123	90836	TRUE	4.552236115149589e-25	-0.4705292118411357	TRUE	2128	10	15.147129597799932
ENSG00000160209	CBS_TSS_2_AND_CBS_TSS_3_AND_CBS_TSS_4	2024	84655	TRUE	1.8273992486438564e-20	-0.5052950240817269	TRUE	2128	10	4.281383793243539
ENSG00000160214	CBS_TSS_2_AND_CBS_TSS_3_AND_CBS_TSS_4	2033	85726	TRUE	8.431706144705814e-20	-0.6738695418732852	TRUE	2128	10	8.379824369511548
ENSG00000183255	CBS_TSS_2_AND_CBS_TSS_3_AND_CBS_TSS_4	1943	81693	TRUE	3.628402155368468e-16	-0.4194011573679466	TRUE	2128	10	3.3954290238236613
ENSG00000160221	CBS_TSS_2_AND_CBS_TSS_3_AND_CBS_TSS_4	554	21418	TRUE	2.1019302619150824e-8	-0.6523251561002459	TRUE	2128	10	0.29623842411742035
ENSG00000160208	CBS_TSS_2_AND_CBS_TSS_3_AND_CBS_TSS_4	1437	58506	TRUE	4e-4	-0.4927409414609184	TRUE	2128	10	1.3658760169588633
ENSG00000184787	CBS_TSS_2_AND_CBS_TSS_3_AND_CBS_TSS_4	1875	78189	TRUE	4e-4	-0.5844171328424772	TRUE	2128	10	3.2957592424763273
ENSG00000160201	CBS_TSS_2_AND_CBS_TSS_3_AND_CBS_TSS_4	159	6341	TRUE	0.010172019670491916	-0.5943299669536568	TRUE	2128	10	0.07659614362948843
ENSG00000160200	CBS_TSS_2_AND_CBS_TSS_3_AND_CBS_TSS_4	37	1501	TRUE	0.752	-0.37839875256812316	FALSE	2128	10	0.01742762794670667
ENSG00000183255	CBS_TSS_2_AND_CBS_TSS_3_AND_CBS_TSS_4	1943	81693	TRUE	3.5559375613522104e-32	-0.5493688293378485	TRUE	2128	11	3.3954290238236613
ENSG00000160194	CBS_TSS_2_AND_CBS_TSS_3_AND_CBS_TSS_4	2123	90836	TRUE	4.318789374158052e-29	-0.4981209421320014	TRUE	2128	11	15.147129597799932
ENSG00000184900	CBS_TSS_2_AND_CBS_TSS_3_AND_CBS_TSS_4	2116	89959	TRUE	9.614121790224175e-29	-0.49265907804971043	TRUE	2128	11	9.521557965353084
ENSG00000160209	CBS_TSS_2_AND_CBS_TSS_3_AND_CBS_TSS_4	2024	84655	TRUE	7.858410470682126e-27	-0.5495039127161891	TRUE	2128	11	4.281383793243539
ENSG00000160214	CBS_TSS_2_AND_CBS_TSS_3_AND_CBS_TSS_4	2033	85726	TRUE	7.558295322585767e-19	-0.7011246448076895	TRUE	2128	11	8.379824369511548
ENSG00000160213	CBS_TSS_2_AND_CBS_TSS_3_AND_CBS_TSS_4	2125	91137	TRUE	4.5739659557151184e-14	-0.3888865080761752	TRUE	2128	11	35.09843015927581
ENSG00000184787	CBS_TSS_2_AND_CBS_TSS_3_AND_CBS_TSS_4	1875	78189	TRUE	1.2828546359905066e-13	-0.5281534570527195	TRUE	2128	11	3.2957592424763273
ENSG00000160221	CBS_TSS_2_AND_CBS_TSS_3_AND_CBS_TSS_4	554	21418	TRUE	9.431362833523275e-7	-0.536597449046746	TRUE	2128	11	0.29623842411742035
ENSG00000160201	CBS_TSS_2_AND_CBS_TSS_3_AND_CBS_TSS_4	159	6341	TRUE	3.310343919942036e-5	-0.8770601741283706	TRUE	2128	11	0.07659614362948843
ENSG00000160208	CBS_TSS_2_AND_CBS_TSS_3_AND_CBS_TSS_4	1437	58506	TRUE	4e-4	-0.6011391446381671	TRUE	2128	11	1.3658760169588633
ENSG00000160200	CBS_TSS_2_AND_CBS_TSS_3_AND_CBS_TSS_4	37	1501	TRUE	0.096	-0.8548367965111101	TRUE	2128	11	0.01742762794670667
ENSG00000184900	CBS_TSS_2_AND_CBS_TSS_3_AND_CBS_TSS_4	2116	89959	TRUE	2.756499814367205e-39	-0.5295245897239473	TRUE	2128	12	9.521557965353084
ENSG00000160194	CBS_TSS_2_AND_CBS_TSS_3_AND_CBS_TSS_4	2123	90836	TRUE	1.3697213764482021e-30	-0.4770509678597845	TRUE	2128	12	15.147129597799932
ENSG00000160213	CBS_TSS_2_AND_CBS_TSS_3_AND_CBS_TSS_4	2125	91137	TRUE	2.0321056918493264e-27	-0.43733697812532046	TRUE	2128	12	35.09843015927581
ENSG00000160214	CBS_TSS_2_AND_CBS_TSS_3_AND_CBS_TSS_4	2033	85726	TRUE	7.101564167655278e-23	-0.6904833760259148	TRUE	2128	12	8.379824369511548
ENSG00000184787	CBS_TSS_2_AND_CBS_TSS_3_AND_CBS_TSS_4	1875	78189	TRUE	4.143370670005095e-20	-0.569252496849592	TRUE	2128	12	3.2957592424763273
ENSG00000160209	CBS_TSS_2_AND_CBS_TSS_3_AND_CBS_TSS_4	2024	84655	TRUE	5.1336751969575405e-20	-0.48177670890392665	TRUE	2128	12	4.281383793243539
ENSG00000183255	CBS_TSS_2_AND_CBS_TSS_3_AND_CBS_TSS_4	1943	81693	TRUE	3.3914412707933664e-19	-0.4277932479929756	TRUE	2128	12	3.3954290238236613
ENSG00000160221	CBS_TSS_2_AND_CBS_TSS_3_AND_CBS_TSS_4	554	21418	TRUE	2.3240218357095407e-7	-0.5762093049456025	TRUE	2128	12	0.29623842411742035
ENSG00000160201	CBS_TSS_2_AND_CBS_TSS_3_AND_CBS_TSS_4	159	6341	TRUE	1.3445937111537624e-4	-0.8187615335637037	TRUE	2128	12	0.07659614362948843
ENSG00000160208	CBS_TSS_2_AND_CBS_TSS_3_AND_CBS_TSS_4	1437	58506	TRUE	4e-4	-0.5667088083605181	TRUE	2128	12	1.3658760169588633
ENSG00000160200	CBS_TSS_2_AND_CBS_TSS_3_AND_CBS_TSS_4	37	1501	TRUE	0.26	-0.623511250404654	FALSE	2128	12	0.01742762794670667
ENSG00000160209	CBS_TSS_2_AND_CBS_TSS_3_AND_CBS_TSS_4	2024	84655	TRUE	4.4005806517383155e-34	-0.5780266970811763	TRUE	2128	13	4.281383793243539
ENSG00000160213	CBS_TSS_2_AND_CBS_TSS_3_AND_CBS_TSS_4	2125	91137	TRUE	5.4052024345779386e-33	-0.4892485532655604	TRUE	2128	13	35.09843015927581
ENSG00000160194	CBS_TSS_2_AND_CBS_TSS_3_AND_CBS_TSS_4	2123	90836	TRUE	2.590276703625194e-32	-0.5407912337504621	TRUE	2128	13	15.147129597799932
ENSG00000160208	CBS_TSS_2_AND_CBS_TSS_3_AND_CBS_TSS_4	1437	58506	TRUE	1.1284048296829306e-18	-0.6146034984648294	TRUE	2128	13	1.3658760169588633
ENSG00000183255	CBS_TSS_2_AND_CBS_TSS_3_AND_CBS_TSS_4	1943	81693	TRUE	1.525735270010429e-16	-0.4159597295012081	TRUE	2128	13	3.3954290238236613
ENSG00000184900	CBS_TSS_2_AND_CBS_TSS_3_AND_CBS_TSS_4	2116	89959	TRUE	1.602658844582886e-15	-0.37667611796634315	TRUE	2128	13	9.521557965353084
ENSG00000160214	CBS_TSS_2_AND_CBS_TSS_3_AND_CBS_TSS_4	2033	85726	TRUE	5.885698215388217e-10	-0.5635894595170439	TRUE	2128	13	8.379824369511548
ENSG00000184787	CBS_TSS_2_AND_CBS_TSS_3_AND_CBS_TSS_4	1875	78189	TRUE	4e-4	-0.6618500090347641	TRUE	2128	13	3.2957592424763273
ENSG00000160221	CBS_TSS_2_AND_CBS_TSS_3_AND_CBS_TSS_4	554	21418	TRUE	5.783748808671323e-4	-0.4519661985795693	TRUE	2128	13	0.29623842411742035
ENSG00000160201	CBS_TSS_2_AND_CBS_TSS_3_AND_CBS_TSS_4	159	6341	TRUE	0.00520048053080735	-0.6440830021507562	TRUE	2128	13	0.07659614362948843
ENSG00000160200	CBS_TSS_2_AND_CBS_TSS_3_AND_CBS_TSS_4	37	1501	TRUE	0.256	-0.6779590344270305	FALSE	2128	13	0.01742762794670667
ENSG00000160213	CBS_TSS_2_AND_CBS_TSS_3_AND_CBS_TSS_4	2125	91137	TRUE	1.3717619024568899e-28	-0.47289179263834846	TRUE	2128	14	35.09843015927581
ENSG00000183255	CBS_TSS_2_AND_CBS_TSS_3_AND_CBS_TSS_4	1943	81693	TRUE	1.0122341545502983e-17	-0.4238379472539897	TRUE	2128	14	3.3954290238236613
ENSG00000160214	CBS_TSS_2_AND_CBS_TSS_3_AND_CBS_TSS_4	2033	85726	TRUE	3.826588046650915e-17	-0.6176760264296672	TRUE	2128	14	8.379824369511548
ENSG00000184900	CBS_TSS_2_AND_CBS_TSS_3_AND_CBS_TSS_4	2116	89959	TRUE	5.261233523442526e-17	-0.39145109360567565	TRUE	2128	14	9.521557965353084
ENSG00000160194	CBS_TSS_2_AND_CBS_TSS_3_AND_CBS_TSS_4	2123	90836	TRUE	9.072441271455559e-17	-0.384001956485597	TRUE	2128	14	15.147129597799932
ENSG00000184787	CBS_TSS_2_AND_CBS_TSS_3_AND_CBS_TSS_4	1875	78189	TRUE	4.2245542243055243e-16	-0.5445067674278943	TRUE	2128	14	3.2957592424763273
ENSG00000160209	CBS_TSS_2_AND_CBS_TSS_3_AND_CBS_TSS_4	2024	84655	TRUE	5.502290603504872e-14	-0.41978136453503634	TRUE	2128	14	4.281383793243539
ENSG00000160208	CBS_TSS_2_AND_CBS_TSS_3_AND_CBS_TSS_4	1437	58506	TRUE	4e-4	-0.5318031934123166	TRUE	2128	14	1.3658760169588633
ENSG00000160221	CBS_TSS_2_AND_CBS_TSS_3_AND_CBS_TSS_4	554	21418	TRUE	6.827157988183556e-4	-0.4548033578830988	TRUE	2128	14	0.29623842411742035
ENSG00000160201	CBS_TSS_2_AND_CBS_TSS_3_AND_CBS_TSS_4	159	6341	TRUE	0.004886139122817074	-0.6440830021507562	TRUE	2128	14	0.07659614362948843
ENSG00000160200	CBS_TSS_2_AND_CBS_TSS_3_AND_CBS_TSS_4	37	1501	TRUE	0.704	-0.208473751125811	FALSE	2128	14	0.01742762794670667
ENSG00000184900	CBS_TSS_2_AND_CBS_TSS_3_AND_CBS_TSS_4	2116	89959	TRUE	1.1098283837452551e-42	-0.5487499680855814	TRUE	2128	15	9.521557965353084
ENSG00000160194	CBS_TSS_2_AND_CBS_TSS_3_AND_CBS_TSS_4	2123	90836	TRUE	1.5997852638849238e-28	-0.46094203884814533	TRUE	2128	15	15.147129597799932
ENSG00000183255	CBS_TSS_2_AND_CBS_TSS_3_AND_CBS_TSS_4	1943	81693	TRUE	2.2180825776686954e-25	-0.483050542375703	TRUE	2128	15	3.3954290238236613
ENSG00000160213	CBS_TSS_2_AND_CBS_TSS_3_AND_CBS_TSS_4	2125	91137	TRUE	9.183790468685921e-25	-0.42011827053186135	TRUE	2128	15	35.09843015927581
ENSG00000160214	CBS_TSS_2_AND_CBS_TSS_3_AND_CBS_TSS_4	2033	85726	TRUE	2.854885722728669e-23	-0.70437893291477	TRUE	2128	15	8.379824369511548
ENSG00000184787	CBS_TSS_2_AND_CBS_TSS_3_AND_CBS_TSS_4	1875	78189	TRUE	1.3883303677552333e-20	-0.5703500207069272	TRUE	2128	15	3.2957592424763273
ENSG00000160208	CBS_TSS_2_AND_CBS_TSS_3_AND_CBS_TSS_4	1437	58506	TRUE	3.479076454693409e-18	-0.6051652729466277	TRUE	2128	15	1.3658760169588633
ENSG00000160209	CBS_TSS_2_AND_CBS_TSS_3_AND_CBS_TSS_4	2024	84655	TRUE	2.2130138383286668e-13	-0.41574154645981687	TRUE	2128	15	4.281383793243539
ENSG00000160221	CBS_TSS_2_AND_CBS_TSS_3_AND_CBS_TSS_4	554	21418	TRUE	9.513766763516343e-8	-0.5886196613950281	TRUE	2128	15	0.29623842411742035
ENSG00000160201	CBS_TSS_2_AND_CBS_TSS_3_AND_CBS_TSS_4	159	6341	TRUE	0.024	-0.6314829653711227	TRUE	2128	15	0.07659614362948843
ENSG00000160200	CBS_TSS_2_AND_CBS_TSS_3_AND_CBS_TSS_4	37	1501	TRUE	0.7	-0.208473751125811	FALSE	2128	15	0.01742762794670667
ENSG00000160213	CBS_TSS_2_AND_CBS_TSS_3_AND_CBS_TSS_4	2125	91137	TRUE	6.56858655152258e-46	-0.566150986943633	TRUE	2128	16	35.09843015927581
ENSG00000184900	CBS_TSS_2_AND_CBS_TSS_3_AND_CBS_TSS_4	2116	89959	TRUE	7.222237291452134e-32	-0.48462381714136127	TRUE	2128	16	9.521557965353084
ENSG00000160194	CBS_TSS_2_AND_CBS_TSS_3_AND_CBS_TSS_4	2123	90836	TRUE	1.102381409605147e-25	-0.4677028355729802	TRUE	2128	16	15.147129597799932
ENSG00000183255	CBS_TSS_2_AND_CBS_TSS_3_AND_CBS_TSS_4	1943	81693	TRUE	8.8783139439004e-25	-0.4492407948503063	TRUE	2128	16	3.3954290238236613
ENSG00000160214	CBS_TSS_2_AND_CBS_TSS_3_AND_CBS_TSS_4	2033	85726	TRUE	1.466843718590693e-24	-0.7178222850345919	TRUE	2128	16	8.379824369511548
ENSG00000160209	CBS_TSS_2_AND_CBS_TSS_3_AND_CBS_TSS_4	2024	84655	TRUE	4.8654147080351394e-24	-0.5052950240817269	TRUE	2128	16	4.281383793243539
ENSG00000160221	CBS_TSS_2_AND_CBS_TSS_3_AND_CBS_TSS_4	554	21418	TRUE	3.733833404815246e-5	-0.5097973897030306	TRUE	2128	16	0.29623842411742035
ENSG00000160208	CBS_TSS_2_AND_CBS_TSS_3_AND_CBS_TSS_4	1437	58506	TRUE	4e-4	-0.5911227074515293	TRUE	2128	16	1.3658760169588633
ENSG00000184787	CBS_TSS_2_AND_CBS_TSS_3_AND_CBS_TSS_4	1875	78189	TRUE	4e-4	-0.6211917769653175	TRUE	2128	16	3.2957592424763273
ENSG00000160201	CBS_TSS_2_AND_CBS_TSS_3_AND_CBS_TSS_4	159	6341	TRUE	0.008135609303937974	-0.6189920211879265	TRUE	2128	16	0.07659614362948843
ENSG00000160200	CBS_TSS_2_AND_CBS_TSS_3_AND_CBS_TSS_4	37	1501	TRUE	0.032	-0.9189671339308259	TRUE	2128	16	0.01742762794670667
ENSG00000184900	CBS_TSS_2_AND_CBS_TSS_3_AND_CBS_TSS_4	2116	89959	TRUE	2.2032134058231987e-45	-0.5792076161843043	TRUE	2128	17	9.521557965353084
ENSG00000160213	CBS_TSS_2_AND_CBS_TSS_3_AND_CBS_TSS_4	2125	91137	TRUE	3.147661630815149e-38	-0.516727389731007	TRUE	2128	17	35.09843015927581
ENSG00000160209	CBS_TSS_2_AND_CBS_TSS_3_AND_CBS_TSS_4	2024	84655	TRUE	3.3847979836921945e-28	-0.5568996559620176	TRUE	2128	17	4.281383793243539
ENSG00000160194	CBS_TSS_2_AND_CBS_TSS_3_AND_CBS_TSS_4	2123	90836	TRUE	6.659071956405183e-26	-0.4696241688530458	TRUE	2128	17	15.147129597799932
ENSG00000160214	CBS_TSS_2_AND_CBS_TSS_3_AND_CBS_TSS_4	2033	85726	TRUE	7.96339821570906e-21	-0.6660303323013759	TRUE	2128	17	8.379824369511548
ENSG00000183255	CBS_TSS_2_AND_CBS_TSS_3_AND_CBS_TSS_4	1943	81693	TRUE	3.4489905225845484e-18	-0.4392255165804386	TRUE	2128	17	3.3954290238236613
ENSG00000160221	CBS_TSS_2_AND_CBS_TSS_3_AND_CBS_TSS_4	554	21418	TRUE	3.3595414651553784e-4	-0.4690734548497373	TRUE	2128	17	0.29623842411742035
ENSG00000160208	CBS_TSS_2_AND_CBS_TSS_3_AND_CBS_TSS_4	1437	58506	TRUE	4e-4	-0.6281946968704603	TRUE	2128	17	1.3658760169588633
ENSG00000184787	CBS_TSS_2_AND_CBS_TSS_3_AND_CBS_TSS_4	1875	78189	TRUE	4e-4	-0.6090170630192153	TRUE	2128	17	3.2957592424763273
ENSG00000160201	CBS_TSS_2_AND_CBS_TSS_3_AND_CBS_TSS_4	159	6341	TRUE	0.26	-0.38951017506515884	FALSE	2128	17	0.07659614362948843
ENSG00000160200	CBS_TSS_2_AND_CBS_TSS_3_AND_CBS_TSS_4	37	1501	TRUE	0.328	-0.5710438305105185	FALSE	2128	17	0.01742762794670667
ENSG00000160213	CBS_TSS_2_AND_CBS_TSS_3_AND_CBS_TSS_4	2125	91137	TRUE	1.2991056397300307e-46	-0.5711877610128804	TRUE	2128	18	35.09843015927581
ENSG00000184900	CBS_TSS_2_AND_CBS_TSS_3_AND_CBS_TSS_4	2116	89959	TRUE	5.17333264555848e-31	-0.49720446403139285	TRUE	2128	18	9.521557965353084
ENSG00000160194	CBS_TSS_2_AND_CBS_TSS_3_AND_CBS_TSS_4	2123	90836	TRUE	4.002553459311744e-23	-0.46122310706405667	TRUE	2128	18	15.147129597799932
ENSG00000160209	CBS_TSS_2_AND_CBS_TSS_3_AND_CBS_TSS_4	2024	84655	TRUE	9.212315577841462e-23	-0.545294733826988	TRUE	2128	18	4.281383793243539
ENSG00000183255	CBS_TSS_2_AND_CBS_TSS_3_AND_CBS_TSS_4	1943	81693	TRUE	4.023656767655257e-20	-0.46388757081470766	TRUE	2128	18	3.3954290238236613
ENSG00000160214	CBS_TSS_2_AND_CBS_TSS_3_AND_CBS_TSS_4	2033	85726	TRUE	2.4179082526790917e-16	-0.6519364466127624	TRUE	2128	18	8.379824369511548
ENSG00000160208	CBS_TSS_2_AND_CBS_TSS_3_AND_CBS_TSS_4	1437	58506	TRUE	4e-4	-0.5798541844174403	TRUE	2128	18	1.3658760169588633
ENSG00000184787	CBS_TSS_2_AND_CBS_TSS_3_AND_CBS_TSS_4	1875	78189	TRUE	4e-4	-0.4931278359801843	TRUE	2128	18	3.2957592424763273
ENSG00000160200	CBS_TSS_2_AND_CBS_TSS_3_AND_CBS_TSS_4	37	1501	TRUE	8.435394140265534e-4	-1.3783987525681232	TRUE	2128	18	0.01742762794670667
ENSG00000160221	CBS_TSS_2_AND_CBS_TSS_3_AND_CBS_TSS_4	554	21418	TRUE	0.0025271943260875614	-0.43786349546138625	TRUE	2128	18	0.29623842411742035
ENSG00000160201	CBS_TSS_2_AND_CBS_TSS_3_AND_CBS_TSS_4	159	6341	TRUE	0.024	-0.6189920211879265	TRUE	2128	18	0.07659614362948843
ENSG00000183255	CBS_TSS_2_AND_CBS_TSS_3_AND_CBS_TSS_4	1943	81693	TRUE	6.998911814547078e-32	-0.5359657689754886	TRUE	2128	19	3.3954290238236613
ENSG00000160194	CBS_TSS_2_AND_CBS_TSS_3_AND_CBS_TSS_4	2123	90836	TRUE	2.6723093212465723e-31	-0.5070304237216989	TRUE	2128	19	15.147129597799932
ENSG00000184787	CBS_TSS_2_AND_CBS_TSS_3_AND_CBS_TSS_4	1875	78189	TRUE	7.62596786714097e-28	-0.6571782541622537	TRUE	2128	19	3.2957592424763273
ENSG00000160209	CBS_TSS_2_AND_CBS_TSS_3_AND_CBS_TSS_4	2024	84655	TRUE	7.081547606243958e-27	-0.5400504712697973	TRUE	2128	19	4.281383793243539
ENSG00000160214	CBS_TSS_2_AND_CBS_TSS_3_AND_CBS_TSS_4	2033	85726	TRUE	9.264055444399887e-26	-0.7189972138729557	TRUE	2128	19	8.379824369511548
ENSG00000160213	CBS_TSS_2_AND_CBS_TSS_3_AND_CBS_TSS_4	2125	91137	TRUE	1.213600633194056e-22	-0.427837717199437	TRUE	2128	19	35.09843015927581
ENSG00000184900	CBS_TSS_2_AND_CBS_TSS_3_AND_CBS_TSS_4	2116	89959	TRUE	1.4177020506233494e-22	-0.4310154342378709	TRUE	2128	19	9.521557965353084
ENSG00000160221	CBS_TSS_2_AND_CBS_TSS_3_AND_CBS_TSS_4	554	21418	TRUE	3.1788565277218414e-5	-0.5216471075807747	TRUE	2128	19	0.29623842411742035
ENSG00000160208	CBS_TSS_2_AND_CBS_TSS_3_AND_CBS_TSS_4	1437	58506	TRUE	4e-4	-0.5824976941646504	TRUE	2128	19	1.3658760169588633
ENSG00000160201	CBS_TSS_2_AND_CBS_TSS_3_AND_CBS_TSS_4	159	6341	TRUE	5.636850474261268e-4	-0.6956133027908384	TRUE	2128	19	0.07659614362948843
ENSG00000160200	CBS_TSS_2_AND_CBS_TSS_3_AND_CBS_TSS_4	37	1501	TRUE	0.464	-0.5710438305105185	FALSE	2128	19	0.01742762794670667
ENSG00000160213	CBS_TSS_2_AND_CBS_TSS_3_AND_CBS_TSS_4	2125	91137	TRUE	1.3237885174228607e-50	-0.6006355816250117	TRUE	2128	20	35.09843015927581
ENSG00000184900	CBS_TSS_2_AND_CBS_TSS_3_AND_CBS_TSS_4	2116	89959	TRUE	5.7822507208636376e-39	-0.5404928063520709	TRUE	2128	20	9.521557965353084
ENSG00000160194	CBS_TSS_2_AND_CBS_TSS_3_AND_CBS_TSS_4	2123	90836	TRUE	1.891640706969914e-25	-0.4967950150465841	TRUE	2128	20	15.147129597799932
ENSG00000160214	CBS_TSS_2_AND_CBS_TSS_3_AND_CBS_TSS_4	2033	85726	TRUE	9.874192373859648e-22	-0.6940602600325576	TRUE	2128	20	8.379824369511548
ENSG00000160208	CBS_TSS_2_AND_CBS_TSS_3_AND_CBS_TSS_4	1437	58506	TRUE	1.2710040595649302e-21	-0.6739763617819902	TRUE	2128	20	1.3658760169588633
ENSG00000184787	CBS_TSS_2_AND_CBS_TSS_3_AND_CBS_TSS_4	1875	78189	TRUE	3.0925930215267356e-21	-0.5921989781683292	TRUE	2128	20	3.2957592424763273
ENSG00000160209	CBS_TSS_2_AND_CBS_TSS_3_AND_CBS_TSS_4	2024	84655	TRUE	1.0184250102059396e-20	-0.4951107728327728	TRUE	2128	20	4.281383793243539
ENSG00000183255	CBS_TSS_2_AND_CBS_TSS_3_AND_CBS_TSS_4	1943	81693	TRUE	1.3175040840608422e-12	-0.37481314642978103	TRUE	2128	20	3.3954290238236613
ENSG00000160201	CBS_TSS_2_AND_CBS_TSS_3_AND_CBS_TSS_4	159	6341	TRUE	0.004907903694010524	-0.6314829653711227	TRUE	2128	20	0.07659614362948843
ENSG00000160221	CBS_TSS_2_AND_CBS_TSS_3_AND_CBS_TSS_4	554	21418	TRUE	0.024	-0.390919993851111	TRUE	2128	20	0.29623842411742035
ENSG00000160200	CBS_TSS_2_AND_CBS_TSS_3_AND_CBS_TSS_4	37	1501	TRUE	0.792	-0.3340046332096698	FALSE	2128	20	0.01742762794670667
ENSG00000160213	CBS_TSS_2_AND_CBS_TSS_3_AND_CBS_TSS_4	2125	91137	TRUE	1.3608155122098588e-38	-0.5201047105983134	TRUE	2128	21	35.09843015927581
ENSG00000160194	CBS_TSS_2_AND_CBS_TSS_3_AND_CBS_TSS_4	2123	90836	TRUE	2.1441016958998524e-35	-0.5155281880721336	TRUE	2128	21	15.147129597799932
ENSG00000184787	CBS_TSS_2_AND_CBS_TSS_3_AND_CBS_TSS_4	1875	78189	TRUE	1.5068625144456423e-28	-0.656303981814992	TRUE	2128	21	3.2957592424763273
ENSG00000160209	CBS_TSS_2_AND_CBS_TSS_3_AND_CBS_TSS_4	2024	84655	TRUE	2.2888022456700386e-25	-0.5308666176586176	TRUE	2128	21	4.281383793243539
ENSG00000184900	CBS_TSS_2_AND_CBS_TSS_3_AND_CBS_TSS_4	2116	89959	TRUE	4.920256010414431e-25	-0.47306531599745716	TRUE	2128	21	9.521557965353084
ENSG00000160214	CBS_TSS_2_AND_CBS_TSS_3_AND_CBS_TSS_4	2033	85726	TRUE	7.472488730351308e-22	-0.6887558042222022	TRUE	2128	21	8.379824369511548
ENSG00000160208	CBS_TSS_2_AND_CBS_TSS_3_AND_CBS_TSS_4	1437	58506	TRUE	5.495529236735074e-18	-0.6316125971681863	TRUE	2128	21	1.3658760169588633
ENSG00000183255	CBS_TSS_2_AND_CBS_TSS_3_AND_CBS_TSS_4	1943	81693	TRUE	3.372697687741824e-14	-0.3966926173060117	TRUE	2128	21	3.3954290238236613
ENSG00000160221	CBS_TSS_2_AND_CBS_TSS_3_AND_CBS_TSS_4	554	21418	TRUE	6.592969815703553e-7	-0.5917390032392067	TRUE	2128	21	0.29623842411742035
ENSG00000160201	CBS_TSS_2_AND_CBS_TSS_3_AND_CBS_TSS_4	159	6341	TRUE	0.04	-0.5700824207069797	TRUE	2128	21	0.07659614362948843
ENSG00000160200	CBS_TSS_2_AND_CBS_TSS_3_AND_CBS_TSS_4	37	1501	TRUE	0.104	-0.7934362518469671	FALSE	2128	21	0.01742762794670667
ENSG00000160194	CBS_TSS_2_AND_CBS_TSS_3_AND_CBS_TSS_4	2123	90836	TRUE	1.524612729185401e-42	-0.5479974284249876	TRUE	2128	22	15.147129597799932
ENSG00000160213	CBS_TSS_2_AND_CBS_TSS_3_AND_CBS_TSS_4	2125	91137	TRUE	1.4400317286926784e-35	-0.5106981476582275	TRUE	2128	22	35.09843015927581
ENSG00000160209	CBS_TSS_2_AND_CBS_TSS_3_AND_CBS_TSS_4	2024	84655	TRUE	2.7574646062398214e-27	-0.5516131163680287	TRUE	2128	22	4.281383793243539
ENSG00000184900	CBS_TSS_2_AND_CBS_TSS_3_AND_CBS_TSS_4	2116	89959	TRUE	1.8343959625678464e-26	-0.4755343538456134	TRUE	2128	22	9.521557965353084
ENSG00000160214	CBS_TSS_2_AND_CBS_TSS_3_AND_CBS_TSS_4	2033	85726	TRUE	2.065843824466311e-26	-0.7212322182562643	TRUE	2128	22	8.379824369511548
ENSG00000183255	CBS_TSS_2_AND_CBS_TSS_3_AND_CBS_TSS_4	1943	81693	TRUE	1.1987221300278918e-25	-0.483050542375703	TRUE	2128	22	3.3954290238236613
ENSG00000160208	CBS_TSS_2_AND_CBS_TSS_3_AND_CBS_TSS_4	1437	58506	TRUE	8.811292217035794e-12	-0.5273396029848852	TRUE	2128	22	1.3658760169588633
ENSG00000160221	CBS_TSS_2_AND_CBS_TSS_3_AND_CBS_TSS_4	554	21418	TRUE	1.4289735747246776e-7	-0.6074376895971949	TRUE	2128	22	0.29623842411742035
ENSG00000184787	CBS_TSS_2_AND_CBS_TSS_3_AND_CBS_TSS_4	1875	78189	TRUE	4e-4	-0.6067632917490862	TRUE	2128	22	3.2957592424763273
ENSG00000160201	CBS_TSS_2_AND_CBS_TSS_3_AND_CBS_TSS_4	159	6341	TRUE	0.006603979941257235	-0.6696180942578938	TRUE	2128	22	0.07659614362948843
ENSG00000160200	CBS_TSS_2_AND_CBS_TSS_3_AND_CBS_TSS_4	37	1501	TRUE	0.096	-0.7934362518469671	TRUE	2128	22	0.01742762794670667
ENSG00000160213	CBS_TSS_2_AND_CBS_TSS_3_AND_CBS_TSS_4	2125	91137	TRUE	1.6566079009641248e-28	-0.46585133039517945	TRUE	2128	23	35.09843015927581
ENSG00000160194	CBS_TSS_2_AND_CBS_TSS_3_AND_CBS_TSS_4	2123	90836	TRUE	1.4493493659997604e-25	-0.4720577604999896	TRUE	2128	23	15.147129597799932
ENSG00000160214	CBS_TSS_2_AND_CBS_TSS_3_AND_CBS_TSS_4	2033	85726	TRUE	1.3311771649577757e-21	-0.7139517948183522	TRUE	2128	23	8.379824369511548
ENSG00000183255	CBS_TSS_2_AND_CBS_TSS_3_AND_CBS_TSS_4	1943	81693	TRUE	1.7533183516024378e-20	-0.44622890431820106	TRUE	2128	23	3.3954290238236613
ENSG00000184900	CBS_TSS_2_AND_CBS_TSS_3_AND_CBS_TSS_4	2116	89959	TRUE	3.7396555909857974e-19	-0.41214833946315466	TRUE	2128	23	9.521557965353084
ENSG00000160209	CBS_TSS_2_AND_CBS_TSS_3_AND_CBS_TSS_4	2024	84655	TRUE	6.111120896194316e-18	-0.4777602947260713	TRUE	2128	23	4.281383793243539
ENSG00000184787	CBS_TSS_2_AND_CBS_TSS_3_AND_CBS_TSS_4	1875	78189	TRUE	8.963887989905304e-13	-0.5088236757387015	TRUE	2128	23	3.2957592424763273
ENSG00000160221	CBS_TSS_2_AND_CBS_TSS_3_AND_CBS_TSS_4	554	21418	TRUE	3.747177517915308e-7	-0.5731233250718599	TRUE	2128	23	0.29623842411742035
ENSG00000160208	CBS_TSS_2_AND_CBS_TSS_3_AND_CBS_TSS_4	1437	58506	TRUE	4e-4	-0.5732665243826804	TRUE	2128	23	1.3658760169588633
ENSG00000160200	CBS_TSS_2_AND_CBS_TSS_3_AND_CBS_TSS_4	37	1501	TRUE	0.1	-0.9189671339308259	FALSE	2128	23	0.01742762794670667
ENSG00000160201	CBS_TSS_2_AND_CBS_TSS_3_AND_CBS_TSS_4	159	6341	TRUE	0.224	-0.42169058081430855	FALSE	2128	23	0.07659614362948843
ENSG00000160213	CBS_TSS_2_AND_CBS_TSS_3_AND_CBS_TSS_4	2125	91137	TRUE	4.842887492706568e-41	-0.5203318291736867	TRUE	2128	24	35.09843015927581
ENSG00000160194	CBS_TSS_2_AND_CBS_TSS_3_AND_CBS_TSS_4	2123	90836	TRUE	1.1020259538958945e-39	-0.543288480982846	TRUE	2128	24	15.147129597799932
ENSG00000184900	CBS_TSS_2_AND_CBS_TSS_3_AND_CBS_TSS_4	2116	89959	TRUE	9.525912345476112e-35	-0.5065254361162945	TRUE	2128	24	9.521557965353084
ENSG00000183255	CBS_TSS_2_AND_CBS_TSS_3_AND_CBS_TSS_4	1943	81693	TRUE	2.4129152460853975e-22	-0.4532664550581351	TRUE	2128	24	3.3954290238236613
ENSG00000184787	CBS_TSS_2_AND_CBS_TSS_3_AND_CBS_TSS_4	1875	78189	TRUE	1.2766170536833412e-21	-0.5997428640713136	TRUE	2128	24	3.2957592424763273
ENSG00000160209	CBS_TSS_2_AND_CBS_TSS_3_AND_CBS_TSS_4	2024	84655	TRUE	2.0675555219459708e-19	-0.4815756224110386	TRUE	2128	24	4.281383793243539
ENSG00000160214	CBS_TSS_2_AND_CBS_TSS_3_AND_CBS_TSS_4	2033	85726	TRUE	8.450851903249375e-11	-0.5756711605264719	TRUE	2128	24	8.379824369511548
ENSG00000160208	CBS_TSS_2_AND_CBS_TSS_3_AND_CBS_TSS_4	1437	58506	TRUE	4e-4	-0.5621360785706938	TRUE	2128	24	1.3658760169588633
ENSG00000160221	CBS_TSS_2_AND_CBS_TSS_3_AND_CBS_TSS_4	554	21418	TRUE	4.958508256907718e-4	-0.46620812115534793	TRUE	2128	24	0.29623842411742035
ENSG00000160201	CBS_TSS_2_AND_CBS_TSS_3_AND_CBS_TSS_4	159	6341	TRUE	0.2	-0.44355001477804823	FALSE	2128	24	0.07659614362948843
ENSG00000160200	CBS_TSS_2_AND_CBS_TSS_3_AND_CBS_TSS_4	37	1501	TRUE	0.392	-0.5204177574405513	FALSE	2128	24	0.01742762794670667
ENSG00000160194	CBS_TSS_2_AND_CBS_TSS_3_AND_CBS_TSS_4	2123	90836	TRUE	5.238529448733282e-32	-0.4967950150465841	TRUE	2128	25	15.147129597799932
ENSG00000160213	CBS_TSS_2_AND_CBS_TSS_3_AND_CBS_TSS_4	2125	91137	TRUE	7.757715334359059e-24	-0.4346233100151595	TRUE	2128	25	35.09843015927581
ENSG00000184900	CBS_TSS_2_AND_CBS_TSS_3_AND_CBS_TSS_4	2116	89959	TRUE	2.8445193449605097e-21	-0.4356374665398537	TRUE	2128	25	9.521557965353084
ENSG00000160209	CBS_TSS_2_AND_CBS_TSS_3_AND_CBS_TSS_4	2024	84655	TRUE	4.06629711150056e-20	-0.49348794359429116	TRUE	2128	25	4.281383793243539
ENSG00000183255	CBS_TSS_2_AND_CBS_TSS_3_AND_CBS_TSS_4	1943	81693	TRUE	1.7971086032096078e-19	-0.4666822613865702	TRUE	2128	25	3.3954290238236613
ENSG00000160214	CBS_TSS_2_AND_CBS_TSS_3_AND_CBS_TSS_4	2033	85726	TRUE	3.3636778315257452e-18	-0.6620701457881206	TRUE	2128	25	8.379824369511548
ENSG00000184787	CBS_TSS_2_AND_CBS_TSS_3_AND_CBS_TSS_4	1875	78189	TRUE	4.674612240299272e-17	-0.5621388713876869	TRUE	2128	25	3.2957592424763273
ENSG00000160221	CBS_TSS_2_AND_CBS_TSS_3_AND_CBS_TSS_4	554	21418	TRUE	5.015050840932842e-6	-0.5157100825729222	TRUE	2128	25	0.29623842411742035
ENSG00000160200	CBS_TSS_2_AND_CBS_TSS_3_AND_CBS_TSS_4	37	1501	TRUE	1.8232023356392485e-4	-1.5710438305105185	TRUE	2128	25	0.01742762794670667
ENSG00000160208	CBS_TSS_2_AND_CBS_TSS_3_AND_CBS_TSS_4	1437	58506	TRUE	4e-4	-0.524159758098513	TRUE	2128	25	1.3658760169588633
ENSG00000160201	CBS_TSS_2_AND_CBS_TSS_3_AND_CBS_TSS_4	159	6341	TRUE	0.096	-0.4996930928155816	TRUE	2128	25	0.07659614362948843
ENSG00000160213	CBS_TSS_2_AND_CBS_TSS_3_AND_CBS_TSS_4	2125	91137	TRUE	8.46355932592047e-33	-0.48077686366566397	TRUE	2128	26	35.09843015927581
ENSG00000160194	CBS_TSS_2_AND_CBS_TSS_3_AND_CBS_TSS_4	2123	90836	TRUE	1.0240634069674378e-31	-0.5069143628197512	TRUE	2128	26	15.147129597799932
ENSG00000184900	CBS_TSS_2_AND_CBS_TSS_3_AND_CBS_TSS_4	2116	89959	TRUE	3.902723347951072e-26	-0.4753513171743595	TRUE	2128	26	9.521557965353084
ENSG00000183255	CBS_TSS_2_AND_CBS_TSS_3_AND_CBS_TSS_4	1943	81693	TRUE	2.0210300847400234e-25	-0.4532664550581351	TRUE	2128	26	3.3954290238236613
ENSG00000184787	CBS_TSS_2_AND_CBS_TSS_3_AND_CBS_TSS_4	1875	78189	TRUE	7.019135713262019e-23	-0.5894149266658189	TRUE	2128	26	3.2957592424763273
ENSG00000160209	CBS_TSS_2_AND_CBS_TSS_3_AND_CBS_TSS_4	2024	84655	TRUE	8.420016050225752e-23	-0.49389347979960085	TRUE	2128	26	4.281383793243539
ENSG00000160214	CBS_TSS_2_AND_CBS_TSS_3_AND_CBS_TSS_4	2033	85726	TRUE	6.7250375462153116e-18	-0.656544084155525	TRUE	2128	26	8.379824369511548
ENSG00000160208	CBS_TSS_2_AND_CBS_TSS_3_AND_CBS_TSS_4	1437	58506	TRUE	5.95717189497494e-13	-0.5497969505612603	TRUE	2128	26	1.3658760169588633
ENSG00000160221	CBS_TSS_2_AND_CBS_TSS_3_AND_CBS_TSS_4	554	21418	TRUE	6.251264449573836e-4	-0.4406730290482104	TRUE	2128	26	0.29623842411742035
ENSG00000160200	CBS_TSS_2_AND_CBS_TSS_3_AND_CBS_TSS_4	37	1501	TRUE	0.028	-1.0564706576807605	TRUE	2128	26	0.01742762794670667
ENSG00000160201	CBS_TSS_2_AND_CBS_TSS_3_AND_CBS_TSS_4	159	6341	TRUE	0.04	-0.5581097790409038	TRUE	2128	26	0.07659614362948843
ENSG00000160194	CBS_TSS_2_AND_CBS_TSS_3_AND_CBS_TSS_4	2123	90836	TRUE	2.1566406849565241e-35	-0.5178651044993448	TRUE	2128	27	15.147129597799932
ENSG00000160213	CBS_TSS_2_AND_CBS_TSS_3_AND_CBS_TSS_4	2125	91137	TRUE	4.113966917143422e-32	-0.46842965712564144	TRUE	2128	27	35.09843015927581
ENSG00000184900	CBS_TSS_2_AND_CBS_TSS_3_AND_CBS_TSS_4	2116	89959	TRUE	4.16590065723083e-30	-0.49164065057601913	TRUE	2128	27	9.521557965353084
ENSG00000183255	CBS_TSS_2_AND_CBS_TSS_3_AND_CBS_TSS_4	1943	81693	TRUE	9.194593665716344e-20	-0.4265560512437232	TRUE	2128	27	3.3954290238236613
ENSG00000160209	CBS_TSS_2_AND_CBS_TSS_3_AND_CBS_TSS_4	2024	84655	TRUE	7.6004007963750935e-19	-0.4781614333470037	TRUE	2128	27	4.281383793243539
ENSG00000160214	CBS_TSS_2_AND_CBS_TSS_3_AND_CBS_TSS_4	2033	85726	TRUE	6.053121225206775e-17	-0.6673906168753718	TRUE	2128	27	8.379824369511548
ENSG00000160208	CBS_TSS_2_AND_CBS_TSS_3_AND_CBS_TSS_4	1437	58506	TRUE	3.2232413236089566e-11	-0.5102511092246071	TRUE	2128	27	1.3658760169588633
ENSG00000160221	CBS_TSS_2_AND_CBS_TSS_3_AND_CBS_TSS_4	554	21418	TRUE	2.3717737210077975e-4	-0.47770375999317727	TRUE	2128	27	0.29623842411742035
ENSG00000184787	CBS_TSS_2_AND_CBS_TSS_3_AND_CBS_TSS_4	1875	78189	TRUE	4e-4	-0.5958262957220659	TRUE	2128	27	3.2957592424763273
ENSG00000160201	CBS_TSS_2_AND_CBS_TSS_3_AND_CBS_TSS_4	159	6341	TRUE	5.364638355931685e-4	-0.7220855141520293	TRUE	2128	27	0.07659614362948843
ENSG00000160200	CBS_TSS_2_AND_CBS_TSS_3_AND_CBS_TSS_4	37	1501	TRUE	0.44	-0.5204177574405513	FALSE	2128	27	0.01742762794670667
ENSG00000160194	CBS_TSS_2_AND_CBS_TSS_3_AND_CBS_TSS_4	2123	90836	TRUE	1.0867962649495147e-38	-0.5681383109805687	TRUE	2128	28	15.147129597799932
ENSG00000160213	CBS_TSS_2_AND_CBS_TSS_3_AND_CBS_TSS_4	2125	91137	TRUE	8.335199706245707e-29	-0.4629137672234833	TRUE	2128	28	35.09843015927581
ENSG00000160214	CBS_TSS_2_AND_CBS_TSS_3_AND_CBS_TSS_4	2033	85726	TRUE	4.895529992322665e-28	-0.7378082976717577	TRUE	2128	28	8.379824369511548
ENSG00000184900	CBS_TSS_2_AND_CBS_TSS_3_AND_CBS_TSS_4	2116	89959	TRUE	9.851213470543574e-28	-0.46168933022177283	TRUE	2128	28	9.521557965353084
ENSG00000183255	CBS_TSS_2_AND_CBS_TSS_3_AND_CBS_TSS_4	1943	81693	TRUE	4.538430926048705e-25	-0.4725432578675757	TRUE	2128	28	3.3954290238236613
ENSG00000160209	CBS_TSS_2_AND_CBS_TSS_3_AND_CBS_TSS_4	2024	84655	TRUE	1.0481195468349388e-23	-0.5159634660593881	TRUE	2128	28	4.281383793243539
ENSG00000184787	CBS_TSS_2_AND_CBS_TSS_3_AND_CBS_TSS_4	1875	78189	TRUE	7.463927406349401e-22	-0.5969442307186403	TRUE	2128	28	3.2957592424763273
ENSG00000160221	CBS_TSS_2_AND_CBS_TSS_3_AND_CBS_TSS_4	554	21418	TRUE	3.1880278395608405e-7	-0.5669710980902649	TRUE	2128	28	0.29623842411742035
ENSG00000160208	CBS_TSS_2_AND_CBS_TSS_3_AND_CBS_TSS_4	1437	58506	TRUE	4e-4	-0.5984612876449469	TRUE	2128	28	1.3658760169588633
ENSG00000160200	CBS_TSS_2_AND_CBS_TSS_3_AND_CBS_TSS_4	37	1501	TRUE	0.228	-0.5710438305105185	FALSE	2128	28	0.01742762794670667
ENSG00000160201	CBS_TSS_2_AND_CBS_TSS_3_AND_CBS_TSS_4	159	6341	TRUE	0.516	-0.3374216639167047	FALSE	2128	28	0.07659614362948843
ENSG00000184900	CBS_TSS_2_AND_CBS_TSS_3_AND_CBS_TSS_4	2116	89959	TRUE	7.4472847665621e-39	-0.5391530788365557	TRUE	2128	29	9.521557965353084
ENSG00000160213	CBS_TSS_2_AND_CBS_TSS_3_AND_CBS_TSS_4	2125	91137	TRUE	9.900833779326494e-28	-0.47120772687803925	TRUE	2128	29	35.09843015927581
ENSG00000160209	CBS_TSS_2_AND_CBS_TSS_3_AND_CBS_TSS_4	2024	84655	TRUE	2.7268345140053752e-24	-0.5333655126960035	TRUE	2128	29	4.281383793243539
ENSG00000183255	CBS_TSS_2_AND_CBS_TSS_3_AND_CBS_TSS_4	1943	81693	TRUE	9.814693704211554e-20	-0.4515038463588752	TRUE	2128	29	3.3954290238236613
ENSG00000160214	CBS_TSS_2_AND_CBS_TSS_3_AND_CBS_TSS_4	2033	85726	TRUE	1.373582603611522e-17	-0.6753512750101764	TRUE	2128	29	8.379824369511548
ENSG00000160194	CBS_TSS_2_AND_CBS_TSS_3_AND_CBS_TSS_4	2123	90836	TRUE	8.602516543822533e-15	-0.4018572546808312	TRUE	2128	29	15.147129597799932
ENSG00000160221	CBS_TSS_2_AND_CBS_TSS_3_AND_CBS_TSS_4	554	21418	TRUE	1.261066386457916e-4	-0.4922033296882926	TRUE	2128	29	0.29623842411742035
ENSG00000160208	CBS_TSS_2_AND_CBS_TSS_3_AND_CBS_TSS_4	1437	58506	TRUE	4e-4	-0.5831593291411122	TRUE	2128	29	1.3658760169588633
ENSG00000184787	CBS_TSS_2_AND_CBS_TSS_3_AND_CBS_TSS_4	1875	78189	TRUE	4e-4	-0.5361729053888391	TRUE	2128	29	3.2957592424763273
ENSG00000160201	CBS_TSS_2_AND_CBS_TSS_3_AND_CBS_TSS_4	159	6341	TRUE	0.0012705766866383042	-0.6825571499653922	TRUE	2128	29	0.07659614362948843
ENSG00000160200	CBS_TSS_2_AND_CBS_TSS_3_AND_CBS_TSS_4	37	1501	TRUE	0.448	-0.5204177574405513	FALSE	2128	29	0.01742762794670667
ENSG00000184787	CBS_TSS_2_AND_CBS_TSS_3_AND_CBS_TSS_4	1875	78189	TRUE	3.0562853121379475e-37	-0.7374985313173026	TRUE	2128	30	3.2957592424763273
ENSG00000183255	CBS_TSS_2_AND_CBS_TSS_3_AND_CBS_TSS_4	1943	81693	TRUE	1.4935050332844717e-35	-0.5848109660975955	TRUE	2128	30	3.3954290238236613
ENSG00000160194	CBS_TSS_2_AND_CBS_TSS_3_AND_CBS_TSS_4	2123	90836	TRUE	4.5886785557794947e-32	-0.5121463689440198	TRUE	2128	30	15.147129597799932
ENSG00000160213	CBS_TSS_2_AND_CBS_TSS_3_AND_CBS_TSS_4	2125	91137	TRUE	7.299730392956647e-30	-0.4828655362407943	TRUE	2128	30	35.09843015927581
ENSG00000160209	CBS_TSS_2_AND_CBS_TSS_3_AND_CBS_TSS_4	2024	84655	TRUE	3.6878253539231e-27	-0.5410977998391246	TRUE	2128	30	4.281383793243539
ENSG00000160214	CBS_TSS_2_AND_CBS_TSS_3_AND_CBS_TSS_4	2033	85726	TRUE	1.0011149758233981e-24	-0.7198202337629445	TRUE	2128	30	8.379824369511548
ENSG00000184900	CBS_TSS_2_AND_CBS_TSS_3_AND_CBS_TSS_4	2116	89959	TRUE	6.753626053155833e-22	-0.4334134873097226	TRUE	2128	30	9.521557965353084
ENSG00000160221	CBS_TSS_2_AND_CBS_TSS_3_AND_CBS_TSS_4	554	21418	TRUE	1.4832737726715693e-4	-0.47482125146005627	TRUE	2128	30	0.29623842411742035
ENSG00000160208	CBS_TSS_2_AND_CBS_TSS_3_AND_CBS_TSS_4	1437	58506	TRUE	4e-4	-0.5627884389891751	TRUE	2128	30	1.3658760169588633
ENSG00000160201	CBS_TSS_2_AND_CBS_TSS_3_AND_CBS_TSS_4	159	6341	TRUE	0.044	-0.5462356787526117	TRUE	2128	30	0.07659614362948843
ENSG00000160200	CBS_TSS_2_AND_CBS_TSS_3_AND_CBS_TSS_4	37	1501	TRUE	0.12	-0.7345425627933988	FALSE	2128	30	0.01742762794670667
ENSG00000160213	CBS_TSS_2_AND_CBS_TSS_3_AND_CBS_TSS_4	2125	91137	TRUE	3.7817032233324986e-38	-0.5228072152072549	TRUE	2128	31	35.09843015927581
ENSG00000160209	CBS_TSS_2_AND_CBS_TSS_3_AND_CBS_TSS_4	2024	84655	TRUE	6.1521424661019765e-31	-0.5605056000130877	TRUE	2128	31	4.281383793243539
ENSG00000184900	CBS_TSS_2_AND_CBS_TSS_3_AND_CBS_TSS_4	2116	89959	TRUE	8.972946589717812e-27	-0.5091461362754304	TRUE	2128	31	9.521557965353084
ENSG00000184787	CBS_TSS_2_AND_CBS_TSS_3_AND_CBS_TSS_4	1875	78189	TRUE	5.877052200865667e-23	-0.5905279026445576	TRUE	2128	31	3.2957592424763273
ENSG00000160194	CBS_TSS_2_AND_CBS_TSS_3_AND_CBS_TSS_4	2123	90836	TRUE	8.923120416854433e-23	-0.45477235156266005	TRUE	2128	31	15.147129597799932
ENSG00000183255	CBS_TSS_2_AND_CBS_TSS_3_AND_CBS_TSS_4	1943	81693	TRUE	2.027674919048849e-20	-0.4454769131409517	TRUE	2128	31	3.3954290238236613
ENSG00000160214	CBS_TSS_2_AND_CBS_TSS_3_AND_CBS_TSS_4	2033	85726	TRUE	3.104977960431491e-14	-0.603610415240122	TRUE	2128	31	8.379824369511548
ENSG00000160221	CBS_TSS_2_AND_CBS_TSS_3_AND_CBS_TSS_4	554	21418	TRUE	2.9402663667704086e-5	-0.5097973897030306	TRUE	2128	31	0.29623842411742035
ENSG00000160201	CBS_TSS_2_AND_CBS_TSS_3_AND_CBS_TSS_4	159	6341	TRUE	2.9971521560447816e-4	-0.762727498649376	TRUE	2128	31	0.07659614362948843
ENSG00000160208	CBS_TSS_2_AND_CBS_TSS_3_AND_CBS_TSS_4	1437	58506	TRUE	4e-4	-0.5414147881966082	TRUE	2128	31	1.3658760169588633
ENSG00000160200	CBS_TSS_2_AND_CBS_TSS_3_AND_CBS_TSS_4	37	1501	TRUE	0.24	-0.6779590344270305	FALSE	2128	31	0.01742762794670667
ENSG00000160209	CBS_TSS_2_AND_CBS_TSS_3_AND_CBS_TSS_4	2024	84655	TRUE	4.082883961844544e-29	-0.566251277067463	TRUE	2128	32	4.281383793243539
ENSG00000184787	CBS_TSS_2_AND_CBS_TSS_3_AND_CBS_TSS_4	1875	78189	TRUE	6.118213237901085e-28	-0.6685922718272013	TRUE	2128	32	3.2957592424763273
ENSG00000160194	CBS_TSS_2_AND_CBS_TSS_3_AND_CBS_TSS_4	2123	90836	TRUE	1.2099644662165573e-25	-0.47858644570754905	TRUE	2128	32	15.147129597799932
ENSG00000184900	CBS_TSS_2_AND_CBS_TSS_3_AND_CBS_TSS_4	2116	89959	TRUE	1.2186146559011421e-23	-0.42658509344852735	TRUE	2128	32	9.521557965353084
ENSG00000160213	CBS_TSS_2_AND_CBS_TSS_3_AND_CBS_TSS_4	2125	91137	TRUE	8.333327443660022e-21	-0.427837717199437	TRUE	2128	32	35.09843015927581
ENSG00000183255	CBS_TSS_2_AND_CBS_TSS_3_AND_CBS_TSS_4	1943	81693	TRUE	7.109058095998617e-20	-0.4464796551732495	TRUE	2128	32	3.3954290238236613
ENSG00000160214	CBS_TSS_2_AND_CBS_TSS_3_AND_CBS_TSS_4	2033	85726	TRUE	1.8223026721086212e-17	-0.6487982025890351	TRUE	2128	32	8.379824369511548
ENSG00000160221	CBS_TSS_2_AND_CBS_TSS_3_AND_CBS_TSS_4	554	21418	TRUE	2.281525910436843e-8	-0.6042842565583206	TRUE	2128	32	0.29623842411742035
ENSG00000160208	CBS_TSS_2_AND_CBS_TSS_3_AND_CBS_TSS_4	1437	58506	TRUE	4e-4	-0.5190865395401039	TRUE	2128	32	1.3658760169588633
ENSG00000160201	CBS_TSS_2_AND_CBS_TSS_3_AND_CBS_TSS_4	159	6341	TRUE	0.32	-0.3789409333549716	FALSE	2128	32	0.07659614362948843
ENSG00000160200	CBS_TSS_2_AND_CBS_TSS_3_AND_CBS_TSS_4	37	1501	TRUE	0.496	-0.5204177574405513	FALSE	2128	32	0.01742762794670667
ENSG00000160194	CBS_TSS_2_AND_CBS_TSS_3_AND_CBS_TSS_4	2123	90836	TRUE	2.2848671444108213e-37	-0.5334435288272381	TRUE	2128	33	15.147129597799932
ENSG00000160213	CBS_TSS_2_AND_CBS_TSS_3_AND_CBS_TSS_4	2125	91137	TRUE	2.9335403801041804e-30	-0.47874025017858646	TRUE	2128	33	35.09843015927581
ENSG00000184900	CBS_TSS_2_AND_CBS_TSS_3_AND_CBS_TSS_4	2116	89959	TRUE	3.41061118855156e-24	-0.45283286830653546	TRUE	2128	33	9.521557965353084
ENSG00000160208	CBS_TSS_2_AND_CBS_TSS_3_AND_CBS_TSS_4	1437	58506	TRUE	3.933456938924866e-20	-0.6316125971681863	TRUE	2128	33	1.3658760169588633
ENSG00000160209	CBS_TSS_2_AND_CBS_TSS_3_AND_CBS_TSS_4	2024	84655	TRUE	5.537495987250888e-20	-0.48117353348957037	TRUE	2128	33	4.281383793243539
ENSG00000184787	CBS_TSS_2_AND_CBS_TSS_3_AND_CBS_TSS_4	1875	78189	TRUE	1.5189431451445312e-13	-0.5228318167845247	TRUE	2128	33	3.2957592424763273
ENSG00000160214	CBS_TSS_2_AND_CBS_TSS_3_AND_CBS_TSS_4	2033	85726	TRUE	6.897304815215531e-9	-0.5706778445272751	TRUE	2128	33	8.379824369511548
ENSG00000183255	CBS_TSS_2_AND_CBS_TSS_3_AND_CBS_TSS_4	1943	81693	TRUE	7.586572414084141e-8	-0.3170461824854367	TRUE	2128	33	3.3954290238236613
ENSG00000160221	CBS_TSS_2_AND_CBS_TSS_3_AND_CBS_TSS_4	554	21418	TRUE	2.793718392730168e-5	-0.5305987084253028	TRUE	2128	33	0.29623842411742035
ENSG00000160201	CBS_TSS_2_AND_CBS_TSS_3_AND_CBS_TSS_4	159	6341	TRUE	0.036	-0.5821552530075547	TRUE	2128	33	0.07659614362948843
ENSG00000160200	CBS_TSS_2_AND_CBS_TSS_3_AND_CBS_TSS_4	37	1501	TRUE	0.092	-0.7934362518469671	TRUE	2128	33	0.01742762794670667
ENSG00000160213	CBS_TSS_2_AND_CBS_TSS_3_AND_CBS_TSS_4	2125	91137	TRUE	8.069160282519018e-31	-0.48389870351515896	TRUE	2128	34	35.09843015927581
ENSG00000160194	CBS_TSS_2_AND_CBS_TSS_3_AND_CBS_TSS_4	2123	90836	TRUE	3.1723796713878066e-27	-0.49835166259321406	TRUE	2128	34	15.147129597799932
ENSG00000184900	CBS_TSS_2_AND_CBS_TSS_3_AND_CBS_TSS_4	2116	89959	TRUE	6.141563205990443e-26	-0.4751683037222696	TRUE	2128	34	9.521557965353084
ENSG00000160214	CBS_TSS_2_AND_CBS_TSS_3_AND_CBS_TSS_4	2033	85726	TRUE	2.8904053359897727e-21	-0.6999641757611346	TRUE	2128	34	8.379824369511548
ENSG00000183255	CBS_TSS_2_AND_CBS_TSS_3_AND_CBS_TSS_4	1943	81693	TRUE	3.496813318224171e-21	-0.477915477189671	TRUE	2128	34	3.3954290238236613
ENSG00000160209	CBS_TSS_2_AND_CBS_TSS_3_AND_CBS_TSS_4	2024	84655	TRUE	1.6272484847757586e-16	-0.46896334648891247	TRUE	2128	34	4.281383793243539
ENSG00000160221	CBS_TSS_2_AND_CBS_TSS_3_AND_CBS_TSS_4	554	21418	TRUE	3.206419079501615e-5	-0.5186755410494834	TRUE	2128	34	0.29623842411742035
ENSG00000160208	CBS_TSS_2_AND_CBS_TSS_3_AND_CBS_TSS_4	1437	58506	TRUE	4e-4	-0.6336672308516424	TRUE	2128	34	1.3658760169588633
ENSG00000184787	CBS_TSS_2_AND_CBS_TSS_3_AND_CBS_TSS_4	1875	78189	TRUE	4e-4	-0.6243228121194455	TRUE	2128	34	3.2957592424763273
ENSG00000160201	CBS_TSS_2_AND_CBS_TSS_3_AND_CBS_TSS_4	159	6341	TRUE	0.072	-0.4996930928155816	TRUE	2128	34	0.07659614362948843
ENSG00000160200	CBS_TSS_2_AND_CBS_TSS_3_AND_CBS_TSS_4	37	1501	TRUE	0.184	-0.02084674795003938	FALSE	2128	34	0.01742762794670667
ENSG00000160213	CBS_TSS_2_AND_CBS_TSS_3_AND_CBS_TSS_4	2125	91137	TRUE	3.4599206848515505e-35	-0.5086439183203284	TRUE	2128	35	35.09843015927581
ENSG00000160194	CBS_TSS_2_AND_CBS_TSS_3_AND_CBS_TSS_4	2123	90836	TRUE	6.956202525034064e-30	-0.5032053352037336	TRUE	2128	35	15.147129597799932
ENSG00000184900	CBS_TSS_2_AND_CBS_TSS_3_AND_CBS_TSS_4	2116	89959	TRUE	1.5978694450727446e-28	-0.48609821179282253	TRUE	2128	35	9.521557965353084
ENSG00000183255	CBS_TSS_2_AND_CBS_TSS_3_AND_CBS_TSS_4	1943	81693	TRUE	1.2034531302440004e-17	-0.43126305392125075	TRUE	2128	35	3.3954290238236613
ENSG00000160214	CBS_TSS_2_AND_CBS_TSS_3_AND_CBS_TSS_4	2033	85726	TRUE	1.1373670398550037e-16	-0.6275710929353129	TRUE	2128	35	8.379824369511548
ENSG00000160209	CBS_TSS_2_AND_CBS_TSS_3_AND_CBS_TSS_4	2024	84655	TRUE	5.036912825696693e-16	-0.4550778202339625	TRUE	2128	35	4.281383793243539
ENSG00000160208	CBS_TSS_2_AND_CBS_TSS_3_AND_CBS_TSS_4	1437	58506	TRUE	1.1883221796751969e-9	-0.5014694601224181	TRUE	2128	35	1.3658760169588633
ENSG00000160221	CBS_TSS_2_AND_CBS_TSS_3_AND_CBS_TSS_4	554	21418	TRUE	9.514393365522031e-7	-0.5608449952934231	TRUE	2128	35	0.29623842411742035
ENSG00000184787	CBS_TSS_2_AND_CBS_TSS_3_AND_CBS_TSS_4	1875	78189	TRUE	4e-4	-0.5591397877318709	TRUE	2128	35	3.2957592424763273
ENSG00000160200	CBS_TSS_2_AND_CBS_TSS_3_AND_CBS_TSS_4	37	1501	TRUE	0.096	-0.8548367965111101	FALSE	2128	35	0.01742762794670667
ENSG00000160201	CBS_TSS_2_AND_CBS_TSS_3_AND_CBS_TSS_4	159	6341	TRUE	0.988	-0.21958517362284624	FALSE	2128	35	0.07659614362948843
ENSG00000160213	CBS_TSS_2_AND_CBS_TSS_3_AND_CBS_TSS_4	2125	91137	TRUE	8.919651134039518e-35	-0.4945439426172289	TRUE	2128	36	35.09843015927581
ENSG00000183255	CBS_TSS_2_AND_CBS_TSS_3_AND_CBS_TSS_4	1943	81693	TRUE	4.861355328424485e-27	-0.4807375009310897	TRUE	2128	36	3.3954290238236613
ENSG00000160209	CBS_TSS_2_AND_CBS_TSS_3_AND_CBS_TSS_4	2024	84655	TRUE	7.303816217222478e-27	-0.5262965215548641	TRUE	2128	36	4.281383793243539
ENSG00000160194	CBS_TSS_2_AND_CBS_TSS_3_AND_CBS_TSS_4	2123	90836	TRUE	4.400081240048143e-25	-0.44762613652410366	TRUE	2128	36	15.147129597799932
ENSG00000184900	CBS_TSS_2_AND_CBS_TSS_3_AND_CBS_TSS_4	2116	89959	TRUE	9.55752226821704e-21	-0.4047223335147656	TRUE	2128	36	9.521557965353084
ENSG00000184787	CBS_TSS_2_AND_CBS_TSS_3_AND_CBS_TSS_4	1875	78189	TRUE	9.061024402411838e-20	-0.5794365926569995	TRUE	2128	36	3.2957592424763273
ENSG00000160214	CBS_TSS_2_AND_CBS_TSS_3_AND_CBS_TSS_4	2033	85726	TRUE	8.98131569099116e-16	-0.6218456681786222	TRUE	2128	36	8.379824369511548
ENSG00000160208	CBS_TSS_2_AND_CBS_TSS_3_AND_CBS_TSS_4	1437	58506	TRUE	4e-4	-0.5884633610010394	TRUE	2128	36	1.3658760169588633
ENSG00000160221	CBS_TSS_2_AND_CBS_TSS_3_AND_CBS_TSS_4	554	21418	TRUE	6.465142869057673e-4	-0.4294675743403298	TRUE	2128	36	0.29623842411742035
ENSG00000160200	CBS_TSS_2_AND_CBS_TSS_3_AND_CBS_TSS_4	37	1501	TRUE	0.168	-0.6779590344270305	FALSE	2128	36	0.01742762794670667
ENSG00000160201	CBS_TSS_2_AND_CBS_TSS_3_AND_CBS_TSS_4	159	6341	TRUE	0.488	-0.19157079745324967	FALSE	2128	36	0.07659614362948843
ENSG00000184900	CBS_TSS_2_AND_CBS_TSS_3_AND_CBS_TSS_4	2116	89959	TRUE	1.1035540965519635e-33	-0.4988778008216035	TRUE	2128	37	9.521557965353084
ENSG00000160194	CBS_TSS_2_AND_CBS_TSS_3_AND_CBS_TSS_4	2123	90836	TRUE	9.931483388750491e-27	-0.46527657273473766	TRUE	2128	37	15.147129597799932
ENSG00000160213	CBS_TSS_2_AND_CBS_TSS_3_AND_CBS_TSS_4	2125	91137	TRUE	1.384458777271928e-25	-0.4415843425877153	TRUE	2128	37	35.09843015927581
ENSG00000160209	CBS_TSS_2_AND_CBS_TSS_3_AND_CBS_TSS_4	2024	84655	TRUE	8.174772295405593e-21	-0.4932852182316463	TRUE	2128	37	4.281383793243539
ENSG00000160214	CBS_TSS_2_AND_CBS_TSS_3_AND_CBS_TSS_4	2033	85726	TRUE	5.057587578808948e-18	-0.6613923468370162	TRUE	2128	37	8.379824369511548
ENSG00000183255	CBS_TSS_2_AND_CBS_TSS_3_AND_CBS_TSS_4	1943	81693	TRUE	3.851175035708616e-17	-0.4095902046254809	TRUE	2128	37	3.3954290238236613
ENSG00000160221	CBS_TSS_2_AND_CBS_TSS_3_AND_CBS_TSS_4	554	21418	TRUE	7.048358259483488e-5	-0.5097973897030306	TRUE	2128	37	0.29623842411742035
ENSG00000160201	CBS_TSS_2_AND_CBS_TSS_3_AND_CBS_TSS_4	159	6341	TRUE	1.924845671573746e-4	-0.7765332981744058	TRUE	2128	37	0.07659614362948843
ENSG00000160208	CBS_TSS_2_AND_CBS_TSS_3_AND_CBS_TSS_4	1437	58506	TRUE	4e-4	-0.5778747260128443	TRUE	2128	37	1.3658760169588633
ENSG00000184787	CBS_TSS_2_AND_CBS_TSS_3_AND_CBS_TSS_4	1875	78189	TRUE	4e-4	-0.5910847127791761	TRUE	2128	37	3.2957592424763273
ENSG00000160200	CBS_TSS_2_AND_CBS_TSS_3_AND_CBS_TSS_4	37	1501	TRUE	0.272	-0.5710438305105185	FALSE	2128	37	0.01742762794670667
ENSG00000160213	CBS_TSS_2_AND_CBS_TSS_3_AND_CBS_TSS_4	2125	91137	TRUE	6.067901838944648e-35	-0.49553589469212245	TRUE	2128	38	35.09843015927581
ENSG00000184900	CBS_TSS_2_AND_CBS_TSS_3_AND_CBS_TSS_4	2116	89959	TRUE	1.364505487975167e-26	-0.47333944496067026	TRUE	2128	38	9.521557965353084
ENSG00000160194	CBS_TSS_2_AND_CBS_TSS_3_AND_CBS_TSS_4	2123	90836	TRUE	2.4387357550995588e-26	-0.4709253467519825	TRUE	2128	38	15.147129597799932
ENSG00000160214	CBS_TSS_2_AND_CBS_TSS_3_AND_CBS_TSS_4	2033	85726	TRUE	5.667189069059393e-26	-0.7048444310363817	TRUE	2128	38	8.379824369511548
ENSG00000184787	CBS_TSS_2_AND_CBS_TSS_3_AND_CBS_TSS_4	1875	78189	TRUE	4.026416493300395e-24	-0.6406570053409248	TRUE	2128	38	3.2957592424763273
ENSG00000160209	CBS_TSS_2_AND_CBS_TSS_3_AND_CBS_TSS_4	2024	84655	TRUE	1.4253219974358073e-18	-0.475756272955175	TRUE	2128	38	4.281383793243539
ENSG00000183255	CBS_TSS_2_AND_CBS_TSS_3_AND_CBS_TSS_4	1943	81693	TRUE	4.079901013303462e-18	-0.4310149336969076	TRUE	2128	38	3.3954290238236613
ENSG00000160221	CBS_TSS_2_AND_CBS_TSS_3_AND_CBS_TSS_4	554	21418	TRUE	1.7976626801717577e-5	-0.49512081307058686	TRUE	2128	38	0.29623842411742035
ENSG00000160208	CBS_TSS_2_AND_CBS_TSS_3_AND_CBS_TSS_4	1437	58506	TRUE	4e-4	-0.6213830929000231	TRUE	2128	38	1.3658760169588633
ENSG00000160201	CBS_TSS_2_AND_CBS_TSS_3_AND_CBS_TSS_4	159	6341	TRUE	0.0012419013106467168	-0.735506029914351	TRUE	2128	38	0.07659614362948843
ENSG00000160200	CBS_TSS_2_AND_CBS_TSS_3_AND_CBS_TSS_4	37	1501	TRUE	0.28	-0.623511250404654	FALSE	2128	38	0.01742762794670667
ENSG00000160213	CBS_TSS_2_AND_CBS_TSS_3_AND_CBS_TSS_4	2125	91137	TRUE	1.6792626551429084e-40	-0.5505009088236328	TRUE	2128	39	35.09843015927581
ENSG00000160194	CBS_TSS_2_AND_CBS_TSS_3_AND_CBS_TSS_4	2123	90836	TRUE	7.700523965248707e-25	-0.4820044809669133	TRUE	2128	39	15.147129597799932
ENSG00000184787	CBS_TSS_2_AND_CBS_TSS_3_AND_CBS_TSS_4	1875	78189	TRUE	3.115749460647038e-20	-0.6011442192479259	TRUE	2128	39	3.2957592424763273
ENSG00000184900	CBS_TSS_2_AND_CBS_TSS_3_AND_CBS_TSS_4	2116	89959	TRUE	1.0992216246833224e-18	-0.4280013228189117	TRUE	2128	39	9.521557965353084
ENSG00000160208	CBS_TSS_2_AND_CBS_TSS_3_AND_CBS_TSS_4	1437	58506	TRUE	3.21291981511208e-18	-0.6139272879809758	TRUE	2128	39	1.3658760169588633
ENSG00000183255	CBS_TSS_2_AND_CBS_TSS_3_AND_CBS_TSS_4	1943	81693	TRUE	4.4701566189299945e-17	-0.405196949541176	TRUE	2128	39	3.3954290238236613
ENSG00000160214	CBS_TSS_2_AND_CBS_TSS_3_AND_CBS_TSS_4	2033	85726	TRUE	1.7723433791558236e-16	-0.6608277575287933	TRUE	2128	39	8.379824369511548
ENSG00000160209	CBS_TSS_2_AND_CBS_TSS_3_AND_CBS_TSS_4	2024	84655	TRUE	5.710578502009264e-12	-0.42305999915178916	TRUE	2128	39	4.281383793243539
ENSG00000160221	CBS_TSS_2_AND_CBS_TSS_3_AND_CBS_TSS_4	554	21418	TRUE	1.3636663175216378e-5	-0.5396061989190843	TRUE	2128	39	0.29623842411742035
ENSG00000160201	CBS_TSS_2_AND_CBS_TSS_3_AND_CBS_TSS_4	159	6341	TRUE	0.0015408574137169735	-0.7087886915385715	TRUE	2128	39	0.07659614362948843
ENSG00000160200	CBS_TSS_2_AND_CBS_TSS_3_AND_CBS_TSS_4	37	1501	TRUE	0.048	-0.9189671339308259	TRUE	2128	39	0.01742762794670667
ENSG00000183255	CBS_TSS_2_AND_CBS_TSS_3_AND_CBS_TSS_4	1943	81693	TRUE	6.612155723375367e-38	-0.5650739980141521	TRUE	2128	40	3.3954290238236613
ENSG00000160213	CBS_TSS_2_AND_CBS_TSS_3_AND_CBS_TSS_4	2125	91137	TRUE	1.184305075007407e-28	-0.4685270427537658	TRUE	2128	40	35.09843015927581
ENSG00000184900	CBS_TSS_2_AND_CBS_TSS_3_AND_CBS_TSS_4	2116	89959	TRUE	3.1366661891122605e-27	-0.4550870093246093	TRUE	2128	40	9.521557965353084
ENSG00000160209	CBS_TSS_2_AND_CBS_TSS_3_AND_CBS_TSS_4	2024	84655	TRUE	2.454275573600377e-21	-0.4932852182316463	TRUE	2128	40	4.281383793243539
ENSG00000160214	CBS_TSS_2_AND_CBS_TSS_3_AND_CBS_TSS_4	2033	85726	TRUE	3.5101349516963775e-20	-0.655981388629499	TRUE	2128	40	8.379824369511548
ENSG00000160194	CBS_TSS_2_AND_CBS_TSS_3_AND_CBS_TSS_4	2123	90836	TRUE	9.633104397096047e-19	-0.41769809036923267	TRUE	2128	40	15.147129597799932
ENSG00000160208	CBS_TSS_2_AND_CBS_TSS_3_AND_CBS_TSS_4	1437	58506	TRUE	9.852538861058908e-13	-0.5433448152950076	TRUE	2128	40	1.3658760169588633
ENSG00000160221	CBS_TSS_2_AND_CBS_TSS_3_AND_CBS_TSS_4	554	21418	TRUE	9.82238212524734e-6	-0.5305987084253028	TRUE	2128	40	0.29623842411742035
ENSG00000184787	CBS_TSS_2_AND_CBS_TSS_3_AND_CBS_TSS_4	1875	78189	TRUE	4e-4	-0.5747484846044442	TRUE	2128	40	3.2957592424763273
ENSG00000160201	CBS_TSS_2_AND_CBS_TSS_3_AND_CBS_TSS_4	159	6341	TRUE	0.011442106008106537	-0.6189920211879265	TRUE	2128	40	0.07659614362948843
ENSG00000160200	CBS_TSS_2_AND_CBS_TSS_3_AND_CBS_TSS_4	37	1501	TRUE	0.92	-0.2909359113177832	FALSE	2128	40	0.01742762794670667
ENSG00000160194	CBS_TSS_2_AND_CBS_TSS_3_AND_CBS_TSS_4	2123	90836	TRUE	1.5069451581471937e-39	-0.554100157807432	TRUE	2128	41	15.147129597799932
ENSG00000160213	CBS_TSS_2_AND_CBS_TSS_3_AND_CBS_TSS_4	2125	91137	TRUE	7.20908644840231e-39	-0.5262748383158646	TRUE	2128	41	35.09843015927581
ENSG00000184900	CBS_TSS_2_AND_CBS_TSS_3_AND_CBS_TSS_4	2116	89959	TRUE	1.3651544868557095e-33	-0.5191107080016986	TRUE	2128	41	9.521557965353084
ENSG00000183255	CBS_TSS_2_AND_CBS_TSS_3_AND_CBS_TSS_4	1943	81693	TRUE	5.481992123616751e-27	-0.5187258951715901	TRUE	2128	41	3.3954290238236613
ENSG00000184787	CBS_TSS_2_AND_CBS_TSS_3_AND_CBS_TSS_4	1875	78189	TRUE	7.001470486080482e-25	-0.6438306183494762	TRUE	2128	41	3.2957592424763273
ENSG00000160209	CBS_TSS_2_AND_CBS_TSS_3_AND_CBS_TSS_4	2024	84655	TRUE	1.194784954909255e-24	-0.5344079977770524	TRUE	2128	41	4.281383793243539
ENSG00000160208	CBS_TSS_2_AND_CBS_TSS_3_AND_CBS_TSS_4	1437	58506	TRUE	1.65091382596119e-24	-0.6831677849479008	TRUE	2128	41	1.3658760169588633
ENSG00000160214	CBS_TSS_2_AND_CBS_TSS_3_AND_CBS_TSS_4	2033	85726	TRUE	1.823308786645048e-18	-0.6810644736728002	TRUE	2128	41	8.379824369511548
ENSG00000160221	CBS_TSS_2_AND_CBS_TSS_3_AND_CBS_TSS_4	554	21418	TRUE	1.7234572793466824e-7	-0.5917390032392067	TRUE	2128	41	0.29623842411742035
ENSG00000160201	CBS_TSS_2_AND_CBS_TSS_3_AND_CBS_TSS_4	159	6341	TRUE	0.0046810878260891975	-0.5943299669536568	TRUE	2128	41	0.07659614362948843
ENSG00000160200	CBS_TSS_2_AND_CBS_TSS_3_AND_CBS_TSS_4	37	1501	TRUE	0.06	-0.8548367965111101	TRUE	2128	41	0.01742762794670667
ENSG00000160213	CBS_TSS_2_AND_CBS_TSS_3_AND_CBS_TSS_4	2125	91137	TRUE	1e-250	-0.5602752678193168	TRUE	2128	42	35.09843015927581
ENSG00000184900	CBS_TSS_2_AND_CBS_TSS_3_AND_CBS_TSS_4	2116	89959	TRUE	2.3004074322763064e-36	-0.5251605453704018	TRUE	2128	42	9.521557965353084
ENSG00000160194	CBS_TSS_2_AND_CBS_TSS_3_AND_CBS_TSS_4	2123	90836	TRUE	4.1387743242282603e-29	-0.4930544047355676	TRUE	2128	42	15.147129597799932
ENSG00000184787	CBS_TSS_2_AND_CBS_TSS_3_AND_CBS_TSS_4	1875	78189	TRUE	1.7620503665582995e-20	-0.577504349894953	TRUE	2128	42	3.2957592424763273
ENSG00000160214	CBS_TSS_2_AND_CBS_TSS_3_AND_CBS_TSS_4	2033	85726	TRUE	1.7777602848563025e-19	-0.6624091647159851	TRUE	2128	42	8.379824369511548
ENSG00000183255	CBS_TSS_2_AND_CBS_TSS_3_AND_CBS_TSS_4	1943	81693	TRUE	1.7566505719294265e-17	-0.4166964875600607	TRUE	2128	42	3.3954290238236613
ENSG00000160209	CBS_TSS_2_AND_CBS_TSS_3_AND_CBS_TSS_4	2024	84655	TRUE	2.311175261427614e-17	-0.47075836370644675	TRUE	2128	42	4.281383793243539
ENSG00000160208	CBS_TSS_2_AND_CBS_TSS_3_AND_CBS_TSS_4	1437	58506	TRUE	3.884948434956075e-14	-0.5556286474163088	TRUE	2128	42	1.3658760169588633
ENSG00000160221	CBS_TSS_2_AND_CBS_TSS_3_AND_CBS_TSS_4	554	21418	TRUE	2.361477475709447e-7	-0.6297068534382273	TRUE	2128	42	0.29623842411742035
ENSG00000160201	CBS_TSS_2_AND_CBS_TSS_3_AND_CBS_TSS_4	159	6341	TRUE	0.007893966366002744	-0.6696180942578938	TRUE	2128	42	0.07659614362948843
ENSG00000160200	CBS_TSS_2_AND_CBS_TSS_3_AND_CBS_TSS_4	37	1501	TRUE	0.064	-0.7345425627933988	TRUE	2128	42	0.01742762794670667
ENSG00000160194	CBS_TSS_2_AND_CBS_TSS_3_AND_CBS_TSS_4	2123	90836	TRUE	1.8013242371222117e-32	-0.5200886868317882	TRUE	2128	43	15.147129597799932
ENSG00000184900	CBS_TSS_2_AND_CBS_TSS_3_AND_CBS_TSS_4	2116	89959	TRUE	3.1924167280118958e-27	-0.49878478673170346	TRUE	2128	43	9.521557965353084
ENSG00000160213	CBS_TSS_2_AND_CBS_TSS_3_AND_CBS_TSS_4	2125	91137	TRUE	1.048763459632048e-20	-0.42904539968155664	TRUE	2128	43	35.09843015927581
ENSG00000183255	CBS_TSS_2_AND_CBS_TSS_3_AND_CBS_TSS_4	1943	81693	TRUE	6.843928496220973e-17	-0.4154687664061556	TRUE	2128	43	3.3954290238236613
ENSG00000160208	CBS_TSS_2_AND_CBS_TSS_3_AND_CBS_TSS_4	1437	58506	TRUE	2.5628879163012534e-16	-0.5851460566171942	TRUE	2128	43	1.3658760169588633
ENSG00000184787	CBS_TSS_2_AND_CBS_TSS_3_AND_CBS_TSS_4	1875	78189	TRUE	3.3808371351948507e-16	-0.5624118247592114	TRUE	2128	43	3.2957592424763273
ENSG00000160214	CBS_TSS_2_AND_CBS_TSS_3_AND_CBS_TSS_4	2033	85726	TRUE	6.249007076978998e-16	-0.6383123191239655	TRUE	2128	43	8.379824369511548
ENSG00000160209	CBS_TSS_2_AND_CBS_TSS_3_AND_CBS_TSS_4	2024	84655	TRUE	1.0076301349828546e-12	-0.41901100272744407	TRUE	2128	43	4.281383793243539
ENSG00000160221	CBS_TSS_2_AND_CBS_TSS_3_AND_CBS_TSS_4	554	21418	TRUE	4.28329723505935e-11	-0.6986542071557191	TRUE	2128	43	0.29623842411742035
ENSG00000160201	CBS_TSS_2_AND_CBS_TSS_3_AND_CBS_TSS_4	159	6341	TRUE	0.288	-0.4108838258577254	FALSE	2128	43	0.07659614362948843
ENSG00000160200	CBS_TSS_2_AND_CBS_TSS_3_AND_CBS_TSS_4	37	1501	TRUE	0.64	-0.37839875256812316	FALSE	2128	43	0.01742762794670667
ENSG00000160214	CBS_TSS_2_AND_CBS_TSS_3_AND_CBS_TSS_4	2033	85726	TRUE	8.989992715992723e-33	-0.7765496031885508	TRUE	2128	44	8.379824369511548
ENSG00000184787	CBS_TSS_2_AND_CBS_TSS_3_AND_CBS_TSS_4	1875	78189	TRUE	1.8303072552234448e-31	-0.6821720675856713	TRUE	2128	44	3.2957592424763273
ENSG00000184900	CBS_TSS_2_AND_CBS_TSS_3_AND_CBS_TSS_4	2116	89959	TRUE	9.77602039770961e-31	-0.4773659989096357	TRUE	2128	44	9.521557965353084
ENSG00000160213	CBS_TSS_2_AND_CBS_TSS_3_AND_CBS_TSS_4	2125	91137	TRUE	8.474330570616942e-28	-0.4385049496557434	TRUE	2128	44	35.09843015927581
ENSG00000160194	CBS_TSS_2_AND_CBS_TSS_3_AND_CBS_TSS_4	2123	90836	TRUE	1.0863324849077681e-25	-0.47881406295897966	TRUE	2128	44	15.147129597799932
ENSG00000183255	CBS_TSS_2_AND_CBS_TSS_3_AND_CBS_TSS_4	1943	81693	TRUE	1.3697305193460937e-22	-0.46820892294796224	TRUE	2128	44	3.3954290238236613
ENSG00000160209	CBS_TSS_2_AND_CBS_TSS_3_AND_CBS_TSS_4	2024	84655	TRUE	1.619674964560694e-21	-0.49490781932032046	TRUE	2128	44	4.281383793243539
ENSG00000160221	CBS_TSS_2_AND_CBS_TSS_3_AND_CBS_TSS_4	554	21418	TRUE	1.968699972425454e-5	-0.5246248073806701	TRUE	2128	44	0.29623842411742035
ENSG00000160208	CBS_TSS_2_AND_CBS_TSS_3_AND_CBS_TSS_4	1437	58506	TRUE	4e-4	-0.5726094098002023	TRUE	2128	44	1.3658760169588633
ENSG00000160201	CBS_TSS_2_AND_CBS_TSS_3_AND_CBS_TSS_4	159	6341	TRUE	0.048	-0.5462356787526117	TRUE	2128	44	0.07659614362948843
ENSG00000160200	CBS_TSS_2_AND_CBS_TSS_3_AND_CBS_TSS_4	37	1501	TRUE	0.148	-0.6779590344270305	FALSE	2128	44	0.01742762794670667
ENSG00000160194	CBS_TSS_2_AND_CBS_TSS_3_AND_CBS_TSS_4	2123	90836	TRUE	1.093757396125361e-37	-0.546505592169281	TRUE	2128	45	15.147129597799932
ENSG00000160209	CBS_TSS_2_AND_CBS_TSS_3_AND_CBS_TSS_4	2024	84655	TRUE	5.270354464232613e-24	-0.5052950240817269	TRUE	2128	45	4.281383793243539
ENSG00000184787	CBS_TSS_2_AND_CBS_TSS_3_AND_CBS_TSS_4	1875	78189	TRUE	7.908789754996354e-22	-0.6003032428085551	TRUE	2128	45	3.2957592424763273
ENSG00000160213	CBS_TSS_2_AND_CBS_TSS_3_AND_CBS_TSS_4	2125	91137	TRUE	7.237569185348213e-20	-0.41066117279197734	TRUE	2128	45	35.09843015927581
ENSG00000184900	CBS_TSS_2_AND_CBS_TSS_3_AND_CBS_TSS_4	2116	89959	TRUE	4.2188780530395426e-16	-0.38825995695783266	TRUE	2128	45	9.521557965353084
ENSG00000183255	CBS_TSS_2_AND_CBS_TSS_3_AND_CBS_TSS_4	1943	81693	TRUE	9.172401273582506e-16	-0.40397897138450434	TRUE	2128	45	3.3954290238236613
ENSG00000160214	CBS_TSS_2_AND_CBS_TSS_3_AND_CBS_TSS_4	2033	85726	TRUE	3.955079152105604e-14	-0.5984115085658028	TRUE	2128	45	8.379824369511548
ENSG00000160221	CBS_TSS_2_AND_CBS_TSS_3_AND_CBS_TSS_4	554	21418	TRUE	5.384622221627027e-7	-0.6011377012414565	TRUE	2128	45	0.29623842411742035
ENSG00000160208	CBS_TSS_2_AND_CBS_TSS_3_AND_CBS_TSS_4	1437	58506	TRUE	4e-4	-0.6058373880488791	TRUE	2128	45	1.3658760169588633
ENSG00000160201	CBS_TSS_2_AND_CBS_TSS_3_AND_CBS_TSS_4	159	6341	TRUE	0.007263290080393295	-0.6314829653711227	TRUE	2128	45	0.07659614362948843
ENSG00000160200	CBS_TSS_2_AND_CBS_TSS_3_AND_CBS_TSS_4	37	1501	TRUE	0.096	-0.7345425627933988	TRUE	2128	45	0.01742762794670667
ENSG00000184900	CBS_TSS_2_AND_CBS_TSS_3_AND_CBS_TSS_4	2116	89959	TRUE	1.6800165261952133e-34	-0.513743848013859	TRUE	2128	46	9.521557965353084
ENSG00000160213	CBS_TSS_2_AND_CBS_TSS_3_AND_CBS_TSS_4	2125	91137	TRUE	5.423418723394456e-31	-0.474504479707325	TRUE	2128	46	35.09843015927581
ENSG00000160209	CBS_TSS_2_AND_CBS_TSS_3_AND_CBS_TSS_4	2024	84655	TRUE	5.1327234798205133e-26	-0.5298266875041044	TRUE	2128	46	4.281383793243539
ENSG00000160214	CBS_TSS_2_AND_CBS_TSS_3_AND_CBS_TSS_4	2033	85726	TRUE	1.3875476410324113e-23	-0.7267758351759359	TRUE	2128	46	8.379824369511548
ENSG00000160194	CBS_TSS_2_AND_CBS_TSS_3_AND_CBS_TSS_4	2123	90836	TRUE	2.782782952467255e-22	-0.4471806712256048	TRUE	2128	46	15.147129597799932
ENSG00000184787	CBS_TSS_2_AND_CBS_TSS_3_AND_CBS_TSS_4	1875	78189	TRUE	1.1463831350843929e-20	-0.6017051426767996	TRUE	2128	46	3.2957592424763273
ENSG00000183255	CBS_TSS_2_AND_CBS_TSS_3_AND_CBS_TSS_4	1943	81693	TRUE	1.7324857520870466e-19	-0.43424382985949084	TRUE	2128	46	3.3954290238236613
ENSG00000160208	CBS_TSS_2_AND_CBS_TSS_3_AND_CBS_TSS_4	1437	58506	TRUE	1.488431327468544e-18	-0.6018093862487768	TRUE	2128	46	1.3658760169588633
ENSG00000160221	CBS_TSS_2_AND_CBS_TSS_3_AND_CBS_TSS_4	554	21418	TRUE	1.237543095565709e-10	-0.688600542491796	TRUE	2128	46	0.29623842411742035
ENSG00000160201	CBS_TSS_2_AND_CBS_TSS_3_AND_CBS_TSS_4	159	6341	TRUE	0.032	-0.5943299669536568	TRUE	2128	46	0.07659614362948843
ENSG00000160200	CBS_TSS_2_AND_CBS_TSS_3_AND_CBS_TSS_4	37	1501	TRUE	0.792	-0.47150815695960446	FALSE	2128	46	0.01742762794670667
ENSG00000160213	CBS_TSS_2_AND_CBS_TSS_3_AND_CBS_TSS_4	2125	91137	TRUE	6.890233605741765e-36	-0.5071676825770535	TRUE	2128	47	35.09843015927581
ENSG00000160209	CBS_TSS_2_AND_CBS_TSS_3_AND_CBS_TSS_4	2024	84655	TRUE	1.1658393510474583e-27	-0.5364952305498139	TRUE	2128	47	4.281383793243539
ENSG00000184900	CBS_TSS_2_AND_CBS_TSS_3_AND_CBS_TSS_4	2116	89959	TRUE	3.9291393203887164e-27	-0.4640481580056579	TRUE	2128	47	9.521557965353084
ENSG00000160194	CBS_TSS_2_AND_CBS_TSS_3_AND_CBS_TSS_4	2123	90836	TRUE	3.603151908629361e-24	-0.4567325733914749	TRUE	2128	47	15.147129597799932
ENSG00000160208	CBS_TSS_2_AND_CBS_TSS_3_AND_CBS_TSS_4	1437	58506	TRUE	5.836192284110471e-21	-0.6322971499880946	TRUE	2128	47	1.3658760169588633
ENSG00000184787	CBS_TSS_2_AND_CBS_TSS_3_AND_CBS_TSS_4	1875	78189	TRUE	3.1194111335383784e-18	-0.5866362373613543	TRUE	2128	47	3.2957592424763273
ENSG00000183255	CBS_TSS_2_AND_CBS_TSS_3_AND_CBS_TSS_4	1943	81693	TRUE	1.362610182783647e-17	-0.4422228065246432	TRUE	2128	47	3.3954290238236613
ENSG00000160214	CBS_TSS_2_AND_CBS_TSS_3_AND_CBS_TSS_4	2033	85726	TRUE	4.159040185247855e-14	-0.6394242228714044	TRUE	2128	47	8.379824369511548
ENSG00000160221	CBS_TSS_2_AND_CBS_TSS_3_AND_CBS_TSS_4	554	21418	TRUE	5.225786451958179e-5	-0.5039088303405714	TRUE	2128	47	0.29623842411742035
ENSG00000160201	CBS_TSS_2_AND_CBS_TSS_3_AND_CBS_TSS_4	159	6341	TRUE	0.128	-0.42169058081430855	FALSE	2128	47	0.07659614362948843
ENSG00000160200	CBS_TSS_2_AND_CBS_TSS_3_AND_CBS_TSS_4	37	1501	TRUE	0.364	-0.5710438305105185	FALSE	2128	47	0.01742762794670667
ENSG00000160213	CBS_TSS_2_AND_CBS_TSS_3_AND_CBS_TSS_4	2125	91137	TRUE	9.528740979848052e-39	-0.5291412803890729	TRUE	2128	48	35.09843015927581
ENSG00000184900	CBS_TSS_2_AND_CBS_TSS_3_AND_CBS_TSS_4	2116	89959	TRUE	2.7534913634970583e-29	-0.5105520435241493	TRUE	2128	48	9.521557965353084
ENSG00000160194	CBS_TSS_2_AND_CBS_TSS_3_AND_CBS_TSS_4	2123	90836	TRUE	4.325440725190371e-27	-0.4737580494898288	TRUE	2128	48	15.147129597799932
ENSG00000160209	CBS_TSS_2_AND_CBS_TSS_3_AND_CBS_TSS_4	2024	84655	TRUE	3.4912287910432093e-22	-0.48762044287827244	TRUE	2128	48	4.281383793243539
ENSG00000160214	CBS_TSS_2_AND_CBS_TSS_3_AND_CBS_TSS_4	2033	85726	TRUE	4.0127335952527465e-21	-0.6830121265947797	TRUE	2128	48	8.379824369511548
ENSG00000183255	CBS_TSS_2_AND_CBS_TSS_3_AND_CBS_TSS_4	1943	81693	TRUE	2.8091315428390706e-20	-0.4332495534308263	TRUE	2128	48	3.3954290238236613
ENSG00000160208	CBS_TSS_2_AND_CBS_TSS_3_AND_CBS_TSS_4	1437	58506	TRUE	6.726957553518936e-11	-0.5305264720538718	TRUE	2128	48	1.3658760169588633
ENSG00000184787	CBS_TSS_2_AND_CBS_TSS_3_AND_CBS_TSS_4	1875	78189	TRUE	4e-4	-0.6073264045746931	TRUE	2128	48	3.2957592424763273
ENSG00000160221	CBS_TSS_2_AND_CBS_TSS_3_AND_CBS_TSS_4	554	21418	TRUE	8.072480934062914e-4	-0.44630856371764294	TRUE	2128	48	0.29623842411742035
ENSG00000160201	CBS_TSS_2_AND_CBS_TSS_3_AND_CBS_TSS_4	159	6341	TRUE	0.036	-0.5700824207069797	TRUE	2128	48	0.07659614362948843
ENSG00000160200	CBS_TSS_2_AND_CBS_TSS_3_AND_CBS_TSS_4	37	1501	TRUE	0.068	-0.9189671339308259	TRUE	2128	48	0.01742762794670667
ENSG00000160213	CBS_TSS_2_AND_CBS_TSS_3_AND_CBS_TSS_4	2125	91137	TRUE	4.82328009544608e-38	-0.5483377929065671	TRUE	2128	49	35.09843015927581
ENSG00000160214	CBS_TSS_2_AND_CBS_TSS_3_AND_CBS_TSS_4	2033	85726	TRUE	2.0703746902162785e-33	-0.7825559891109068	TRUE	2128	49	8.379824369511548
ENSG00000160194	CBS_TSS_2_AND_CBS_TSS_3_AND_CBS_TSS_4	2123	90836	TRUE	2.1202115942011982e-26	-0.4725109749986163	TRUE	2128	49	15.147129597799932
ENSG00000183255	CBS_TSS_2_AND_CBS_TSS_3_AND_CBS_TSS_4	1943	81693	TRUE	1.2258957015404833e-25	-0.5009081491209373	TRUE	2128	49	3.3954290238236613
ENSG00000184900	CBS_TSS_2_AND_CBS_TSS_3_AND_CBS_TSS_4	2116	89959	TRUE	2.5733928334926644e-21	-0.4193486583259056	TRUE	2128	49	9.521557965353084
ENSG00000160209	CBS_TSS_2_AND_CBS_TSS_3_AND_CBS_TSS_4	2024	84655	TRUE	5.288249751779446e-21	-0.4914619707281518	TRUE	2128	49	4.281383793243539
ENSG00000184787	CBS_TSS_2_AND_CBS_TSS_3_AND_CBS_TSS_4	1875	78189	TRUE	1.3800417278270794e-19	-0.5961056982678972	TRUE	2128	49	3.2957592424763273
ENSG00000160208	CBS_TSS_2_AND_CBS_TSS_3_AND_CBS_TSS_4	1437	58506	TRUE	1.9279121325071702e-19	-0.6247848748130644	TRUE	2128	49	1.3658760169588633
ENSG00000160221	CBS_TSS_2_AND_CBS_TSS_3_AND_CBS_TSS_4	554	21418	TRUE	7.877931871179877e-8	-0.5886196613950281	TRUE	2128	49	0.29623842411742035
ENSG00000160201	CBS_TSS_2_AND_CBS_TSS_3_AND_CBS_TSS_4	159	6341	TRUE	0.052	-0.4996930928155816	TRUE	2128	49	0.07659614362948843
ENSG00000160200	CBS_TSS_2_AND_CBS_TSS_3_AND_CBS_TSS_4	37	1501	TRUE	0.616	-0.37839875256812316	FALSE	2128	49	0.01742762794670667
ENSG00000160194	CBS_TSS_2_AND_CBS_TSS_3_AND_CBS_TSS_4	2123	90836	TRUE	4.333342374871281e-34	-0.5118552036236732	TRUE	2128	50	15.147129597799932
ENSG00000160213	CBS_TSS_2_AND_CBS_TSS_3_AND_CBS_TSS_4	2125	91137	TRUE	4.704503988653474e-27	-0.465292490006215	TRUE	2128	50	35.09843015927581
ENSG00000160209	CBS_TSS_2_AND_CBS_TSS_3_AND_CBS_TSS_4	2024	84655	TRUE	4.7200814336558817e-26	-0.5367041200080644	TRUE	2128	50	4.281383793243539
ENSG00000184787	CBS_TSS_2_AND_CBS_TSS_3_AND_CBS_TSS_4	1875	78189	TRUE	3.751286039815582e-24	-0.6126869672643873	TRUE	2128	50	3.2957592424763273
ENSG00000184900	CBS_TSS_2_AND_CBS_TSS_3_AND_CBS_TSS_4	2116	89959	TRUE	8.68096618896307e-24	-0.4433142433167827	TRUE	2128	50	9.521557965353084
ENSG00000183255	CBS_TSS_2_AND_CBS_TSS_3_AND_CBS_TSS_4	1943	81693	TRUE	1.6620795447056775e-16	-0.41915506866101504	TRUE	2128	50	3.3954290238236613
ENSG00000160214	CBS_TSS_2_AND_CBS_TSS_3_AND_CBS_TSS_4	2033	85726	TRUE	7.402291311928018e-16	-0.6350926359079487	TRUE	2128	50	8.379824369511548
ENSG00000160208	CBS_TSS_2_AND_CBS_TSS_3_AND_CBS_TSS_4	1437	58506	TRUE	7.391092884241906e-13	-0.5286135059735186	TRUE	2128	50	1.3658760169588633
ENSG00000160221	CBS_TSS_2_AND_CBS_TSS_3_AND_CBS_TSS_4	554	21418	TRUE	1.7316789135309007e-6	-0.5917390032392067	TRUE	2128	50	0.29623842411742035
ENSG00000160201	CBS_TSS_2_AND_CBS_TSS_3_AND_CBS_TSS_4	159	6341	TRUE	0.208	-0.432578896957045	FALSE	2128	50	0.07659614362948843
ENSG00000160200	CBS_TSS_2_AND_CBS_TSS_3_AND_CBS_TSS_4	37	1501	TRUE	0.388	-0.5710438305105185	FALSE	2128	50	0.01742762794670667
ENSG00000184900	CBS_TSS_2_AND_CBS_TSS_3_AND_CBS_TSS_4	2116	89959	TRUE	8.833112895840771e-40	-0.5343784681743577	TRUE	2128	51	9.521557965353084
ENSG00000183255	CBS_TSS_2_AND_CBS_TSS_3_AND_CBS_TSS_4	1943	81693	TRUE	1.0720508479499262e-35	-0.5580126000569252	TRUE	2128	51	3.3954290238236613
ENSG00000160213	CBS_TSS_2_AND_CBS_TSS_3_AND_CBS_TSS_4	2125	91137	TRUE	1.0193412489028286e-26	-0.44841104468315507	TRUE	2128	51	35.09843015927581
ENSG00000160194	CBS_TSS_2_AND_CBS_TSS_3_AND_CBS_TSS_4	2123	90836	TRUE	1.3512409924410206e-22	-0.4552201675103489	TRUE	2128	51	15.147129597799932
ENSG00000160209	CBS_TSS_2_AND_CBS_TSS_3_AND_CBS_TSS_4	2024	84655	TRUE	1.3096364984383507e-21	-0.4999902421095368	TRUE	2128	51	4.281383793243539
ENSG00000160214	CBS_TSS_2_AND_CBS_TSS_3_AND_CBS_TSS_4	2033	85726	TRUE	3.5000848608125957e-19	-0.6839295797518599	TRUE	2128	51	8.379824369511548
ENSG00000160208	CBS_TSS_2_AND_CBS_TSS_3_AND_CBS_TSS_4	1437	58506	TRUE	2.223498115097973e-10	-0.5058536029736633	TRUE	2128	51	1.3658760169588633
ENSG00000160221	CBS_TSS_2_AND_CBS_TSS_3_AND_CBS_TSS_4	554	21418	TRUE	1.3369490753426427e-7	-0.6137653095692057	TRUE	2128	51	0.29623842411742035
ENSG00000184787	CBS_TSS_2_AND_CBS_TSS_3_AND_CBS_TSS_4	1875	78189	TRUE	4e-4	-0.6536843391365785	TRUE	2128	51	3.2957592424763273
ENSG00000160200	CBS_TSS_2_AND_CBS_TSS_3_AND_CBS_TSS_4	37	1501	TRUE	0.002113355023795921	-1.2909359113177832	TRUE	2128	51	0.01742762794670667
ENSG00000160201	CBS_TSS_2_AND_CBS_TSS_3_AND_CBS_TSS_4	159	6341	TRUE	0.084	-0.488288329543332	TRUE	2128	51	0.07659614362948843
ENSG00000183255	CBS_TSS_2_AND_CBS_TSS_3_AND_CBS_TSS_4	1943	81693	TRUE	2.207045081311587e-44	-0.6245463513126257	TRUE	2128	52	3.3954290238236613
ENSG00000160213	CBS_TSS_2_AND_CBS_TSS_3_AND_CBS_TSS_4	2125	91137	TRUE	3.967162502301908e-36	-0.5007797597539243	TRUE	2128	52	35.09843015927581
ENSG00000160194	CBS_TSS_2_AND_CBS_TSS_3_AND_CBS_TSS_4	2123	90836	TRUE	1.5701665791108705e-35	-0.5133699053886853	TRUE	2128	52	15.147129597799932
ENSG00000160209	CBS_TSS_2_AND_CBS_TSS_3_AND_CBS_TSS_4	2024	84655	TRUE	8.834075145299655e-34	-0.5765226586269527	TRUE	2128	52	4.281383793243539
ENSG00000184900	CBS_TSS_2_AND_CBS_TSS_3_AND_CBS_TSS_4	2116	89959	TRUE	5.514552934316426e-33	-0.5084905147958949	TRUE	2128	52	9.521557965353084
ENSG00000184787	CBS_TSS_2_AND_CBS_TSS_3_AND_CBS_TSS_4	1875	78189	TRUE	1.6244583903768768e-20	-0.6062003986319611	TRUE	2128	52	3.2957592424763273
ENSG00000160214	CBS_TSS_2_AND_CBS_TSS_3_AND_CBS_TSS_4	2033	85726	TRUE	1.2942791692084517e-13	-0.6132999101119028	TRUE	2128	52	8.379824369511548
ENSG00000160221	CBS_TSS_2_AND_CBS_TSS_3_AND_CBS_TSS_4	554	21418	TRUE	5.4629147266439543e-8	-0.6011377012414565	TRUE	2128	52	0.29623842411742035
ENSG00000160208	CBS_TSS_2_AND_CBS_TSS_3_AND_CBS_TSS_4	1437	58506	TRUE	4e-4	-0.5382038030275842	TRUE	2128	52	1.3658760169588633
ENSG00000160201	CBS_TSS_2_AND_CBS_TSS_3_AND_CBS_TSS_4	159	6341	TRUE	0.00833390520998989	-0.5943299669536568	TRUE	2128	52	0.07659614362948843
ENSG00000160200	CBS_TSS_2_AND_CBS_TSS_3_AND_CBS_TSS_4	37	1501	TRUE	0.208	-0.623511250404654	FALSE	2128	52	0.01742762794670667
ENSG00000160209	CBS_TSS_2_AND_CBS_TSS_3_AND_CBS_TSS_4	2024	84655	TRUE	3.9201502560443665e-36	-0.6135001323872977	TRUE	2128	53	4.281383793243539
ENSG00000184787	CBS_TSS_2_AND_CBS_TSS_3_AND_CBS_TSS_4	1875	78189	TRUE	6.532754371361504e-31	-0.6598042545572165	TRUE	2128	53	3.2957592424763273
ENSG00000160194	CBS_TSS_2_AND_CBS_TSS_3_AND_CBS_TSS_4	2123	90836	TRUE	6.708006165157377e-29	-0.49001153048868185	TRUE	2128	53	15.147129597799932
ENSG00000184900	CBS_TSS_2_AND_CBS_TSS_3_AND_CBS_TSS_4	2116	89959	TRUE	1.6399154749316007e-28	-0.482323087790669	TRUE	2128	53	9.521557965353084
ENSG00000183255	CBS_TSS_2_AND_CBS_TSS_3_AND_CBS_TSS_4	1943	81693	TRUE	4.951367275494068e-28	-0.5074332395787431	TRUE	2128	53	3.3954290238236613
ENSG00000160213	CBS_TSS_2_AND_CBS_TSS_3_AND_CBS_TSS_4	2125	91137	TRUE	1.0699567361731454e-26	-0.445988060133077	TRUE	2128	53	35.09843015927581
ENSG00000160214	CBS_TSS_2_AND_CBS_TSS_3_AND_CBS_TSS_4	2033	85726	TRUE	2.4761251778959245e-21	-0.6777480633355517	TRUE	2128	53	8.379824369511548
ENSG00000160208	CBS_TSS_2_AND_CBS_TSS_3_AND_CBS_TSS_4	1437	58506	TRUE	1.250132164835196e-15	-0.5739239384022079	TRUE	2128	53	1.3658760169588633
ENSG00000160221	CBS_TSS_2_AND_CBS_TSS_3_AND_CBS_TSS_4	554	21418	TRUE	3.1876370316553265e-8	-0.6233090822400769	TRUE	2128	53	0.29623842411742035
ENSG00000160201	CBS_TSS_2_AND_CBS_TSS_3_AND_CBS_TSS_4	159	6341	TRUE	0.036	-0.5581097790409038	TRUE	2128	53	0.07659614362948843
ENSG00000160200	CBS_TSS_2_AND_CBS_TSS_3_AND_CBS_TSS_4	37	1501	TRUE	0.78	-0.37839875256812316	FALSE	2128	53	0.01742762794670667
ENSG00000160213	CBS_TSS_2_AND_CBS_TSS_3_AND_CBS_TSS_4	2125	91137	TRUE	2.591647197112919e-26	-0.44728301097230094	TRUE	2128	54	35.09843015927581
ENSG00000160194	CBS_TSS_2_AND_CBS_TSS_3_AND_CBS_TSS_4	2123	90836	TRUE	4.6853213255732076e-26	-0.4717179430350127	TRUE	2128	54	15.147129597799932
ENSG00000184900	CBS_TSS_2_AND_CBS_TSS_3_AND_CBS_TSS_4	2116	89959	TRUE	8.36979109004466e-19	-0.4187325921102776	TRUE	2128	54	9.521557965353084
ENSG00000160209	CBS_TSS_2_AND_CBS_TSS_3_AND_CBS_TSS_4	2024	84655	TRUE	2.4855365702416043e-18	-0.4761568546711705	TRUE	2128	54	4.281383793243539
ENSG00000183255	CBS_TSS_2_AND_CBS_TSS_3_AND_CBS_TSS_4	1943	81693	TRUE	8.390439119887653e-18	-0.425072814265006	TRUE	2128	54	3.3954290238236613
ENSG00000160214	CBS_TSS_2_AND_CBS_TSS_3_AND_CBS_TSS_4	2033	85726	TRUE	4.0347996418122944e-17	-0.6609406577159538	TRUE	2128	54	8.379824369511548
ENSG00000160208	CBS_TSS_2_AND_CBS_TSS_3_AND_CBS_TSS_4	1437	58506	TRUE	4e-4	-0.5311646915028508	TRUE	2128	54	1.3658760169588633
ENSG00000184787	CBS_TSS_2_AND_CBS_TSS_3_AND_CBS_TSS_4	1875	78189	TRUE	4e-4	-0.5681558072940152	TRUE	2128	54	3.2957592424763273
ENSG00000160221	CBS_TSS_2_AND_CBS_TSS_3_AND_CBS_TSS_4	554	21418	TRUE	9.884300645388207e-4	-0.44913460779640646	TRUE	2128	54	0.29623842411742035
ENSG00000160200	CBS_TSS_2_AND_CBS_TSS_3_AND_CBS_TSS_4	37	1501	TRUE	0.01286031259423609	-1.0564706576807605	TRUE	2128	54	0.01742762794670667
ENSG00000160201	CBS_TSS_2_AND_CBS_TSS_3_AND_CBS_TSS_4	159	6341	TRUE	0.152	-0.488288329543332	FALSE	2128	54	0.07659614362948843
ENSG00000184900	CBS_TSS_2_AND_CBS_TSS_3_AND_CBS_TSS_4	2116	89959	TRUE	3.456604804866858e-31	-0.5073672849661945	TRUE	2128	55	9.521557965353084
ENSG00000160194	CBS_TSS_2_AND_CBS_TSS_3_AND_CBS_TSS_4	2123	90836	TRUE	9.752459804568846e-29	-0.49202025588255704	TRUE	2128	55	15.147129597799932
ENSG00000160213	CBS_TSS_2_AND_CBS_TSS_3_AND_CBS_TSS_4	2125	91137	TRUE	5.156190883295626e-27	-0.4525707836017423	TRUE	2128	55	35.09843015927581
ENSG00000160209	CBS_TSS_2_AND_CBS_TSS_3_AND_CBS_TSS_4	2024	84655	TRUE	5.020270633631599e-25	-0.5312827997012817	TRUE	2128	55	4.281383793243539
ENSG00000160214	CBS_TSS_2_AND_CBS_TSS_3_AND_CBS_TSS_4	2033	85726	TRUE	3.714184992967047e-24	-0.7257126412389332	TRUE	2128	55	8.379824369511548
ENSG00000183255	CBS_TSS_2_AND_CBS_TSS_3_AND_CBS_TSS_4	1943	81693	TRUE	5.812309592780108e-19	-0.4292792859347223	TRUE	2128	55	3.3954290238236613
ENSG00000184787	CBS_TSS_2_AND_CBS_TSS_3_AND_CBS_TSS_4	1875	78189	TRUE	2.3097188287420688e-17	-0.5719978735884093	TRUE	2128	55	3.2957592424763273
ENSG00000160221	CBS_TSS_2_AND_CBS_TSS_3_AND_CBS_TSS_4	554	21418	TRUE	2.6380023380206084e-4	-0.4719444907044923	TRUE	2128	55	0.29623842411742035
ENSG00000160208	CBS_TSS_2_AND_CBS_TSS_3_AND_CBS_TSS_4	1437	58506	TRUE	4e-4	-0.4840649142083766	TRUE	2128	55	1.3658760169588633
ENSG00000160201	CBS_TSS_2_AND_CBS_TSS_3_AND_CBS_TSS_4	159	6341	TRUE	0.048	-0.5111887316534114	TRUE	2128	55	0.07659614362948843
ENSG00000160200	CBS_TSS_2_AND_CBS_TSS_3_AND_CBS_TSS_4	37	1501	TRUE	0.404	-0.5710438305105185	FALSE	2128	55	0.01742762794670667
ENSG00000160213	CBS_TSS_2_AND_CBS_TSS_3_AND_CBS_TSS_4	2125	91137	TRUE	6.18269734466968e-29	-0.4541126908761468	TRUE	2128	56	35.09843015927581
ENSG00000160209	CBS_TSS_2_AND_CBS_TSS_3_AND_CBS_TSS_4	2024	84655	TRUE	4.6367004056069254e-26	-0.5373309699162054	TRUE	2128	56	4.281383793243539
ENSG00000184900	CBS_TSS_2_AND_CBS_TSS_3_AND_CBS_TSS_4	2116	89959	TRUE	3.4609424556420446e-25	-0.4512120648196203	TRUE	2128	56	9.521557965353084
ENSG00000160194	CBS_TSS_2_AND_CBS_TSS_3_AND_CBS_TSS_4	2123	90836	TRUE	3.668677854712499e-25	-0.4625729972592785	TRUE	2128	56	15.147129597799932
ENSG00000183255	CBS_TSS_2_AND_CBS_TSS_3_AND_CBS_TSS_4	1943	81693	TRUE	1.2907531457843448e-24	-0.4555358351237344	TRUE	2128	56	3.3954290238236613
ENSG00000184787	CBS_TSS_2_AND_CBS_TSS_3_AND_CBS_TSS_4	1875	78189	TRUE	6.195511715756818e-23	-0.6277462545980541	TRUE	2128	56	3.2957592424763273
ENSG00000160214	CBS_TSS_2_AND_CBS_TSS_3_AND_CBS_TSS_4	2033	85726	TRUE	6.144488144366e-17	-0.6562064405043628	TRUE	2128	56	8.379824369511548
ENSG00000160221	CBS_TSS_2_AND_CBS_TSS_3_AND_CBS_TSS_4	554	21418	TRUE	6.012270689171802e-9	-0.6490721783051585	TRUE	2128	56	0.29623842411742035
ENSG00000160208	CBS_TSS_2_AND_CBS_TSS_3_AND_CBS_TSS_4	1437	58506	TRUE	4e-4	-0.6254661947978116	TRUE	2128	56	1.3658760169588633
ENSG00000160201	CBS_TSS_2_AND_CBS_TSS_3_AND_CBS_TSS_4	159	6341	TRUE	0.004401974489468823	-0.6567940539003105	TRUE	2128	56	0.07659614362948843
ENSG00000160200	CBS_TSS_2_AND_CBS_TSS_3_AND_CBS_TSS_4	37	1501	TRUE	0.236	-0.5710438305105185	FALSE	2128	56	0.01742762794670667
ENSG00000160194	CBS_TSS_2_AND_CBS_TSS_3_AND_CBS_TSS_4	2123	90836	TRUE	2.5496039675502112e-37	-0.550028804558433	TRUE	2128	57	15.147129597799932
ENSG00000160213	CBS_TSS_2_AND_CBS_TSS_3_AND_CBS_TSS_4	2125	91137	TRUE	9.592033902709866e-36	-0.5067426066920921	TRUE	2128	57	35.09843015927581
ENSG00000184900	CBS_TSS_2_AND_CBS_TSS_3_AND_CBS_TSS_4	2116	89959	TRUE	7.009655498000559e-28	-0.48370308506537896	TRUE	2128	57	9.521557965353084
ENSG00000160214	CBS_TSS_2_AND_CBS_TSS_3_AND_CBS_TSS_4	2033	85726	TRUE	6.0475679367956495e-27	-0.7322222078224114	TRUE	2128	57	8.379824369511548
ENSG00000183255	CBS_TSS_2_AND_CBS_TSS_3_AND_CBS_TSS_4	1943	81693	TRUE	8.54290014776174e-24	-0.4583143784757684	TRUE	2128	57	3.3954290238236613
ENSG00000184787	CBS_TSS_2_AND_CBS_TSS_3_AND_CBS_TSS_4	1875	78189	TRUE	1.4136027095142576e-20	-0.5908062808491623	TRUE	2128	57	3.2957592424763273
ENSG00000160209	CBS_TSS_2_AND_CBS_TSS_3_AND_CBS_TSS_4	2024	84655	TRUE	1.5224014272409656e-14	-0.44308560054061097	TRUE	2128	57	4.281383793243539
ENSG00000160208	CBS_TSS_2_AND_CBS_TSS_3_AND_CBS_TSS_4	1437	58506	TRUE	1.250996399061191e-13	-0.5401295364047997	TRUE	2128	57	1.3658760169588633
ENSG00000160221	CBS_TSS_2_AND_CBS_TSS_3_AND_CBS_TSS_4	554	21418	TRUE	4.054761967259316e-7	-0.5886196613950281	TRUE	2128	57	0.29623842411742035
ENSG00000160201	CBS_TSS_2_AND_CBS_TSS_3_AND_CBS_TSS_4	159	6341	TRUE	0.072	-0.5344585109762585	TRUE	2128	57	0.07659614362948843
ENSG00000160200	CBS_TSS_2_AND_CBS_TSS_3_AND_CBS_TSS_4	37	1501	TRUE	0.084	-0.7345425627933988	TRUE	2128	57	0.01742762794670667
ENSG00000160213	CBS_TSS_2_AND_CBS_TSS_3_AND_CBS_TSS_4	2125	91137	TRUE	1.0121062784308735e-31	-0.46429683283553747	TRUE	2128	58	35.09843015927581
ENSG00000160208	CBS_TSS_2_AND_CBS_TSS_3_AND_CBS_TSS_4	1437	58506	TRUE	7.761707549345173e-22	-0.6725674797941542	TRUE	2128	58	1.3658760169588633
ENSG00000183255	CBS_TSS_2_AND_CBS_TSS_3_AND_CBS_TSS_4	1943	81693	TRUE	4.250379502230298e-20	-0.4290315066226682	TRUE	2128	58	3.3954290238236613
ENSG00000184900	CBS_TSS_2_AND_CBS_TSS_3_AND_CBS_TSS_4	2116	89959	TRUE	1.161017855089582e-19	-0.4008932456234069	TRUE	2128	58	9.521557965353084
ENSG00000160194	CBS_TSS_2_AND_CBS_TSS_3_AND_CBS_TSS_4	2123	90836	TRUE	1.324663846251698e-17	-0.405855288660125	TRUE	2128	58	15.147129597799932
ENSG00000160214	CBS_TSS_2_AND_CBS_TSS_3_AND_CBS_TSS_4	2033	85726	TRUE	1.1765686330720233e-15	-0.6399804962698092	TRUE	2128	58	8.379824369511548
ENSG00000160209	CBS_TSS_2_AND_CBS_TSS_3_AND_CBS_TSS_4	2024	84655	TRUE	1.2570554834968555e-14	-0.4306098461830612	TRUE	2128	58	4.281383793243539
ENSG00000184787	CBS_TSS_2_AND_CBS_TSS_3_AND_CBS_TSS_4	1875	78189	TRUE	1.488150726731306e-13	-0.5170005961139936	TRUE	2128	58	3.2957592424763273
ENSG00000160221	CBS_TSS_2_AND_CBS_TSS_3_AND_CBS_TSS_4	554	21418	TRUE	6.225030369024385e-4	-0.46620812115534793	TRUE	2128	58	0.29623842411742035
ENSG00000160200	CBS_TSS_2_AND_CBS_TSS_3_AND_CBS_TSS_4	37	1501	TRUE	0.076	-0.8548367965111101	TRUE	2128	58	0.01742762794670667
ENSG00000160201	CBS_TSS_2_AND_CBS_TSS_3_AND_CBS_TSS_4	159	6341	TRUE	0.128	-0.4657457608922444	FALSE	2128	58	0.07659614362948843
ENSG00000160213	CBS_TSS_2_AND_CBS_TSS_3_AND_CBS_TSS_4	2125	91137	TRUE	2.7340092805488307e-40	-0.53025895949769275	TRUE	2128	59	35.09843015927581
ENSG00000184900	CBS_TSS_2_AND_CBS_TSS_3_AND_CBS_TSS_4	2116	89959	TRUE	1.289551270743294e-24	-0.4459121611342476	TRUE	2128	59	9.521557965353084
ENSG00000184787	CBS_TSS_2_AND_CBS_TSS_3_AND_CBS_TSS_4	1875	78189	TRUE	4.311714439715761e-23	-0.6192028322315439	TRUE	2128	59	3.2957592424763273
ENSG00000160214	CBS_TSS_2_AND_CBS_TSS_3_AND_CBS_TSS_4	2033	85726	TRUE	8.228882200885581e-19	-0.6533958122222869	TRUE	2128	59	8.379824369511548
ENSG00000160194	CBS_TSS_2_AND_CBS_TSS_3_AND_CBS_TSS_4	2123	90836	TRUE	4.792476117494302e-17	-0.4212480979395856	TRUE	2128	59	15.147129597799932
ENSG00000183255	CBS_TSS_2_AND_CBS_TSS_3_AND_CBS_TSS_4	1943	81693	TRUE	3.108219552072324e-16	-0.3986320496812843	TRUE	2128	59	3.3954290238236613
ENSG00000160209	CBS_TSS_2_AND_CBS_TSS_3_AND_CBS_TSS_4	2024	84655	TRUE	1.394261805381436e-15	-0.4448486879170759	TRUE	2128	59	4.281383793243539
ENSG00000160221	CBS_TSS_2_AND_CBS_TSS_3_AND_CBS_TSS_4	554	21418	TRUE	5.206455322417442e-8	-0.5948651042259265	TRUE	2128	59	0.29623842411742035
ENSG00000160208	CBS_TSS_2_AND_CBS_TSS_3_AND_CBS_TSS_4	1437	58506	TRUE	4e-4	-0.5089933105042306	TRUE	2128	59	1.3658760169588633
ENSG00000160201	CBS_TSS_2_AND_CBS_TSS_3_AND_CBS_TSS_4	159	6341	TRUE	0.028	-0.5700824207069797	TRUE	2128	59	0.07659614362948843
ENSG00000160200	CBS_TSS_2_AND_CBS_TSS_3_AND_CBS_TSS_4	37	1501	TRUE	0.188	-0.623511250404654	FALSE	2128	59	0.01742762794670667
ENSG00000160194	CBS_TSS_2_AND_CBS_TSS_3_AND_CBS_TSS_4	2123	90836	TRUE	3.8792604531490794e-35	-0.5450152969714859	TRUE	2128	60	15.147129597799932
ENSG00000160213	CBS_TSS_2_AND_CBS_TSS_3_AND_CBS_TSS_4	2125	91137	TRUE	3.740672229118893e-32	-0.5127553061501908	TRUE	2128	60	35.09843015927581
ENSG00000160209	CBS_TSS_2_AND_CBS_TSS_3_AND_CBS_TSS_4	2024	84655	TRUE	1.9978041637250047e-28	-0.6020884297282731	TRUE	2128	60	4.281383793243539
ENSG00000184900	CBS_TSS_2_AND_CBS_TSS_3_AND_CBS_TSS_4	2116	89959	TRUE	2.3664889989874952e-23	-0.4309266939616081	TRUE	2128	60	9.521557965353084
ENSG00000160214	CBS_TSS_2_AND_CBS_TSS_3_AND_CBS_TSS_4	2033	85726	TRUE	1.233296370654915e-19	-0.686455588427386	TRUE	2128	60	8.379824369511548
ENSG00000183255	CBS_TSS_2_AND_CBS_TSS_3_AND_CBS_TSS_4	1943	81693	TRUE	1.881441174994656e-19	-0.4512522208169645	TRUE	2128	60	3.3954290238236613
ENSG00000160208	CBS_TSS_2_AND_CBS_TSS_3_AND_CBS_TSS_4	1437	58506	TRUE	2.2337234536789543e-19	-0.6288776294469475	TRUE	2128	60	1.3658760169588633
ENSG00000160221	CBS_TSS_2_AND_CBS_TSS_3_AND_CBS_TSS_4	554	21418	TRUE	4.9849088502157456e-5	-0.49512081307058686	TRUE	2128	60	0.29623842411742035
ENSG00000184787	CBS_TSS_2_AND_CBS_TSS_3_AND_CBS_TSS_4	1875	78189	TRUE	4e-4	-0.6283176189781514	TRUE	2128	60	3.2957592424763273
ENSG00000160200	CBS_TSS_2_AND_CBS_TSS_3_AND_CBS_TSS_4	37	1501	TRUE	0.015726823960882597	-1.130471239124537	TRUE	2128	60	0.01742762794670667
ENSG00000160201	CBS_TSS_2_AND_CBS_TSS_3_AND_CBS_TSS_4	159	6341	TRUE	0.04	-0.5227767059286226	TRUE	2128	60	0.07659614362948843
ENSG00000160213	CBS_TSS_2_AND_CBS_TSS_3_AND_CBS_TSS_4	2125	91137	TRUE	7.569253784896932e-40	-0.5256667690261683	TRUE	2128	61	35.09843015927581
ENSG00000160214	CBS_TSS_2_AND_CBS_TSS_3_AND_CBS_TSS_4	2033	85726	TRUE	1.0956250104708535e-26	-0.7430575039753302	TRUE	2128	61	8.379824369511548
ENSG00000184900	CBS_TSS_2_AND_CBS_TSS_3_AND_CBS_TSS_4	2116	89959	TRUE	1.216040482955304e-24	-0.45707357100168045	TRUE	2128	61	9.521557965353084
ENSG00000160194	CBS_TSS_2_AND_CBS_TSS_3_AND_CBS_TSS_4	2123	90836	TRUE	2.5318428969235758e-24	-0.4613917742812812	TRUE	2128	61	15.147129597799932
ENSG00000184787	CBS_TSS_2_AND_CBS_TSS_3_AND_CBS_TSS_4	1875	78189	TRUE	4.326543430239023e-18	-0.5591397877318709	TRUE	2128	61	3.2957592424763273
ENSG00000183255	CBS_TSS_2_AND_CBS_TSS_3_AND_CBS_TSS_4	1943	81693	TRUE	7.303541604045294e-13	-0.3702864800496155	TRUE	2128	61	3.3954290238236613
ENSG00000160209	CBS_TSS_2_AND_CBS_TSS_3_AND_CBS_TSS_4	2024	84655	TRUE	2.2671848028671493e-11	-0.40483300906919695	TRUE	2128	61	4.281383793243539
ENSG00000160221	CBS_TSS_2_AND_CBS_TSS_3_AND_CBS_TSS_4	554	21418	TRUE	3.072184274803471e-7	-0.5948651042259265	TRUE	2128	61	0.29623842411742035
ENSG00000160208	CBS_TSS_2_AND_CBS_TSS_3_AND_CBS_TSS_4	1437	58506	TRUE	4e-4	-0.6775045979275993	TRUE	2128	61	1.3658760169588633
ENSG00000160200	CBS_TSS_2_AND_CBS_TSS_3_AND_CBS_TSS_4	37	1501	TRUE	0.012286054138611224	-1.208473751125811	TRUE	2128	61	0.01742762794670667
ENSG00000160201	CBS_TSS_2_AND_CBS_TSS_3_AND_CBS_TSS_4	159	6341	TRUE	0.188	-0.454605203287044	FALSE	2128	61	0.07659614362948843
ENSG00000184900	CBS_TSS_2_AND_CBS_TSS_3_AND_CBS_TSS_4	2116	89959	TRUE	9.729511640458379e-37	-0.5286697155923394	TRUE	2128	62	9.521557965353084
ENSG00000160213	CBS_TSS_2_AND_CBS_TSS_3_AND_CBS_TSS_4	2125	91137	TRUE	3.669212494898666e-33	-0.5099212048498769	TRUE	2128	62	35.09843015927581
ENSG00000160194	CBS_TSS_2_AND_CBS_TSS_3_AND_CBS_TSS_4	2123	90836	TRUE	1.2996542435762258e-25	-0.4757442559764713	TRUE	2128	62	15.147129597799932
ENSG00000183255	CBS_TSS_2_AND_CBS_TSS_3_AND_CBS_TSS_4	1943	81693	TRUE	1.1602132310294376e-17	-0.41645085973263685	TRUE	2128	62	3.3954290238236613
ENSG00000160208	CBS_TSS_2_AND_CBS_TSS_3_AND_CBS_TSS_4	1437	58506	TRUE	2.4122130475752404e-16	-0.5891277381902565	TRUE	2128	62	1.3658760169588633
ENSG00000160214	CBS_TSS_2_AND_CBS_TSS_3_AND_CBS_TSS_4	2033	85726	TRUE	8.80766929824738e-15	-0.6251460242943514	TRUE	2128	62	8.379824369511548
ENSG00000160209	CBS_TSS_2_AND_CBS_TSS_3_AND_CBS_TSS_4	2024	84655	TRUE	4e-4	-0.5316991018368751	TRUE	2128	62	4.281383793243539
ENSG00000184787	CBS_TSS_2_AND_CBS_TSS_3_AND_CBS_TSS_4	1875	78189	TRUE	4e-4	-0.6028276442241016	TRUE	2128	62	3.2957592424763273
ENSG00000160221	CBS_TSS_2_AND_CBS_TSS_3_AND_CBS_TSS_4	554	21418	TRUE	0.0012	-0.4863860030929783	TRUE	2128	62	0.29623842411742035
ENSG00000160200	CBS_TSS_2_AND_CBS_TSS_3_AND_CBS_TSS_4	37	1501	TRUE	0.076	-0.8548367965111101	TRUE	2128	62	0.01742762794670667
ENSG00000160201	CBS_TSS_2_AND_CBS_TSS_3_AND_CBS_TSS_4	159	6341	TRUE	0.08	-0.4769730163154984	TRUE	2128	62	0.07659614362948843
ENSG00000160194	CBS_TSS_2_AND_CBS_TSS_3_AND_CBS_TSS_4	2123	90836	TRUE	8.374284874803e-39	-0.5522426745784563	TRUE	2128	63	15.147129597799932
ENSG00000160213	CBS_TSS_2_AND_CBS_TSS_3_AND_CBS_TSS_4	2125	91137	TRUE	9.241557506947316e-33	-0.4946678993341962	TRUE	2128	63	35.09843015927581
ENSG00000160209	CBS_TSS_2_AND_CBS_TSS_3_AND_CBS_TSS_4	2024	84655	TRUE	4.0376993505603975e-30	-0.5705221358433246	TRUE	2128	63	4.281383793243539
ENSG00000184900	CBS_TSS_2_AND_CBS_TSS_3_AND_CBS_TSS_4	2116	89959	TRUE	6.744783401994319e-23	-0.44582249984085376	TRUE	2128	63	9.521557965353084
ENSG00000183255	CBS_TSS_2_AND_CBS_TSS_3_AND_CBS_TSS_4	1943	81693	TRUE	3.8977611370929525e-20	-0.46948237615174104	TRUE	2128	63	3.3954290238236613
ENSG00000160214	CBS_TSS_2_AND_CBS_TSS_3_AND_CBS_TSS_4	2033	85726	TRUE	3.2999477098120905e-13	-0.6078483655323046	TRUE	2128	63	8.379824369511548
ENSG00000160221	CBS_TSS_2_AND_CBS_TSS_3_AND_CBS_TSS_4	554	21418	TRUE	1.5434913518348384e-7	-0.6011377012414565	TRUE	2128	63	0.29623842411742035
ENSG00000160208	CBS_TSS_2_AND_CBS_TSS_3_AND_CBS_TSS_4	1437	58506	TRUE	4e-4	-0.5108804200484959	TRUE	2128	63	1.3658760169588633
ENSG00000184787	CBS_TSS_2_AND_CBS_TSS_3_AND_CBS_TSS_4	1875	78189	TRUE	4e-4	-0.5885807577840136	TRUE	2128	63	3.2957592424763273
ENSG00000160201	CBS_TSS_2_AND_CBS_TSS_3_AND_CBS_TSS_4	159	6341	TRUE	0.0014631159944847368	-0.6825571499653922	TRUE	2128	63	0.07659614362948843
ENSG00000160200	CBS_TSS_2_AND_CBS_TSS_3_AND_CBS_TSS_4	37	1501	TRUE	0.0048944425996545055	-1.0564706576807605	TRUE	2128	63	0.01742762794670667
ENSG00000160213	CBS_TSS_2_AND_CBS_TSS_3_AND_CBS_TSS_4	2125	91137	TRUE	2.780176153220437e-42	-0.5447911283316866	TRUE	2128	64	35.09843015927581
ENSG00000184900	CBS_TSS_2_AND_CBS_TSS_3_AND_CBS_TSS_4	2116	89959	TRUE	6.355122552556588e-39	-0.5427923805243573	TRUE	2128	64	9.521557965353084
ENSG00000160209	CBS_TSS_2_AND_CBS_TSS_3_AND_CBS_TSS_4	2024	84655	TRUE	1.1049879176962949e-36	-0.6128393055763441	TRUE	2128	64	4.281383793243539
ENSG00000160194	CBS_TSS_2_AND_CBS_TSS_3_AND_CBS_TSS_4	2123	90836	TRUE	9.752880378462507e-28	-0.4841734326158953	TRUE	2128	64	15.147129597799932
ENSG00000183255	CBS_TSS_2_AND_CBS_TSS_3_AND_CBS_TSS_4	1943	81693	TRUE	9.752571293910381e-24	-0.4733094940761986	TRUE	2128	64	3.3954290238236613
ENSG00000160214	CBS_TSS_2_AND_CBS_TSS_3_AND_CBS_TSS_4	2033	85726	TRUE	3.2918855214805996e-21	-0.6970670804446626	TRUE	2128	64	8.379824369511548
ENSG00000184787	CBS_TSS_2_AND_CBS_TSS_3_AND_CBS_TSS_4	1875	78189	TRUE	5.1586690367382306e-20	-0.5750238343601972	TRUE	2128	64	3.2957592424763273
ENSG00000160221	CBS_TSS_2_AND_CBS_TSS_3_AND_CBS_TSS_4	554	21418	TRUE	1.5247311945925388e-8	-0.6137653095692057	TRUE	2128	64	0.29623842411742035
ENSG00000160201	CBS_TSS_2_AND_CBS_TSS_3_AND_CBS_TSS_4	159	6341	TRUE	6.52988729705475e-5	-0.7765332981744058	TRUE	2128	64	0.07659614362948843
ENSG00000160208	CBS_TSS_2_AND_CBS_TSS_3_AND_CBS_TSS_4	1437	58506	TRUE	4e-4	-0.6364113021323549	TRUE	2128	64	1.3658760169588633
ENSG00000160200	CBS_TSS_2_AND_CBS_TSS_3_AND_CBS_TSS_4	37	1501	TRUE	0.136	-0.8548367965111101	FALSE	2128	64	0.01742762794670667
ENSG00000160194	CBS_TSS_2_AND_CBS_TSS_3_AND_CBS_TSS_4	2123	90836	TRUE	2.5117447787729488e-29	-0.5054064201271649	TRUE	2128	65	15.147129597799932
ENSG00000183255	CBS_TSS_2_AND_CBS_TSS_3_AND_CBS_TSS_4	1943	81693	TRUE	1.9355587735200756e-26	-0.5163549907088434	TRUE	2128	65	3.3954290238236613
ENSG00000160209	CBS_TSS_2_AND_CBS_TSS_3_AND_CBS_TSS_4	2024	84655	TRUE	1.2904703676612975e-25	-0.544454369719412	TRUE	2128	65	4.281383793243539
ENSG00000160213	CBS_TSS_2_AND_CBS_TSS_3_AND_CBS_TSS_4	2125	91137	TRUE	1.9027203692236e-23	-0.4489874022602143	TRUE	2128	65	35.09843015927581
ENSG00000184900	CBS_TSS_2_AND_CBS_TSS_3_AND_CBS_TSS_4	2116	89959	TRUE	3.9299333289378585e-19	-0.41083508721885975	TRUE	2128	65	9.521557965353084
ENSG00000160214	CBS_TSS_2_AND_CBS_TSS_3_AND_CBS_TSS_4	2033	85726	TRUE	4.127819064028685e-15	-0.6501423285007557	TRUE	2128	65	8.379824369511548
ENSG00000184787	CBS_TSS_2_AND_CBS_TSS_3_AND_CBS_TSS_4	1875	78189	TRUE	1.0688787381182372e-10	-0.5067210045107633	TRUE	2128	65	3.2957592424763273
ENSG00000160221	CBS_TSS_2_AND_CBS_TSS_3_AND_CBS_TSS_4	554	21418	TRUE	3.4975178290958775e-5	-0.5127507070923785	TRUE	2128	65	0.29623842411742035
ENSG00000160208	CBS_TSS_2_AND_CBS_TSS_3_AND_CBS_TSS_4	1437	58506	TRUE	4e-4	-0.5667088083605181	TRUE	2128	65	1.3658760169588633
ENSG00000160200	CBS_TSS_2_AND_CBS_TSS_3_AND_CBS_TSS_4	37	1501	TRUE	0.064	-0.7934362518469671	TRUE	2128	65	0.01742762794670667
ENSG00000160201	CBS_TSS_2_AND_CBS_TSS_3_AND_CBS_TSS_4	159	6341	TRUE	0.072	-0.5111887316534114	TRUE	2128	65	0.07659614362948843
ENSG00000160213	CBS_TSS_2_AND_CBS_TSS_3_AND_CBS_TSS_4	2125	91137	TRUE	1.9983403963978888e-37	-0.5070426472562701	TRUE	2128	66	35.09843015927581
ENSG00000184900	CBS_TSS_2_AND_CBS_TSS_3_AND_CBS_TSS_4	2116	89959	TRUE	6.643392113318751e-27	-0.44313524889460654	TRUE	2128	66	9.521557965353084
ENSG00000160194	CBS_TSS_2_AND_CBS_TSS_3_AND_CBS_TSS_4	2123	90836	TRUE	1.259179776913779e-25	-0.4560041800508938	TRUE	2128	66	15.147129597799932
ENSG00000183255	CBS_TSS_2_AND_CBS_TSS_3_AND_CBS_TSS_4	1943	81693	TRUE	2.269470782786708e-24	-0.4530145219323942	TRUE	2128	66	3.3954290238236613
ENSG00000160209	CBS_TSS_2_AND_CBS_TSS_3_AND_CBS_TSS_4	2024	84655	TRUE	1.0593581541776759e-22	-0.49917585030643274	TRUE	2128	66	4.281383793243539
ENSG00000160214	CBS_TSS_2_AND_CBS_TSS_3_AND_CBS_TSS_4	2033	85726	TRUE	5.970993979536351e-16	-0.6307740152985821	TRUE	2128	66	8.379824369511548
ENSG00000160221	CBS_TSS_2_AND_CBS_TSS_3_AND_CBS_TSS_4	554	21418	TRUE	1.8351735635357074e-6	-0.557791671315869	TRUE	2128	66	0.29623842411742035
ENSG00000160208	CBS_TSS_2_AND_CBS_TSS_3_AND_CBS_TSS_4	1437	58506	TRUE	4e-4	-0.5654008345257868	TRUE	2128	66	1.3658760169588633
ENSG00000184787	CBS_TSS_2_AND_CBS_TSS_3_AND_CBS_TSS_4	1875	78189	TRUE	4e-4	-0.5695267995485624	TRUE	2128	66	3.2957592424763273
ENSG00000160201	CBS_TSS_2_AND_CBS_TSS_3_AND_CBS_TSS_4	159	6341	TRUE	0.092	-0.44355001477804823	FALSE	2128	66	0.07659614362948843
ENSG00000160200	CBS_TSS_2_AND_CBS_TSS_3_AND_CBS_TSS_4	37	1501	TRUE	0.272	-0.623511250404654	FALSE	2128	66	0.01742762794670667
ENSG00000184900	CBS_TSS_2_AND_CBS_TSS_3_AND_CBS_TSS_4	2116	89959	TRUE	1.3978038424497985e-33	-0.4850844036283335	TRUE	2128	67	9.521557965353084
ENSG00000160209	CBS_TSS_2_AND_CBS_TSS_3_AND_CBS_TSS_4	2024	84655	TRUE	1.980316819778284e-31	-0.5707360110258213	TRUE	2128	67	4.281383793243539
ENSG00000160194	CBS_TSS_2_AND_CBS_TSS_3_AND_CBS_TSS_4	2123	90836	TRUE	8.724944130560275e-31	-0.47779006801315127	TRUE	2128	67	15.147129597799932
ENSG00000160213	CBS_TSS_2_AND_CBS_TSS_3_AND_CBS_TSS_4	2125	91137	TRUE	1.0332553966326758e-30	-0.4537752578162788	TRUE	2128	67	35.09843015927581
ENSG00000160214	CBS_TSS_2_AND_CBS_TSS_3_AND_CBS_TSS_4	2033	85726	TRUE	7.400501367104617e-29	-0.7133662616957852	TRUE	2128	67	8.379824369511548
ENSG00000184787	CBS_TSS_2_AND_CBS_TSS_3_AND_CBS_TSS_4	1875	78189	TRUE	1.3492141720219039e-22	-0.6014246537013093	TRUE	2128	67	3.2957592424763273
ENSG00000160208	CBS_TSS_2_AND_CBS_TSS_3_AND_CBS_TSS_4	1437	58506	TRUE	1.7904870589666886e-22	-0.647440080473375	TRUE	2128	67	1.3658760169588633
ENSG00000183255	CBS_TSS_2_AND_CBS_TSS_3_AND_CBS_TSS_4	1943	81693	TRUE	5.324096470737552e-15	-0.3831891053358696	TRUE	2128	67	3.3954290238236613
ENSG00000160221	CBS_TSS_2_AND_CBS_TSS_3_AND_CBS_TSS_4	554	21418	TRUE	3.389590989987841e-7	-0.5547447957570055	TRUE	2128	67	0.29623842411742035
ENSG00000160200	CBS_TSS_2_AND_CBS_TSS_3_AND_CBS_TSS_4	37	1501	TRUE	0.084	-0.8548367965111101	TRUE	2128	67	0.01742762794670667
ENSG00000160201	CBS_TSS_2_AND_CBS_TSS_3_AND_CBS_TSS_4	159	6341	TRUE	0.84	-0.2773006714791335	FALSE	2128	67	0.07659614362948843
ENSG00000184900	CBS_TSS_2_AND_CBS_TSS_3_AND_CBS_TSS_4	2116	89959	TRUE	2.0806479598294884e-41	-0.5394400585890295	TRUE	2128	68	9.521557965353084
ENSG00000160194	CBS_TSS_2_AND_CBS_TSS_3_AND_CBS_TSS_4	2123	90836	TRUE	4.419583252603327e-40	-0.5509259100122885	TRUE	2128	68	15.147129597799932
ENSG00000160213	CBS_TSS_2_AND_CBS_TSS_3_AND_CBS_TSS_4	2125	91137	TRUE	1.7138155498709602e-27	-0.46264701238464134	TRUE	2128	68	35.09843015927581
ENSG00000160209	CBS_TSS_2_AND_CBS_TSS_3_AND_CBS_TSS_4	2024	84655	TRUE	2.1059939632892338e-22	-0.5073405299410374	TRUE	2128	68	4.281383793243539
ENSG00000160214	CBS_TSS_2_AND_CBS_TSS_3_AND_CBS_TSS_4	2033	85726	TRUE	3.021793060477657e-19	-0.654856655555546	TRUE	2128	68	8.379824369511548
ENSG00000183255	CBS_TSS_2_AND_CBS_TSS_3_AND_CBS_TSS_4	1943	81693	TRUE	9.114638609055028e-18	-0.42482575629010855	TRUE	2128	68	3.3954290238236613
ENSG00000160221	CBS_TSS_2_AND_CBS_TSS_3_AND_CBS_TSS_4	554	21418	TRUE	2.268076824483862e-4	-0.46620812115534793	TRUE	2128	68	0.29623842411742035
ENSG00000160208	CBS_TSS_2_AND_CBS_TSS_3_AND_CBS_TSS_4	1437	58506	TRUE	4e-4	-0.5562780712584202	TRUE	2128	68	1.3658760169588633
ENSG00000184787	CBS_TSS_2_AND_CBS_TSS_3_AND_CBS_TSS_4	1875	78189	TRUE	4e-4	-0.46657520775807626	TRUE	2128	68	3.2957592424763273
ENSG00000160200	CBS_TSS_2_AND_CBS_TSS_3_AND_CBS_TSS_4	37	1501	TRUE	0.156	-0.7345425627933988	FALSE	2128	68	0.01742762794670667
ENSG00000160201	CBS_TSS_2_AND_CBS_TSS_3_AND_CBS_TSS_4	159	6341	TRUE	0.396	-0.32722589681081615	FALSE	2128	68	0.07659614362948843
ENSG00000160213	CBS_TSS_2_AND_CBS_TSS_3_AND_CBS_TSS_4	2125	91137	TRUE	8.052575892411536e-32	-0.4790345225953514	TRUE	2128	69	35.09843015927581
ENSG00000184900	CBS_TSS_2_AND_CBS_TSS_3_AND_CBS_TSS_4	2116	89959	TRUE	6.820159487783457e-30	-0.48720499745576573	TRUE	2128	69	9.521557965353084
ENSG00000160194	CBS_TSS_2_AND_CBS_TSS_3_AND_CBS_TSS_4	2123	90836	TRUE	2.5789750927478935e-26	-0.47222769925286734	TRUE	2128	69	15.147129597799932
ENSG00000160209	CBS_TSS_2_AND_CBS_TSS_3_AND_CBS_TSS_4	2024	84655	TRUE	5.517509620790415e-19	-0.47695835193672376	TRUE	2128	69	4.281383793243539
ENSG00000160208	CBS_TSS_2_AND_CBS_TSS_3_AND_CBS_TSS_4	1437	58506	TRUE	1.2847483550520803e-18	-0.5951209410707506	TRUE	2128	69	1.3658760169588633
ENSG00000160214	CBS_TSS_2_AND_CBS_TSS_3_AND_CBS_TSS_4	2033	85726	TRUE	7.076521880739535e-16	-0.6460019559469221	TRUE	2128	69	8.379824369511548
ENSG00000183255	CBS_TSS_2_AND_CBS_TSS_3_AND_CBS_TSS_4	1943	81693	TRUE	9.083945802555968e-16	-0.4073919048065968	TRUE	2128	69	3.3954290238236613
ENSG00000184787	CBS_TSS_2_AND_CBS_TSS_3_AND_CBS_TSS_4	1875	78189	TRUE	4e-4	-0.539661891468719	TRUE	2128	69	3.2957592424763273
ENSG00000160221	CBS_TSS_2_AND_CBS_TSS_3_AND_CBS_TSS_4	554	21418	TRUE	0.0021300548038973525	-0.4238973162973836	TRUE	2128	69	0.29623842411742035
ENSG00000160200	CBS_TSS_2_AND_CBS_TSS_3_AND_CBS_TSS_4	37	1501	TRUE	0.036	-0.9189671339308259	TRUE	2128	69	0.01742762794670667
ENSG00000160201	CBS_TSS_2_AND_CBS_TSS_3_AND_CBS_TSS_4	159	6341	TRUE	0.036	-0.5111887316534114	TRUE	2128	69	0.07659614362948843
ENSG00000160213	CBS_TSS_2_AND_CBS_TSS_3_AND_CBS_TSS_4	2125	91137	TRUE	3.779971062381996e-33	-0.4913495358354494	TRUE	2128	70	35.09843015927581
ENSG00000184787	CBS_TSS_2_AND_CBS_TSS_3_AND_CBS_TSS_4	1875	78189	TRUE	3.983449345983523e-30	-0.6827654030005279	TRUE	2128	70	3.2957592424763273
ENSG00000160209	CBS_TSS_2_AND_CBS_TSS_3_AND_CBS_TSS_4	2024	84655	TRUE	2.2987899816206047e-28	-0.5497146943720379	TRUE	2128	70	4.281383793243539
ENSG00000160194	CBS_TSS_2_AND_CBS_TSS_3_AND_CBS_TSS_4	2123	90836	TRUE	9.978671368689901e-26	-0.462460458155443	TRUE	2128	70	15.147129597799932
ENSG00000160214	CBS_TSS_2_AND_CBS_TSS_3_AND_CBS_TSS_4	2033	85726	TRUE	2.3970043986241423e-17	-0.6432111185368048	TRUE	2128	70	8.379824369511548
ENSG00000184900	CBS_TSS_2_AND_CBS_TSS_3_AND_CBS_TSS_4	2116	89959	TRUE	1.0726495611908122e-16	-0.38533377141787106	TRUE	2128	70	9.521557965353084
ENSG00000183255	CBS_TSS_2_AND_CBS_TSS_3_AND_CBS_TSS_4	1943	81693	TRUE	6.606331901477534e-13	-0.3729054502299749	TRUE	2128	70	3.3954290238236613
ENSG00000160221	CBS_TSS_2_AND_CBS_TSS_3_AND_CBS_TSS_4	554	21418	TRUE	2.075185984033821e-5	-0.536597449046746	TRUE	2128	70	0.29623842411742035
ENSG00000160201	CBS_TSS_2_AND_CBS_TSS_3_AND_CBS_TSS_4	159	6341	TRUE	4.535702306559218e-5	-0.7904724891322799	TRUE	2128	70	0.07659614362948843
ENSG00000160200	CBS_TSS_2_AND_CBS_TSS_3_AND_CBS_TSS_4	37	1501	TRUE	2.6730998636988884e-4	-1.5710438305105185	TRUE	2128	70	0.01742762794670667
ENSG00000160208	CBS_TSS_2_AND_CBS_TSS_3_AND_CBS_TSS_4	1437	58506	TRUE	4e-4	-0.5324419780323999	TRUE	2128	70	1.3658760169588633
ENSG00000160194	CBS_TSS_2_AND_CBS_TSS_3_AND_CBS_TSS_4	2123	90836	TRUE	1.7530073671069893e-37	-0.5440623153228379	TRUE	2128	71	15.147129597799932
ENSG00000160213	CBS_TSS_2_AND_CBS_TSS_3_AND_CBS_TSS_4	2125	91137	TRUE	8.116342229313753e-37	-0.5110742379900088	TRUE	2128	71	35.09843015927581
ENSG00000184900	CBS_TSS_2_AND_CBS_TSS_3_AND_CBS_TSS_4	2116	89959	TRUE	2.726029180671229e-26	-0.4761751651310133	TRUE	2128	71	9.521557965353084
ENSG00000160209	CBS_TSS_2_AND_CBS_TSS_3_AND_CBS_TSS_4	2024	84655	TRUE	5.982112896519716e-25	-0.5194684075039175	TRUE	2128	71	4.281383793243539
ENSG00000160214	CBS_TSS_2_AND_CBS_TSS_3_AND_CBS_TSS_4	2033	85726	TRUE	2.5990431678221285e-17	-0.649246105430537	TRUE	2128	71	8.379824369511548
ENSG00000183255	CBS_TSS_2_AND_CBS_TSS_3_AND_CBS_TSS_4	1943	81693	TRUE	3.2078355263445413e-15	-0.3846298794644918	TRUE	2128	71	3.3954290238236613
ENSG00000160221	CBS_TSS_2_AND_CBS_TSS_3_AND_CBS_TSS_4	554	21418	TRUE	1.6382424336525668e-7	-0.5762093049456025	TRUE	2128	71	0.29623842411742035
ENSG00000160208	CBS_TSS_2_AND_CBS_TSS_3_AND_CBS_TSS_4	1437	58506	TRUE	4e-4	-0.5197197170972889	TRUE	2128	71	1.3658760169588633
ENSG00000184787	CBS_TSS_2_AND_CBS_TSS_3_AND_CBS_TSS_4	1875	78189	TRUE	4e-4	-0.5877470709414618	TRUE	2128	71	3.2957592424763273
ENSG00000160201	CBS_TSS_2_AND_CBS_TSS_3_AND_CBS_TSS_4	159	6341	TRUE	0.024	-0.5700824207069797	TRUE	2128	71	0.07659614362948843
ENSG00000160200	CBS_TSS_2_AND_CBS_TSS_3_AND_CBS_TSS_4	37	1501	TRUE	0.832	-0.2909359113177832	FALSE	2128	71	0.01742762794670667
ENSG00000160194	CBS_TSS_2_AND_CBS_TSS_3_AND_CBS_TSS_4	2123	90836	TRUE	3.813341289886727e-32	-0.4929394626934491	TRUE	2128	72	15.147129597799932
ENSG00000184900	CBS_TSS_2_AND_CBS_TSS_3_AND_CBS_TSS_4	2116	89959	TRUE	3.0689501070816165e-29	-0.46695663510163454	TRUE	2128	72	9.521557965353084
ENSG00000160213	CBS_TSS_2_AND_CBS_TSS_3_AND_CBS_TSS_4	2125	91137	TRUE	4.506645254987022e-28	-0.44716305927560107	TRUE	2128	72	35.09843015927581
ENSG00000160214	CBS_TSS_2_AND_CBS_TSS_3_AND_CBS_TSS_4	2033	85726	TRUE	5.255605920748601e-24	-0.681866129997156	TRUE	2128	72	8.379824369511548
ENSG00000183255	CBS_TSS_2_AND_CBS_TSS_3_AND_CBS_TSS_4	1943	81693	TRUE	1.2288284987358072e-21	-0.4282884239171394	TRUE	2128	72	3.3954290238236613
ENSG00000160209	CBS_TSS_2_AND_CBS_TSS_3_AND_CBS_TSS_4	2024	84655	TRUE	2.1090042935795267e-19	-0.4767579358718199	TRUE	2128	72	4.281383793243539
ENSG00000184787	CBS_TSS_2_AND_CBS_TSS_3_AND_CBS_TSS_4	1875	78189	TRUE	7.486413321477843e-18	-0.5607748786219175	TRUE	2128	72	3.2957592424763273
ENSG00000160208	CBS_TSS_2_AND_CBS_TSS_3_AND_CBS_TSS_4	1437	58506	TRUE	5.372431792908844e-8	-0.45047684593728987	TRUE	2128	72	1.3658760169588633
ENSG00000160221	CBS_TSS_2_AND_CBS_TSS_3_AND_CBS_TSS_4	554	21418	TRUE	2.594710509704656e-7	-0.6074376895971949	TRUE	2128	72	0.29623842411742035
ENSG00000160201	CBS_TSS_2_AND_CBS_TSS_3_AND_CBS_TSS_4	159	6341	TRUE	0.008056239732468287	-0.6440830021507562	TRUE	2128	72	0.07659614362948843
ENSG00000160200	CBS_TSS_2_AND_CBS_TSS_3_AND_CBS_TSS_4	37	1501	TRUE	0.256	-0.6779590344270305	FALSE	2128	72	0.01742762794670667
ENSG00000160194	CBS_TSS_2_AND_CBS_TSS_3_AND_CBS_TSS_4	2123	90836	TRUE	2.1165212005162037e-41	-0.5557199166362885	TRUE	2128	73	15.147129597799932
ENSG00000160213	CBS_TSS_2_AND_CBS_TSS_3_AND_CBS_TSS_4	2125	91137	TRUE	3.527073392074975e-33	-0.5270606406575045	TRUE	2128	73	35.09843015927581
ENSG00000184900	CBS_TSS_2_AND_CBS_TSS_3_AND_CBS_TSS_4	2116	89959	TRUE	1.93673772156734e-30	-0.48868203371571495	TRUE	2128	73	9.521557965353084
ENSG00000184787	CBS_TSS_2_AND_CBS_TSS_3_AND_CBS_TSS_4	1875	78189	TRUE	6.970841256027749e-30	-0.6836558639119712	TRUE	2128	73	3.2957592424763273
ENSG00000183255	CBS_TSS_2_AND_CBS_TSS_3_AND_CBS_TSS_4	1943	81693	TRUE	6.896091493212806e-20	-0.45200722914168256	TRUE	2128	73	3.3954290238236613
ENSG00000160209	CBS_TSS_2_AND_CBS_TSS_3_AND_CBS_TSS_4	2024	84655	TRUE	1.8737304197214444e-19	-0.4995829887431378	TRUE	2128	73	4.281383793243539
ENSG00000160214	CBS_TSS_2_AND_CBS_TSS_3_AND_CBS_TSS_4	2033	85726	TRUE	4.481478231390393e-15	-0.6392017735546598	TRUE	2128	73	8.379824369511548
ENSG00000160221	CBS_TSS_2_AND_CBS_TSS_3_AND_CBS_TSS_4	554	21418	TRUE	1.1130488754546378e-4	-0.5127507070923785	TRUE	2128	73	0.29623842411742035
ENSG00000160208	CBS_TSS_2_AND_CBS_TSS_3_AND_CBS_TSS_4	1437	58506	TRUE	4e-4	-0.60247993938234	TRUE	2128	73	1.3658760169588633
ENSG00000160201	CBS_TSS_2_AND_CBS_TSS_3_AND_CBS_TSS_4	159	6341	TRUE	0.0096246139606639	-0.6189920211879265	TRUE	2128	73	0.07659614362948843
ENSG00000160200	CBS_TSS_2_AND_CBS_TSS_3_AND_CBS_TSS_4	37	1501	TRUE	0.264	-0.623511250404654	FALSE	2128	73	0.01742762794670667
ENSG00000184900	CBS_TSS_2_AND_CBS_TSS_3_AND_CBS_TSS_4	2116	89959	TRUE	5.379062149362788e-35	-0.5083968789015971	TRUE	2128	74	9.521557965353084
ENSG00000160213	CBS_TSS_2_AND_CBS_TSS_3_AND_CBS_TSS_4	2125	91137	TRUE	3.0814879110195774e-33	-0.472940635466653	TRUE	2128	74	35.09843015927581
ENSG00000160194	CBS_TSS_2_AND_CBS_TSS_3_AND_CBS_TSS_4	2123	90836	TRUE	8.530672688175018e-28	-0.48109221280015957	TRUE	2128	74	15.147129597799932
ENSG00000160209	CBS_TSS_2_AND_CBS_TSS_3_AND_CBS_TSS_4	2024	84655	TRUE	1.2015880398950328e-22	-0.5069311966879329	TRUE	2128	74	4.281383793243539
ENSG00000160208	CBS_TSS_2_AND_CBS_TSS_3_AND_CBS_TSS_4	1437	58506	TRUE	1.0540370726807871e-19	-0.6364113021323549	TRUE	2128	74	1.3658760169588633
ENSG00000183255	CBS_TSS_2_AND_CBS_TSS_3_AND_CBS_TSS_4	1943	81693	TRUE	2.85448960196802e-18	-0.4226041363168309	TRUE	2128	74	3.3954290238236613
ENSG00000160214	CBS_TSS_2_AND_CBS_TSS_3_AND_CBS_TSS_4	2033	85726	TRUE	1.7687855106972782e-17	-0.636868124221742	TRUE	2128	74	8.379824369511548
ENSG00000160221	CBS_TSS_2_AND_CBS_TSS_3_AND_CBS_TSS_4	554	21418	TRUE	2.7235921871311946e-6	-0.5456425886497529	TRUE	2128	74	0.29623842411742035
ENSG00000184787	CBS_TSS_2_AND_CBS_TSS_3_AND_CBS_TSS_4	1875	78189	TRUE	4e-4	-0.6107097050290471	TRUE	2128	74	3.2957592424763273
ENSG00000160200	CBS_TSS_2_AND_CBS_TSS_3_AND_CBS_TSS_4	37	1501	TRUE	0.66	-0.42420244218124736	FALSE	2128	74	0.01742762794670667
ENSG00000160201	CBS_TSS_2_AND_CBS_TSS_3_AND_CBS_TSS_4	159	6341	TRUE	0.712	-0.3684485595373288	FALSE	2128	74	0.07659614362948843
ENSG00000160213	CBS_TSS_2_AND_CBS_TSS_3_AND_CBS_TSS_4	2125	91137	TRUE	3.234960453462935e-35	-0.4937508717302803	TRUE	2128	75	35.09843015927581
ENSG00000160194	CBS_TSS_2_AND_CBS_TSS_3_AND_CBS_TSS_4	2123	90836	TRUE	1.5870619235598404e-25	-0.45460445641253333	TRUE	2128	75	15.147129597799932
ENSG00000184900	CBS_TSS_2_AND_CBS_TSS_3_AND_CBS_TSS_4	2116	89959	TRUE	4.410341115677641e-25	-0.4468988033095287	TRUE	2128	75	9.521557965353084
ENSG00000160209	CBS_TSS_2_AND_CBS_TSS_3_AND_CBS_TSS_4	2024	84655	TRUE	1.49674954870608e-22	-0.5067265736054127	TRUE	2128	75	4.281383793243539
ENSG00000160208	CBS_TSS_2_AND_CBS_TSS_3_AND_CBS_TSS_4	1437	58506	TRUE	2.3102015355745062e-17	-0.6004692142611933	TRUE	2128	75	1.3658760169588633
ENSG00000160214	CBS_TSS_2_AND_CBS_TSS_3_AND_CBS_TSS_4	2033	85726	TRUE	2.0931415715867792e-16	-0.6215160474374857	TRUE	2128	75	8.379824369511548
ENSG00000183255	CBS_TSS_2_AND_CBS_TSS_3_AND_CBS_TSS_4	1943	81693	TRUE	5.243970832906774e-16	-0.4142420891441829	TRUE	2128	75	3.3954290238236613
ENSG00000160221	CBS_TSS_2_AND_CBS_TSS_3_AND_CBS_TSS_4	554	21418	TRUE	2.8315006179699658e-5	-0.5127507070923785	TRUE	2128	75	0.29623842411742035
ENSG00000160201	CBS_TSS_2_AND_CBS_TSS_3_AND_CBS_TSS_4	159	6341	TRUE	1.2897364361792903e-4	-0.8045476743440023	TRUE	2128	75	0.07659614362948843
ENSG00000184787	CBS_TSS_2_AND_CBS_TSS_3_AND_CBS_TSS_4	1875	78189	TRUE	4e-4	-0.6577613968706335	TRUE	2128	75	3.2957592424763273
ENSG00000160200	CBS_TSS_2_AND_CBS_TSS_3_AND_CBS_TSS_4	37	1501	TRUE	0.06	-0.6779590344270305	TRUE	2128	75	0.01742762794670667
ENSG00000160213	CBS_TSS_2_AND_CBS_TSS_3_AND_CBS_TSS_4	2125	91137	TRUE	1.4464090644883616e-39	-0.5288873831231173	TRUE	2128	76	35.09843015927581
ENSG00000160194	CBS_TSS_2_AND_CBS_TSS_3_AND_CBS_TSS_4	2123	90836	TRUE	3.876439569689714e-30	-0.4969678929650536	TRUE	2128	76	15.147129597799932
ENSG00000183255	CBS_TSS_2_AND_CBS_TSS_3_AND_CBS_TSS_4	1943	81693	TRUE	5.596942190197304e-30	-0.51714485935211	TRUE	2128	76	3.3954290238236613
ENSG00000184787	CBS_TSS_2_AND_CBS_TSS_3_AND_CBS_TSS_4	1875	78189	TRUE	2.0619300217401443e-23	-0.6129696546447154	TRUE	2128	76	3.2957592424763273
ENSG00000160214	CBS_TSS_2_AND_CBS_TSS_3_AND_CBS_TSS_4	2033	85726	TRUE	3.962345805073911e-19	-0.6710243253141219	TRUE	2128	76	8.379824369511548
ENSG00000184900	CBS_TSS_2_AND_CBS_TSS_3_AND_CBS_TSS_4	2116	89959	TRUE	2.994291787298341e-17	-0.3903290789200913	TRUE	2128	76	9.521557965353084
ENSG00000160209	CBS_TSS_2_AND_CBS_TSS_3_AND_CBS_TSS_4	2024	84655	TRUE	5.436728581365858e-17	-0.4525137296647568	TRUE	2128	76	4.281383793243539
ENSG00000160208	CBS_TSS_2_AND_CBS_TSS_3_AND_CBS_TSS_4	1437	58506	TRUE	4e-4	-0.564094045450126	TRUE	2128	76	1.3658760169588633
ENSG00000160221	CBS_TSS_2_AND_CBS_TSS_3_AND_CBS_TSS_4	554	21418	TRUE	0.0015802700173650139	-0.43786349546138625	TRUE	2128	76	0.29623842411742035
ENSG00000160201	CBS_TSS_2_AND_CBS_TSS_3_AND_CBS_TSS_4	159	6341	TRUE	0.024	-0.5227767059286226	TRUE	2128	76	0.07659614362948843
ENSG00000160200	CBS_TSS_2_AND_CBS_TSS_3_AND_CBS_TSS_4	37	1501	TRUE	0.524	-0.47150815695960446	FALSE	2128	76	0.01742762794670667
ENSG00000160194	CBS_TSS_2_AND_CBS_TSS_3_AND_CBS_TSS_4	2123	90836	TRUE	1.263656427133959e-37	-0.5296657564212071	TRUE	2128	77	15.147129597799932
ENSG00000184787	CBS_TSS_2_AND_CBS_TSS_3_AND_CBS_TSS_4	1875	78189	TRUE	1.1139578798335772e-30	-0.6618500090347641	TRUE	2128	77	3.2957592424763273
ENSG00000160213	CBS_TSS_2_AND_CBS_TSS_3_AND_CBS_TSS_4	2125	91137	TRUE	4.779517148409503e-30	-0.46996424487872535	TRUE	2128	77	35.09843015927581
ENSG00000160209	CBS_TSS_2_AND_CBS_TSS_3_AND_CBS_TSS_4	2024	84655	TRUE	4.308900397947062e-28	-0.5501363500935512	TRUE	2128	77	4.281383793243539
ENSG00000183255	CBS_TSS_2_AND_CBS_TSS_3_AND_CBS_TSS_4	1943	81693	TRUE	1.0226649794246126e-24	-0.4733094940761986	TRUE	2128	77	3.3954290238236613
ENSG00000160208	CBS_TSS_2_AND_CBS_TSS_3_AND_CBS_TSS_4	1437	58506	TRUE	1.1238528974336491e-23	-0.6522918099011892	TRUE	2128	77	1.3658760169588633
ENSG00000160214	CBS_TSS_2_AND_CBS_TSS_3_AND_CBS_TSS_4	2033	85726	TRUE	2.8667221249654516e-20	-0.6585716071887964	TRUE	2128	77	8.379824369511548
ENSG00000184900	CBS_TSS_2_AND_CBS_TSS_3_AND_CBS_TSS_4	2116	89959	TRUE	6.285282932194024e-20	-0.40202350967203104	TRUE	2128	77	9.521557965353084
ENSG00000160221	CBS_TSS_2_AND_CBS_TSS_3_AND_CBS_TSS_4	554	21418	TRUE	2.745515574981242e-8	-0.6425881447349595	TRUE	2128	77	0.29623842411742035
ENSG00000160201	CBS_TSS_2_AND_CBS_TSS_3_AND_CBS_TSS_4	159	6341	TRUE	0.018995844666676143	-0.5943299669536568	TRUE	2128	77	0.07659614362948843
ENSG00000160200	CBS_TSS_2_AND_CBS_TSS_3_AND_CBS_TSS_4	37	1501	TRUE	0.048	-0.9189671339308259	TRUE	2128	77	0.01742762794670667
ENSG00000160213	CBS_TSS_2_AND_CBS_TSS_3_AND_CBS_TSS_4	2125	91137	TRUE	3.5829067813063323e-35	-0.4881375058168178	TRUE	2128	78	35.09843015927581
ENSG00000160194	CBS_TSS_2_AND_CBS_TSS_3_AND_CBS_TSS_4	2123	90836	TRUE	1.1572036587234927e-33	-0.5038421460906521	TRUE	2128	78	15.147129597799932
ENSG00000160209	CBS_TSS_2_AND_CBS_TSS_3_AND_CBS_TSS_4	2024	84655	TRUE	5.034345485665506e-28	-0.5390039024601083	TRUE	2128	78	4.281383793243539
ENSG00000183255	CBS_TSS_2_AND_CBS_TSS_3_AND_CBS_TSS_4	1943	81693	TRUE	2.2050240022737722e-26	-0.48099432247887774	TRUE	2128	78	3.3954290238236613
ENSG00000184900	CBS_TSS_2_AND_CBS_TSS_3_AND_CBS_TSS_4	2116	89959	TRUE	3.43440603055735e-25	-0.4668656563823306	TRUE	2128	78	9.521557965353084
ENSG00000160214	CBS_TSS_2_AND_CBS_TSS_3_AND_CBS_TSS_4	2033	85726	TRUE	9.076691383200096e-22	-0.6891011531265177	TRUE	2128	78	8.379824369511548
ENSG00000184787	CBS_TSS_2_AND_CBS_TSS_3_AND_CBS_TSS_4	1875	78189	TRUE	2.6903948528825364e-12	-0.49912440844118766	TRUE	2128	78	3.2957592424763273
ENSG00000160208	CBS_TSS_2_AND_CBS_TSS_3_AND_CBS_TSS_4	1437	58506	TRUE	1.2470661716508652e-11	-0.5203531726687783	TRUE	2128	78	1.3658760169588633
ENSG00000160221	CBS_TSS_2_AND_CBS_TSS_3_AND_CBS_TSS_4	554	21418	TRUE	3.908476104399995e-4	-0.4519661985795693	TRUE	2128	78	0.29623842411742035
ENSG00000160201	CBS_TSS_2_AND_CBS_TSS_3_AND_CBS_TSS_4	159	6341	TRUE	8.783690112732015e-4	-0.6440830021507562	TRUE	2128	78	0.07659614362948843
ENSG00000160200	CBS_TSS_2_AND_CBS_TSS_3_AND_CBS_TSS_4	37	1501	TRUE	0.06	-0.9860813297893625	TRUE	2128	78	0.01742762794670667
ENSG00000160194	CBS_TSS_2_AND_CBS_TSS_3_AND_CBS_TSS_4	2123	90836	TRUE	1.1020259538958945e-39	-0.5345078121023894	TRUE	2128	79	15.147129597799932
ENSG00000160213	CBS_TSS_2_AND_CBS_TSS_3_AND_CBS_TSS_4	2125	91137	TRUE	1.3917853113735884e-35	-0.4957095564486833	TRUE	2128	79	35.09843015927581
ENSG00000160214	CBS_TSS_2_AND_CBS_TSS_3_AND_CBS_TSS_4	2033	85726	TRUE	1.2702470948206014e-30	-0.7440139604889495	TRUE	2128	79	8.379824369511548
ENSG00000184900	CBS_TSS_2_AND_CBS_TSS_3_AND_CBS_TSS_4	2116	89959	TRUE	1.580304097311458e-27	-0.45996800716430286	TRUE	2128	79	9.521557965353084
ENSG00000183255	CBS_TSS_2_AND_CBS_TSS_3_AND_CBS_TSS_4	1943	81693	TRUE	1.3855357692135208e-26	-0.4838223810249942	TRUE	2128	79	3.3954290238236613
ENSG00000160209	CBS_TSS_2_AND_CBS_TSS_3_AND_CBS_TSS_4	2024	84655	TRUE	3.118424380415458e-19	-0.4600216090512437	TRUE	2128	79	4.281383793243539
ENSG00000160221	CBS_TSS_2_AND_CBS_TSS_3_AND_CBS_TSS_4	554	21418	TRUE	2.1384289369088313e-6	-0.5517043414369542	TRUE	2128	79	0.29623842411742035
ENSG00000160208	CBS_TSS_2_AND_CBS_TSS_3_AND_CBS_TSS_4	1437	58506	TRUE	4e-4	-0.6058373880488791	TRUE	2128	79	1.3658760169588633
ENSG00000184787	CBS_TSS_2_AND_CBS_TSS_3_AND_CBS_TSS_4	1875	78189	TRUE	4e-4	-0.6493288108986541	TRUE	2128	79	3.2957592424763273
ENSG00000160200	CBS_TSS_2_AND_CBS_TSS_3_AND_CBS_TSS_4	37	1501	TRUE	0.002693918257542477	-1.2909359113177832	TRUE	2128	79	0.01742762794670667
ENSG00000160201	CBS_TSS_2_AND_CBS_TSS_3_AND_CBS_TSS_4	159	6341	TRUE	0.008691757378233508	-0.5700824207069797	TRUE	2128	79	0.07659614362948843
ENSG00000160213	CBS_TSS_2_AND_CBS_TSS_3_AND_CBS_TSS_4	2125	91137	TRUE	1.8178703411185173e-40	-0.5252615318363576	TRUE	2128	80	35.09843015927581
ENSG00000160209	CBS_TSS_2_AND_CBS_TSS_3_AND_CBS_TSS_4	2024	84655	TRUE	3.835319272665181e-31	-0.5624182842982521	TRUE	2128	80	4.281383793243539
ENSG00000160194	CBS_TSS_2_AND_CBS_TSS_3_AND_CBS_TSS_4	2123	90836	TRUE	8.024095590690414e-31	-0.49196282489825816	TRUE	2128	80	15.147129597799932
ENSG00000184787	CBS_TSS_2_AND_CBS_TSS_3_AND_CBS_TSS_4	1875	78189	TRUE	4.7752925950980645e-30	-0.6786171704090447	TRUE	2128	80	3.2957592424763273
ENSG00000184900	CBS_TSS_2_AND_CBS_TSS_3_AND_CBS_TSS_4	2116	89959	TRUE	1.107238128267004e-25	-0.47599204714626664	TRUE	2128	80	9.521557965353084
ENSG00000160214	CBS_TSS_2_AND_CBS_TSS_3_AND_CBS_TSS_4	2033	85726	TRUE	4.448286202618528e-22	-0.6948691723278673	TRUE	2128	80	8.379824369511548
ENSG00000183255	CBS_TSS_2_AND_CBS_TSS_3_AND_CBS_TSS_4	1943	81693	TRUE	4.699320400532668e-20	-0.4387265731063703	TRUE	2128	80	3.3954290238236613
ENSG00000160221	CBS_TSS_2_AND_CBS_TSS_3_AND_CBS_TSS_4	554	21418	TRUE	1.8018946911088022e-6	-0.548670281347321	TRUE	2128	80	0.29623842411742035
ENSG00000160208	CBS_TSS_2_AND_CBS_TSS_3_AND_CBS_TSS_4	1437	58506	TRUE	4e-4	-0.5510908475456486	TRUE	2128	80	1.3658760169588633
ENSG00000160201	CBS_TSS_2_AND_CBS_TSS_3_AND_CBS_TSS_4	159	6341	TRUE	0.021144428141235905	-0.5344585109762585	TRUE	2128	80	0.07659614362948843
ENSG00000160200	CBS_TSS_2_AND_CBS_TSS_3_AND_CBS_TSS_4	37	1501	TRUE	0.42	-0.5204177574405513	FALSE	2128	80	0.01742762794670667
ENSG00000160194	CBS_TSS_2_AND_CBS_TSS_3_AND_CBS_TSS_4	2123	90836	TRUE	8.539162516979354e-46	-0.5809699193163769	TRUE	2128	81	15.147129597799932
ENSG00000160213	CBS_TSS_2_AND_CBS_TSS_3_AND_CBS_TSS_4	2125	91137	TRUE	2.2958874039497803e-41	-0.5347383549494031	TRUE	2128	81	35.09843015927581
ENSG00000184787	CBS_TSS_2_AND_CBS_TSS_3_AND_CBS_TSS_4	1875	78189	TRUE	2.4304382620923587e-27	-0.6519405495920187	TRUE	2128	81	3.2957592424763273
ENSG00000160214	CBS_TSS_2_AND_CBS_TSS_3_AND_CBS_TSS_4	2033	85726	TRUE	3.1912754088324157e-25	-0.697993518133194	TRUE	2128	81	8.379824369511548
ENSG00000184900	CBS_TSS_2_AND_CBS_TSS_3_AND_CBS_TSS_4	2116	89959	TRUE	6.891206486177536e-24	-0.45734467784094246	TRUE	2128	81	9.521557965353084
ENSG00000160208	CBS_TSS_2_AND_CBS_TSS_3_AND_CBS_TSS_4	1437	58506	TRUE	1.1577378685702276e-21	-0.6364113021323549	TRUE	2128	81	1.3658760169588633
ENSG00000183255	CBS_TSS_2_AND_CBS_TSS_3_AND_CBS_TSS_4	1943	81693	TRUE	5.0703316914067656e-18	-0.4379784812872285	TRUE	2128	81	3.3954290238236613
ENSG00000160209	CBS_TSS_2_AND_CBS_TSS_3_AND_CBS_TSS_4	2024	84655	TRUE	8.206777089645816e-17	-0.4586356396471516	TRUE	2128	81	4.281383793243539
ENSG00000160221	CBS_TSS_2_AND_CBS_TSS_3_AND_CBS_TSS_4	554	21418	TRUE	4e-4	-0.7087784244294264	TRUE	2128	81	0.29623842411742035
ENSG00000160201	CBS_TSS_2_AND_CBS_TSS_3_AND_CBS_TSS_4	159	6341	TRUE	0.016246045435919856	-0.5700824207069797	TRUE	2128	81	0.07659614362948843
ENSG00000160200	CBS_TSS_2_AND_CBS_TSS_3_AND_CBS_TSS_4	37	1501	TRUE	0.048	-0.9189671339308259	TRUE	2128	81	0.01742762794670667
ENSG00000184900	CBS_TSS_2_AND_CBS_TSS_3_AND_CBS_TSS_4	2116	89959	TRUE	7.700383186090896e-35	-0.5234564628351146	TRUE	2128	82	9.521557965353084
ENSG00000160213	CBS_TSS_2_AND_CBS_TSS_3_AND_CBS_TSS_4	2125	91137	TRUE	8.969595538017255e-32	-0.4877920210460447	TRUE	2128	82	35.09843015927581
ENSG00000160194	CBS_TSS_2_AND_CBS_TSS_3_AND_CBS_TSS_4	2123	90836	TRUE	2.1144197327643452e-29	-0.5140112197978146	TRUE	2128	82	15.147129597799932
ENSG00000160209	CBS_TSS_2_AND_CBS_TSS_3_AND_CBS_TSS_4	2024	84655	TRUE	6.0684441613598024e-27	-0.5679581036976495	TRUE	2128	82	4.281383793243539
ENSG00000183255	CBS_TSS_2_AND_CBS_TSS_3_AND_CBS_TSS_4	1943	81693	TRUE	4.4593826753067744e-24	-0.46084497909109023	TRUE	2128	82	3.3954290238236613
ENSG00000184787	CBS_TSS_2_AND_CBS_TSS_3_AND_CBS_TSS_4	1875	78189	TRUE	8.132090806474211e-21	-0.6025469369480163	TRUE	2128	82	3.2957592424763273
ENSG00000160214	CBS_TSS_2_AND_CBS_TSS_3_AND_CBS_TSS_4	2033	85726	TRUE	4.413273636262555e-15	-0.6372012716752229	TRUE	2128	82	8.379824369511548
ENSG00000160221	CBS_TSS_2_AND_CBS_TSS_3_AND_CBS_TSS_4	554	21418	TRUE	8.193490979651284e-12	-0.6986542071557191	TRUE	2128	82	0.29623842411742035
ENSG00000160208	CBS_TSS_2_AND_CBS_TSS_3_AND_CBS_TSS_4	1437	58506	TRUE	4e-4	-0.6515977059470309	TRUE	2128	82	1.3658760169588633
ENSG00000160201	CBS_TSS_2_AND_CBS_TSS_3_AND_CBS_TSS_4	159	6341	TRUE	5.151551472285763e-4	-0.7087886915385715	TRUE	2128	82	0.07659614362948843
ENSG00000160200	CBS_TSS_2_AND_CBS_TSS_3_AND_CBS_TSS_4	37	1501	TRUE	0.92	-0.3340046332096698	FALSE	2128	82	0.01742762794670667
ENSG00000160213	CBS_TSS_2_AND_CBS_TSS_3_AND_CBS_TSS_4	2125	91137	TRUE	1.8458781279074226e-50	-0.5940070178938086	TRUE	2128	83	35.09843015927581
ENSG00000160214	CBS_TSS_2_AND_CBS_TSS_3_AND_CBS_TSS_4	2033	85726	TRUE	3.187903577889596e-33	-0.7778958004656644	TRUE	2128	83	8.379824369511548
ENSG00000184900	CBS_TSS_2_AND_CBS_TSS_3_AND_CBS_TSS_4	2116	89959	TRUE	1.234150578532839e-31	-0.4860060179696841	TRUE	2128	83	9.521557965353084
ENSG00000160194	CBS_TSS_2_AND_CBS_TSS_3_AND_CBS_TSS_4	2123	90836	TRUE	1.874682005336513e-31	-0.4969102646904293	TRUE	2128	83	15.147129597799932
ENSG00000183255	CBS_TSS_2_AND_CBS_TSS_3_AND_CBS_TSS_4	1943	81693	TRUE	2.4147650050844834e-27	-0.4848521419829819	TRUE	2128	83	3.3954290238236613
ENSG00000160209	CBS_TSS_2_AND_CBS_TSS_3_AND_CBS_TSS_4	2024	84655	TRUE	1.1611980262818323e-24	-0.5180241649397985	TRUE	2128	83	4.281383793243539
ENSG00000184787	CBS_TSS_2_AND_CBS_TSS_3_AND_CBS_TSS_4	1875	78189	TRUE	3.352113513479931e-14	-0.5201783397795778	TRUE	2128	83	3.2957592424763273
ENSG00000160208	CBS_TSS_2_AND_CBS_TSS_3_AND_CBS_TSS_4	1437	58506	TRUE	1.982885769045976e-9	-0.49025674792264473	TRUE	2128	83	1.3658760169588633
ENSG00000160221	CBS_TSS_2_AND_CBS_TSS_3_AND_CBS_TSS_4	554	21418	TRUE	8.246850162968428e-6	-0.5216471075807747	TRUE	2128	83	0.29623842411742035
ENSG00000160200	CBS_TSS_2_AND_CBS_TSS_3_AND_CBS_TSS_4	37	1501	TRUE	0.176	-0.05647065768076054	FALSE	2128	83	0.01742762794670667
ENSG00000160201	CBS_TSS_2_AND_CBS_TSS_3_AND_CBS_TSS_4	159	6341	TRUE	0.588	-0.32722589681081615	FALSE	2128	83	0.07659614362948843
ENSG00000160194	CBS_TSS_2_AND_CBS_TSS_3_AND_CBS_TSS_4	2123	90836	TRUE	1.729551997835146e-37	-0.5390101285354865	TRUE	2128	84	15.147129597799932
ENSG00000160213	CBS_TSS_2_AND_CBS_TSS_3_AND_CBS_TSS_4	2125	91137	TRUE	3.720741012564292e-21	-0.4386957287083231	TRUE	2128	84	35.09843015927581
ENSG00000184787	CBS_TSS_2_AND_CBS_TSS_3_AND_CBS_TSS_4	1875	78189	TRUE	1.0717818357305812e-20	-0.6036700939069535	TRUE	2128	84	3.2957592424763273
ENSG00000183255	CBS_TSS_2_AND_CBS_TSS_3_AND_CBS_TSS_4	1943	81693	TRUE	2.126102813752276e-20	-0.45225898641322093	TRUE	2128	84	3.3954290238236613
ENSG00000184900	CBS_TSS_2_AND_CBS_TSS_3_AND_CBS_TSS_4	2116	89959	TRUE	2.9454902036796365e-17	-0.4260543656531288	TRUE	2128	84	9.521557965353084
ENSG00000160214	CBS_TSS_2_AND_CBS_TSS_3_AND_CBS_TSS_4	2033	85726	TRUE	6.127346334382013e-17	-0.6508148613577278	TRUE	2128	84	8.379824369511548
ENSG00000160209	CBS_TSS_2_AND_CBS_TSS_3_AND_CBS_TSS_4	2024	84655	TRUE	7.778283602655619e-14	-0.4434772115747445	TRUE	2128	84	4.281383793243539
ENSG00000160221	CBS_TSS_2_AND_CBS_TSS_3_AND_CBS_TSS_4	554	21418	TRUE	2.283104714779279e-6	-0.5396061989190843	TRUE	2128	84	0.29623842411742035
ENSG00000160208	CBS_TSS_2_AND_CBS_TSS_3_AND_CBS_TSS_4	1437	58506	TRUE	4e-4	-0.5680179691045177	TRUE	2128	84	1.3658760169588633
ENSG00000160201	CBS_TSS_2_AND_CBS_TSS_3_AND_CBS_TSS_4	159	6341	TRUE	0.036	-0.5700824207069797	TRUE	2128	84	0.07659614362948843
ENSG00000160200	CBS_TSS_2_AND_CBS_TSS_3_AND_CBS_TSS_4	37	1501	TRUE	0.828	-0.37839875256812316	FALSE	2128	84	0.01742762794670667
ENSG00000160213	CBS_TSS_2_AND_CBS_TSS_3_AND_CBS_TSS_4	2125	91137	TRUE	2.702699674845228e-47	-0.5624303852215373	TRUE	2128	85	35.09843015927581
ENSG00000160209	CBS_TSS_2_AND_CBS_TSS_3_AND_CBS_TSS_4	2024	84655	TRUE	1.0941338409448172e-41	-0.6413071577547855	TRUE	2128	85	4.281383793243539
ENSG00000184900	CBS_TSS_2_AND_CBS_TSS_3_AND_CBS_TSS_4	2116	89959	TRUE	2.7738911614521245e-37	-0.5141198190996765	TRUE	2128	85	9.521557965353084
ENSG00000160194	CBS_TSS_2_AND_CBS_TSS_3_AND_CBS_TSS_4	2123	90836	TRUE	3.0946470969947954e-26	-0.45287068301600497	TRUE	2128	85	15.147129597799932
ENSG00000184787	CBS_TSS_2_AND_CBS_TSS_3_AND_CBS_TSS_4	1875	78189	TRUE	3.171221173415004e-18	-0.562684829782429	TRUE	2128	85	3.2957592424763273
ENSG00000160208	CBS_TSS_2_AND_CBS_TSS_3_AND_CBS_TSS_4	1437	58506	TRUE	2.138464220870151e-16	-0.5964561517545698	TRUE	2128	85	1.3658760169588633
ENSG00000183255	CBS_TSS_2_AND_CBS_TSS_3_AND_CBS_TSS_4	1943	81693	TRUE	9.705369559185474e-14	-0.37481314642978103	TRUE	2128	85	3.3954290238236613
ENSG00000160214	CBS_TSS_2_AND_CBS_TSS_3_AND_CBS_TSS_4	2033	85726	TRUE	2.7872248811529877e-12	-0.6025257636283299	TRUE	2128	85	8.379824369511548
ENSG00000160221	CBS_TSS_2_AND_CBS_TSS_3_AND_CBS_TSS_4	554	21418	TRUE	8.056071186319066e-6	-0.5305987084253028	TRUE	2128	85	0.29623842411742035
ENSG00000160201	CBS_TSS_2_AND_CBS_TSS_3_AND_CBS_TSS_4	159	6341	TRUE	0.002313309221267476	-0.6440830021507562	TRUE	2128	85	0.07659614362948843
ENSG00000160200	CBS_TSS_2_AND_CBS_TSS_3_AND_CBS_TSS_4	37	1501	TRUE	0.02876285751553842	-0.8548367965111101	TRUE	2128	85	0.01742762794670667
ENSG00000160213	CBS_TSS_2_AND_CBS_TSS_3_AND_CBS_TSS_4	2125	91137	TRUE	2.7325320054333933e-44	-0.5334389165272286	TRUE	2128	86	35.09843015927581
ENSG00000160194	CBS_TSS_2_AND_CBS_TSS_3_AND_CBS_TSS_4	2123	90836	TRUE	4.201833145036879e-30	-0.49506737428341774	TRUE	2128	86	15.147129597799932
ENSG00000160209	CBS_TSS_2_AND_CBS_TSS_3_AND_CBS_TSS_4	2024	84655	TRUE	1.6851797036348724e-28	-0.5535140397625857	TRUE	2128	86	4.281383793243539
ENSG00000184900	CBS_TSS_2_AND_CBS_TSS_3_AND_CBS_TSS_4	2116	89959	TRUE	2.0049659350774285e-27	-0.47626673284015464	TRUE	2128	86	9.521557965353084
ENSG00000183255	CBS_TSS_2_AND_CBS_TSS_3_AND_CBS_TSS_4	1943	81693	TRUE	6.458519112765606e-27	-0.4931167978300939	TRUE	2128	86	3.3954290238236613
ENSG00000160214	CBS_TSS_2_AND_CBS_TSS_3_AND_CBS_TSS_4	2033	85726	TRUE	2.2285798444708444e-22	-0.6800344267948839	TRUE	2128	86	8.379824369511548
ENSG00000184787	CBS_TSS_2_AND_CBS_TSS_3_AND_CBS_TSS_4	1875	78189	TRUE	2.6666055457626275e-15	-0.5337623867981587	TRUE	2128	86	3.2957592424763273
ENSG00000160208	CBS_TSS_2_AND_CBS_TSS_3_AND_CBS_TSS_4	1437	58506	TRUE	4e-4	-0.5601807653630203	TRUE	2128	86	1.3658760169588633
ENSG00000160221	CBS_TSS_2_AND_CBS_TSS_3_AND_CBS_TSS_4	554	21418	TRUE	0.0016	-0.46049446996095433	TRUE	2128	86	0.29623842411742035
ENSG00000160201	CBS_TSS_2_AND_CBS_TSS_3_AND_CBS_TSS_4	159	6341	TRUE	0.024	-0.5581097790409038	TRUE	2128	86	0.07659614362948843
ENSG00000160200	CBS_TSS_2_AND_CBS_TSS_3_AND_CBS_TSS_4	37	1501	TRUE	0.952	-0.42420244218124736	FALSE	2128	86	0.01742762794670667
ENSG00000160213	CBS_TSS_2_AND_CBS_TSS_3_AND_CBS_TSS_4	2125	91137	TRUE	1.2541621255707113e-43	-0.5511968854329652	TRUE	2128	87	35.09843015927581
ENSG00000160194	CBS_TSS_2_AND_CBS_TSS_3_AND_CBS_TSS_4	2123	90836	TRUE	2.2951576777454904e-28	-0.4825178854272849	TRUE	2128	87	15.147129597799932
ENSG00000183255	CBS_TSS_2_AND_CBS_TSS_3_AND_CBS_TSS_4	1943	81693	TRUE	2.368669597883991e-24	-0.48459463282729764	TRUE	2128	87	3.3954290238236613
ENSG00000184900	CBS_TSS_2_AND_CBS_TSS_3_AND_CBS_TSS_4	2116	89959	TRUE	1.0617945573943382e-21	-0.4306605058786448	TRUE	2128	87	9.521557965353084
ENSG00000160209	CBS_TSS_2_AND_CBS_TSS_3_AND_CBS_TSS_4	2024	84655	TRUE	7.511970014450944e-17	-0.46657345907179204	TRUE	2128	87	4.281383793243539
ENSG00000160214	CBS_TSS_2_AND_CBS_TSS_3_AND_CBS_TSS_4	2033	85726	TRUE	1.1194935990355167e-15	-0.6410936869430097	TRUE	2128	87	8.379824369511548
ENSG00000160208	CBS_TSS_2_AND_CBS_TSS_3_AND_CBS_TSS_4	1437	58506	TRUE	8.678167904209634e-14	-0.5523859060176112	TRUE	2128	87	1.3658760169588633
ENSG00000160221	CBS_TSS_2_AND_CBS_TSS_3_AND_CBS_TSS_4	554	21418	TRUE	7.343714726622728e-7	-0.5855070495276924	TRUE	2128	87	0.29623842411742035
ENSG00000184787	CBS_TSS_2_AND_CBS_TSS_3_AND_CBS_TSS_4	1875	78189	TRUE	4e-4	-0.6598042545572165	TRUE	2128	87	3.2957592424763273
ENSG00000160201	CBS_TSS_2_AND_CBS_TSS_3_AND_CBS_TSS_4	159	6341	TRUE	0.048	-0.488288329543332	TRUE	2128	87	0.07659614362948843
ENSG00000160200	CBS_TSS_2_AND_CBS_TSS_3_AND_CBS_TSS_4	37	1501	TRUE	0.124	-0.7345425627933988	FALSE	2128	87	0.01742762794670667
ENSG00000160213	CBS_TSS_2_AND_CBS_TSS_3_AND_CBS_TSS_4	2125	91137	TRUE	1e-250	-0.48274258940615056	TRUE	2128	88	35.09843015927581
ENSG00000184900	CBS_TSS_2_AND_CBS_TSS_3_AND_CBS_TSS_4	2116	89959	TRUE	4.555040609436364e-38	-0.522794307279038	TRUE	2128	88	9.521557965353084
ENSG00000184787	CBS_TSS_2_AND_CBS_TSS_3_AND_CBS_TSS_4	1875	78189	TRUE	3.351747555071589e-23	-0.5899713073286688	TRUE	2128	88	3.2957592424763273
ENSG00000183255	CBS_TSS_2_AND_CBS_TSS_3_AND_CBS_TSS_4	1943	81693	TRUE	8.120875562425851e-21	-0.4570507408011406	TRUE	2128	88	3.3954290238236613
ENSG00000160194	CBS_TSS_2_AND_CBS_TSS_3_AND_CBS_TSS_4	2123	90836	TRUE	2.3633727295680757e-19	-0.42070137402790087	TRUE	2128	88	15.147129597799932
ENSG00000160214	CBS_TSS_2_AND_CBS_TSS_3_AND_CBS_TSS_4	2033	85726	TRUE	1.0906500453603553e-18	-0.6242651908450925	TRUE	2128	88	8.379824369511548
ENSG00000160209	CBS_TSS_2_AND_CBS_TSS_3_AND_CBS_TSS_4	2024	84655	TRUE	8.31812857466368e-18	-0.46101240301978486	TRUE	2128	88	4.281383793243539
ENSG00000160208	CBS_TSS_2_AND_CBS_TSS_3_AND_CBS_TSS_4	1437	58506	TRUE	2.016868470288278e-10	-0.5121398658210946	TRUE	2128	88	1.3658760169588633
ENSG00000160221	CBS_TSS_2_AND_CBS_TSS_3_AND_CBS_TSS_4	554	21418	TRUE	6.970565365157545e-9	-0.6393570234719466	TRUE	2128	88	0.29623842411742035
ENSG00000160201	CBS_TSS_2_AND_CBS_TSS_3_AND_CBS_TSS_4	159	6341	TRUE	0.007414158056353044	-0.6189920211879265	TRUE	2128	88	0.07659614362948843
ENSG00000160200	CBS_TSS_2_AND_CBS_TSS_3_AND_CBS_TSS_4	37	1501	TRUE	0.084	-0.8548367965111101	TRUE	2128	88	0.01742762794670667
ENSG00000160213	CBS_TSS_2_AND_CBS_TSS_3_AND_CBS_TSS_4	2125	91137	TRUE	1.9500624760676328e-35	-0.48840901618896204	TRUE	2128	89	35.09843015927581
ENSG00000184900	CBS_TSS_2_AND_CBS_TSS_3_AND_CBS_TSS_4	2116	89959	TRUE	1.2491542308850627e-23	-0.43643893906859876	TRUE	2128	89	9.521557965353084
ENSG00000160214	CBS_TSS_2_AND_CBS_TSS_3_AND_CBS_TSS_4	2033	85726	TRUE	1.8923952095065468e-20	-0.6408709800822883	TRUE	2128	89	8.379824369511548
ENSG00000160209	CBS_TSS_2_AND_CBS_TSS_3_AND_CBS_TSS_4	2024	84655	TRUE	1.789872956449907e-18	-0.46996030253776877	TRUE	2128	89	4.281383793243539
ENSG00000160194	CBS_TSS_2_AND_CBS_TSS_3_AND_CBS_TSS_4	2123	90836	TRUE	2.480674451836521e-16	-0.3979778811547905	TRUE	2128	89	15.147129597799932
ENSG00000183255	CBS_TSS_2_AND_CBS_TSS_3_AND_CBS_TSS_4	1943	81693	TRUE	5.040860592442182e-15	-0.387756501598737	TRUE	2128	89	3.3954290238236613
ENSG00000160208	CBS_TSS_2_AND_CBS_TSS_3_AND_CBS_TSS_4	1437	58506	TRUE	6.269886515924882e-11	-0.5140310983937282	TRUE	2128	89	1.3658760169588633
ENSG00000160221	CBS_TSS_2_AND_CBS_TSS_3_AND_CBS_TSS_4	554	21418	TRUE	1.2661025629745748e-5	-0.5276086658194914	TRUE	2128	89	0.29623842411742035
ENSG00000184787	CBS_TSS_2_AND_CBS_TSS_3_AND_CBS_TSS_4	1875	78189	TRUE	4e-4	-0.5673338368752998	TRUE	2128	89	3.2957592424763273
ENSG00000160201	CBS_TSS_2_AND_CBS_TSS_3_AND_CBS_TSS_4	159	6341	TRUE	0.004044707414723195	-0.6696180942578938	TRUE	2128	89	0.07659614362948843
ENSG00000160200	CBS_TSS_2_AND_CBS_TSS_3_AND_CBS_TSS_4	37	1501	TRUE	0.352	-0.623511250404654	FALSE	2128	89	0.01742762794670667
ENSG00000160213	CBS_TSS_2_AND_CBS_TSS_3_AND_CBS_TSS_4	2125	91137	TRUE	1.4564518835486298e-42	-0.5496507264486201	TRUE	2128	90	35.09843015927581
ENSG00000184900	CBS_TSS_2_AND_CBS_TSS_3_AND_CBS_TSS_4	2116	89959	TRUE	2.2839184495920136e-32	-0.5270563341331975	TRUE	2128	90	9.521557965353084
ENSG00000160194	CBS_TSS_2_AND_CBS_TSS_3_AND_CBS_TSS_4	2123	90836	TRUE	1.022221948611338e-27	-0.49431937197214504	TRUE	2128	90	15.147129597799932
ENSG00000184787	CBS_TSS_2_AND_CBS_TSS_3_AND_CBS_TSS_4	1875	78189	TRUE	9.51346679358675e-25	-0.6522310348524158	TRUE	2128	90	3.2957592424763273
ENSG00000183255	CBS_TSS_2_AND_CBS_TSS_3_AND_CBS_TSS_4	1943	81693	TRUE	3.0652988082931515e-23	-0.49467170551524897	TRUE	2128	90	3.3954290238236613
ENSG00000160209	CBS_TSS_2_AND_CBS_TSS_3_AND_CBS_TSS_4	2024	84655	TRUE	4.525389762644037e-23	-0.5373309699162054	TRUE	2128	90	4.281383793243539
ENSG00000160214	CBS_TSS_2_AND_CBS_TSS_3_AND_CBS_TSS_4	2033	85726	TRUE	3.835241699331959e-22	-0.724768237283508	TRUE	2128	90	8.379824369511548
ENSG00000160208	CBS_TSS_2_AND_CBS_TSS_3_AND_CBS_TSS_4	1437	58506	TRUE	1.0315752858931035e-16	-0.6139272879809758	TRUE	2128	90	1.3658760169588633
ENSG00000160221	CBS_TSS_2_AND_CBS_TSS_3_AND_CBS_TSS_4	554	21418	TRUE	2.8899783931534556e-4	-0.4690734548497373	TRUE	2128	90	0.29623842411742035
ENSG00000160201	CBS_TSS_2_AND_CBS_TSS_3_AND_CBS_TSS_4	159	6341	TRUE	7.290631881625986e-4	-0.7087886915385715	TRUE	2128	90	0.07659614362948843
ENSG00000160200	CBS_TSS_2_AND_CBS_TSS_3_AND_CBS_TSS_4	37	1501	TRUE	0.312	-0.623511250404654	FALSE	2128	90	0.01742762794670667
ENSG00000160194	CBS_TSS_2_AND_CBS_TSS_3_AND_CBS_TSS_4	2123	90836	TRUE	3.848781182532762e-49	-0.6174049545030007	TRUE	2128	91	15.147129597799932
ENSG00000184900	CBS_TSS_2_AND_CBS_TSS_3_AND_CBS_TSS_4	2116	89959	TRUE	3.341933717540383e-46	-0.5849228283830383	TRUE	2128	91	9.521557965353084
ENSG00000160213	CBS_TSS_2_AND_CBS_TSS_3_AND_CBS_TSS_4	2125	91137	TRUE	1.8295352750224812e-41	-0.5300302728631063	TRUE	2128	91	35.09843015927581
ENSG00000160209	CBS_TSS_2_AND_CBS_TSS_3_AND_CBS_TSS_4	2024	84655	TRUE	1.6990090018879123e-26	-0.5436144948356199	TRUE	2128	91	4.281383793243539
ENSG00000183255	CBS_TSS_2_AND_CBS_TSS_3_AND_CBS_TSS_4	1943	81693	TRUE	8.059122974395575e-25	-0.4910461910291759	TRUE	2128	91	3.3954290238236613
ENSG00000160214	CBS_TSS_2_AND_CBS_TSS_3_AND_CBS_TSS_4	2033	85726	TRUE	1.1333602576241313e-24	-0.7237065212727134	TRUE	2128	91	8.379824369511548
ENSG00000160221	CBS_TSS_2_AND_CBS_TSS_3_AND_CBS_TSS_4	554	21418	TRUE	1.5798776845118907e-11	-0.7292425269891418	TRUE	2128	91	0.29623842411742035
ENSG00000160208	CBS_TSS_2_AND_CBS_TSS_3_AND_CBS_TSS_4	1437	58506	TRUE	4e-4	-0.6509039357769464	TRUE	2128	91	1.3658760169588633
ENSG00000184787	CBS_TSS_2_AND_CBS_TSS_3_AND_CBS_TSS_4	1875	78189	TRUE	4e-4	-0.676843001248103	TRUE	2128	91	3.2957592424763273
ENSG00000160200	CBS_TSS_2_AND_CBS_TSS_3_AND_CBS_TSS_4	37	1501	TRUE	0.064	-0.7934362518469671	TRUE	2128	91	0.01742762794670667
ENSG00000160201	CBS_TSS_2_AND_CBS_TSS_3_AND_CBS_TSS_4	159	6341	TRUE	0.116	-0.4769730163154984	FALSE	2128	91	0.07659614362948843
ENSG00000160213	CBS_TSS_2_AND_CBS_TSS_3_AND_CBS_TSS_4	2125	91137	TRUE	1.6016718872876272e-40	-0.5377238494358316	TRUE	2128	92	35.09843015927581
ENSG00000183255	CBS_TSS_2_AND_CBS_TSS_3_AND_CBS_TSS_4	1943	81693	TRUE	4.328813604923869e-31	-0.5221574283110706	TRUE	2128	92	3.3954290238236613
ENSG00000160194	CBS_TSS_2_AND_CBS_TSS_3_AND_CBS_TSS_4	2123	90836	TRUE	1.2007616611276585e-29	-0.5105747738599571	TRUE	2128	92	15.147129597799932
ENSG00000184900	CBS_TSS_2_AND_CBS_TSS_3_AND_CBS_TSS_4	2116	89959	TRUE	2.954478972487221e-25	-0.4743450303671448	TRUE	2128	92	9.521557965353084
ENSG00000160209	CBS_TSS_2_AND_CBS_TSS_3_AND_CBS_TSS_4	2024	84655	TRUE	9.455100383020366e-23	-0.5356599750389224	TRUE	2128	92	4.281383793243539
ENSG00000160214	CBS_TSS_2_AND_CBS_TSS_3_AND_CBS_TSS_4	2033	85726	TRUE	9.958051524747655e-19	-0.6648977407524792	TRUE	2128	92	8.379824369511548
ENSG00000160208	CBS_TSS_2_AND_CBS_TSS_3_AND_CBS_TSS_4	1437	58506	TRUE	2.3075578374935076e-16	-0.5758979798151784	TRUE	2128	92	1.3658760169588633
ENSG00000160221	CBS_TSS_2_AND_CBS_TSS_3_AND_CBS_TSS_4	554	21418	TRUE	3.5276846494110124e-7	-0.6074376895971949	TRUE	2128	92	0.29623842411742035
ENSG00000184787	CBS_TSS_2_AND_CBS_TSS_3_AND_CBS_TSS_4	1875	78189	TRUE	4e-4	-0.6022662842789297	TRUE	2128	92	3.2957592424763273
ENSG00000160201	CBS_TSS_2_AND_CBS_TSS_3_AND_CBS_TSS_4	159	6341	TRUE	0.0020876003523127434	-0.6956133027908384	TRUE	2128	92	0.07659614362948843
ENSG00000160200	CBS_TSS_2_AND_CBS_TSS_3_AND_CBS_TSS_4	37	1501	TRUE	0.088	-0.7934362518469671	TRUE	2128	92	0.01742762794670667
ENSG00000160209	CBS_TSS_2_AND_CBS_TSS_3_AND_CBS_TSS_4	2024	84655	TRUE	8.312036306063318e-26	-0.5174056461560956	TRUE	2128	93	4.281383793243539
ENSG00000184787	CBS_TSS_2_AND_CBS_TSS_3_AND_CBS_TSS_4	1875	78189	TRUE	5.0055439902821706e-23	-0.6197708224124587	TRUE	2128	93	3.2957592424763273
ENSG00000160194	CBS_TSS_2_AND_CBS_TSS_3_AND_CBS_TSS_4	2123	90836	TRUE	1.264383387619432e-22	-0.4472363468663598	TRUE	2128	93	15.147129597799932
ENSG00000184900	CBS_TSS_2_AND_CBS_TSS_3_AND_CBS_TSS_4	2116	89959	TRUE	2.6597778278911874e-22	-0.42791276774164144	TRUE	2128	93	9.521557965353084
ENSG00000160213	CBS_TSS_2_AND_CBS_TSS_3_AND_CBS_TSS_4	2125	91137	TRUE	2.1055928738719027e-20	-0.4173662693096132	TRUE	2128	93	35.09843015927581
ENSG00000183255	CBS_TSS_2_AND_CBS_TSS_3_AND_CBS_TSS_4	1943	81693	TRUE	6.416805728802161e-18	-0.4115470649334878	TRUE	2128	93	3.3954290238236613
ENSG00000160214	CBS_TSS_2_AND_CBS_TSS_3_AND_CBS_TSS_4	2033	85726	TRUE	8.005776838176739e-18	-0.6554189124865055	TRUE	2128	93	8.379824369511548
ENSG00000160221	CBS_TSS_2_AND_CBS_TSS_3_AND_CBS_TSS_4	554	21418	TRUE	3.440262553091255e-6	-0.542621236674516	TRUE	2128	93	0.29623842411742035
ENSG00000160201	CBS_TSS_2_AND_CBS_TSS_3_AND_CBS_TSS_4	159	6341	TRUE	1.3479317156888174e-4	-0.8187615335637037	TRUE	2128	93	0.07659614362948843
ENSG00000160208	CBS_TSS_2_AND_CBS_TSS_3_AND_CBS_TSS_4	1437	58506	TRUE	4e-4	-0.5510908475456486	TRUE	2128	93	1.3658760169588633
ENSG00000160200	CBS_TSS_2_AND_CBS_TSS_3_AND_CBS_TSS_4	37	1501	TRUE	0.404	-0.37839875256812316	FALSE	2128	93	0.01742762794670667
ENSG00000160213	CBS_TSS_2_AND_CBS_TSS_3_AND_CBS_TSS_4	2125	91137	TRUE	1.2715651531262914e-32	-0.4760944960211706	TRUE	2128	94	35.09843015927581
ENSG00000183255	CBS_TSS_2_AND_CBS_TSS_3_AND_CBS_TSS_4	1943	81693	TRUE	2.470066120298652e-23	-0.4507491013555833	TRUE	2128	94	3.3954290238236613
ENSG00000160209	CBS_TSS_2_AND_CBS_TSS_3_AND_CBS_TSS_4	2024	84655	TRUE	1.0394667631702009e-22	-0.5016204061709928	TRUE	2128	94	4.281383793243539
ENSG00000184900	CBS_TSS_2_AND_CBS_TSS_3_AND_CBS_TSS_4	2116	89959	TRUE	1.0447253359166264e-17	-0.4083868768649923	TRUE	2128	94	9.521557965353084
ENSG00000160194	CBS_TSS_2_AND_CBS_TSS_3_AND_CBS_TSS_4	2123	90836	TRUE	1.2751754123496698e-17	-0.4364200354903338	TRUE	2128	94	15.147129597799932
ENSG00000184787	CBS_TSS_2_AND_CBS_TSS_3_AND_CBS_TSS_4	1875	78189	TRUE	1.9538328819951954e-14	-0.5318903195624052	TRUE	2128	94	3.2957592424763273
ENSG00000160208	CBS_TSS_2_AND_CBS_TSS_3_AND_CBS_TSS_4	1437	58506	TRUE	3.811368713637277e-14	-0.5614840130043892	TRUE	2128	94	1.3658760169588633
ENSG00000160214	CBS_TSS_2_AND_CBS_TSS_3_AND_CBS_TSS_4	2033	85726	TRUE	6.02546160936081e-12	-0.5906481084461199	TRUE	2128	94	8.379824369511548
ENSG00000160221	CBS_TSS_2_AND_CBS_TSS_3_AND_CBS_TSS_4	554	21418	TRUE	1.343979088714955e-4	-0.4863860030929783	TRUE	2128	94	0.29623842411742035
ENSG00000160201	CBS_TSS_2_AND_CBS_TSS_3_AND_CBS_TSS_4	159	6341	TRUE	0.1	-0.4996930928155816	FALSE	2128	94	0.07659614362948843
ENSG00000160200	CBS_TSS_2_AND_CBS_TSS_3_AND_CBS_TSS_4	37	1501	TRUE	0.104	0.01391867021063753	FALSE	2128	94	0.01742762794670667
ENSG00000184900	CBS_TSS_2_AND_CBS_TSS_3_AND_CBS_TSS_4	2116	89959	TRUE	1.7018265381777746e-39	-0.5295245897239473	TRUE	2128	95	9.521557965353084
ENSG00000160194	CBS_TSS_2_AND_CBS_TSS_3_AND_CBS_TSS_4	2123	90836	TRUE	7.730836871165916e-29	-0.456116216630968	TRUE	2128	95	15.147129597799932
ENSG00000183255	CBS_TSS_2_AND_CBS_TSS_3_AND_CBS_TSS_4	1943	81693	TRUE	1.0870188232482281e-21	-0.4595791239244267	TRUE	2128	95	3.3954290238236613
ENSG00000160209	CBS_TSS_2_AND_CBS_TSS_3_AND_CBS_TSS_4	2024	84655	TRUE	5.5793379376730574e-21	-0.5012126924362206	TRUE	2128	95	4.281383793243539
ENSG00000160213	CBS_TSS_2_AND_CBS_TSS_3_AND_CBS_TSS_4	2125	91137	TRUE	1.4086822791568097e-18	-0.3946116791274852	TRUE	2128	95	35.09843015927581
ENSG00000160208	CBS_TSS_2_AND_CBS_TSS_3_AND_CBS_TSS_4	1437	58506	TRUE	3.335315434779444e-16	-0.5871355237780915	TRUE	2128	95	1.3658760169588633
ENSG00000160214	CBS_TSS_2_AND_CBS_TSS_3_AND_CBS_TSS_4	2033	85726	TRUE	5.448479847522559e-13	-0.6077395444844771	TRUE	2128	95	8.379824369511548
ENSG00000184787	CBS_TSS_2_AND_CBS_TSS_3_AND_CBS_TSS_4	1875	78189	TRUE	2.717721391704886e-10	-0.47374516592096816	TRUE	2128	95	3.2957592424763273
ENSG00000160221	CBS_TSS_2_AND_CBS_TSS_3_AND_CBS_TSS_4	554	21418	TRUE	2.182470826398472e-7	-0.5731233250718599	TRUE	2128	95	0.29623842411742035
ENSG00000160200	CBS_TSS_2_AND_CBS_TSS_3_AND_CBS_TSS_4	37	1501	TRUE	0.02523732381596852	-0.9860813297893625	TRUE	2128	95	0.01742762794670667
ENSG00000160201	CBS_TSS_2_AND_CBS_TSS_3_AND_CBS_TSS_4	159	6341	TRUE	0.22	-0.44355001477804823	FALSE	2128	95	0.07659614362948843
ENSG00000160213	CBS_TSS_2_AND_CBS_TSS_3_AND_CBS_TSS_4	2125	91137	TRUE	7.376844984912852e-32	-0.506267670045534	TRUE	2128	96	35.09843015927581
ENSG00000184900	CBS_TSS_2_AND_CBS_TSS_3_AND_CBS_TSS_4	2116	89959	TRUE	1.1161726222324248e-26	-0.4583391723468604	TRUE	2128	96	9.521557965353084
ENSG00000160214	CBS_TSS_2_AND_CBS_TSS_3_AND_CBS_TSS_4	2033	85726	TRUE	7.261284373792099e-25	-0.7366179551612517	TRUE	2128	96	8.379824369511548
ENSG00000160209	CBS_TSS_2_AND_CBS_TSS_3_AND_CBS_TSS_4	2024	84655	TRUE	7.672313881903367e-23	-0.5252598792447671	TRUE	2128	96	4.281383793243539
ENSG00000160208	CBS_TSS_2_AND_CBS_TSS_3_AND_CBS_TSS_4	1437	58506	TRUE	1.7084394710262306e-20	-0.6398487472679506	TRUE	2128	96	1.3658760169588633
ENSG00000183255	CBS_TSS_2_AND_CBS_TSS_3_AND_CBS_TSS_4	1943	81693	TRUE	2.9940598942931652e-19	-0.43424382985949084	TRUE	2128	96	3.3954290238236613
ENSG00000160194	CBS_TSS_2_AND_CBS_TSS_3_AND_CBS_TSS_4	2123	90836	TRUE	3.447620133192615e-19	-0.44445519351849905	TRUE	2128	96	15.147129597799932
ENSG00000160221	CBS_TSS_2_AND_CBS_TSS_3_AND_CBS_TSS_4	554	21418	TRUE	4e-4	-0.5246248073806701	TRUE	2128	96	0.29623842411742035
ENSG00000184787	CBS_TSS_2_AND_CBS_TSS_3_AND_CBS_TSS_4	1875	78189	TRUE	4e-4	-0.6603884598864749	TRUE	2128	96	3.2957592424763273
ENSG00000160201	CBS_TSS_2_AND_CBS_TSS_3_AND_CBS_TSS_4	159	6341	TRUE	9.312150357618249e-4	-0.7220855141520293	TRUE	2128	96	0.07659614362948843
ENSG00000160200	CBS_TSS_2_AND_CBS_TSS_3_AND_CBS_TSS_4	37	1501	TRUE	0.592	-0.47150815695960446	FALSE	2128	96	0.01742762794670667
ENSG00000184900	CBS_TSS_2_AND_CBS_TSS_3_AND_CBS_TSS_4	2116	89959	TRUE	2.0324755785733327e-37	-0.5216598900467018	TRUE	2128	97	9.521557965353084
ENSG00000160213	CBS_TSS_2_AND_CBS_TSS_3_AND_CBS_TSS_4	2125	91137	TRUE	8.425943506694157e-33	-0.46199245954485324	TRUE	2128	97	35.09843015927581
ENSG00000160194	CBS_TSS_2_AND_CBS_TSS_3_AND_CBS_TSS_4	2123	90836	TRUE	4.523063025353883e-30	-0.4837736438013094	TRUE	2128	97	15.147129597799932
ENSG00000184787	CBS_TSS_2_AND_CBS_TSS_3_AND_CBS_TSS_4	1875	78189	TRUE	1.8540206083002656e-25	-0.6340437429504724	TRUE	2128	97	3.2957592424763273
ENSG00000160214	CBS_TSS_2_AND_CBS_TSS_3_AND_CBS_TSS_4	2033	85726	TRUE	4.2143569918640514e-23	-0.686685445042369	TRUE	2128	97	8.379824369511548
ENSG00000183255	CBS_TSS_2_AND_CBS_TSS_3_AND_CBS_TSS_4	1943	81693	TRUE	5.240350034065347e-16	-0.3940301477222756	TRUE	2128	97	3.3954290238236613
ENSG00000160209	CBS_TSS_2_AND_CBS_TSS_3_AND_CBS_TSS_4	2024	84655	TRUE	7.621707310913865e-16	-0.4505444486588943	TRUE	2128	97	4.281383793243539
ENSG00000160221	CBS_TSS_2_AND_CBS_TSS_3_AND_CBS_TSS_4	554	21418	TRUE	3.2598889258474313e-7	-0.5917390032392067	TRUE	2128	97	0.29623842411742035
ENSG00000160208	CBS_TSS_2_AND_CBS_TSS_3_AND_CBS_TSS_4	1437	58506	TRUE	4e-4	-0.6065098164184928	TRUE	2128	97	1.3658760169588633
ENSG00000160200	CBS_TSS_2_AND_CBS_TSS_3_AND_CBS_TSS_4	37	1501	TRUE	0.252	-0.7345425627933988	FALSE	2128	97	0.01742762794670667
ENSG00000160201	CBS_TSS_2_AND_CBS_TSS_3_AND_CBS_TSS_4	159	6341	TRUE	0.468	-0.31710167953710844	FALSE	2128	97	0.07659614362948843
ENSG00000160194	CBS_TSS_2_AND_CBS_TSS_3_AND_CBS_TSS_4	2123	90836	TRUE	6.566729040412416e-29	-0.48800559803994314	TRUE	2128	98	15.147129597799932
ENSG00000160213	CBS_TSS_2_AND_CBS_TSS_3_AND_CBS_TSS_4	2125	91137	TRUE	1.0351041539623384e-28	-0.46777247602517225	TRUE	2128	98	35.09843015927581
ENSG00000160209	CBS_TSS_2_AND_CBS_TSS_3_AND_CBS_TSS_4	2024	84655	TRUE	8.170888131280699e-26	-0.5364952305498139	TRUE	2128	98	4.281383793243539
ENSG00000183255	CBS_TSS_2_AND_CBS_TSS_3_AND_CBS_TSS_4	1943	81693	TRUE	6.069446302593104e-25	-0.4835650555911739	TRUE	2128	98	3.3954290238236613
ENSG00000160208	CBS_TSS_2_AND_CBS_TSS_3_AND_CBS_TSS_4	1437	58506	TRUE	2.2675810772734587e-24	-0.6711599723255489	TRUE	2128	98	1.3658760169588633
ENSG00000184900	CBS_TSS_2_AND_CBS_TSS_3_AND_CBS_TSS_4	2116	89959	TRUE	1.5145163842105568e-21	-0.42596592999914007	TRUE	2128	98	9.521557965353084
ENSG00000160214	CBS_TSS_2_AND_CBS_TSS_3_AND_CBS_TSS_4	2033	85726	TRUE	2.0618446315802055e-20	-0.6610535667389725	TRUE	2128	98	8.379824369511548
ENSG00000184787	CBS_TSS_2_AND_CBS_TSS_3_AND_CBS_TSS_4	1875	78189	TRUE	3.255102667253808e-16	-0.5577786261619977	TRUE	2128	98	3.2957592424763273
ENSG00000160221	CBS_TSS_2_AND_CBS_TSS_3_AND_CBS_TSS_4	554	21418	TRUE	1.1153726212691727e-9	-0.6425881447349595	TRUE	2128	98	0.29623842411742035
ENSG00000160201	CBS_TSS_2_AND_CBS_TSS_3_AND_CBS_TSS_4	159	6341	TRUE	1.5927876532213607e-4	-0.8045476743440023	TRUE	2128	98	0.07659614362948843
ENSG00000160200	CBS_TSS_2_AND_CBS_TSS_3_AND_CBS_TSS_4	37	1501	TRUE	0.044	-0.9189671339308259	TRUE	2128	98	0.01742762794670667
ENSG00000160194	CBS_TSS_2_AND_CBS_TSS_3_AND_CBS_TSS_4	2123	90836	TRUE	3.863506199668473e-33	-0.5275450985949184	TRUE	2128	99	15.147129597799932
ENSG00000160209	CBS_TSS_2_AND_CBS_TSS_3_AND_CBS_TSS_4	2024	84655	TRUE	2.5358676100564157e-21	-0.5161694035432709	TRUE	2128	99	4.281383793243539
ENSG00000160213	CBS_TSS_2_AND_CBS_TSS_3_AND_CBS_TSS_4	2125	91137	TRUE	3.4015804615794126e-16	-0.39015424411207	TRUE	2128	99	35.09843015927581
ENSG00000184900	CBS_TSS_2_AND_CBS_TSS_3_AND_CBS_TSS_4	2116	89959	TRUE	5.274999166983902e-14	-0.36586298521395166	TRUE	2128	99	9.521557965353084
ENSG00000183255	CBS_TSS_2_AND_CBS_TSS_3_AND_CBS_TSS_4	1943	81693	TRUE	8.306031113785296e-13	-0.3781576967888238	TRUE	2128	99	3.3954290238236613
ENSG00000160214	CBS_TSS_2_AND_CBS_TSS_3_AND_CBS_TSS_4	2033	85726	TRUE	2.9836135866949235e-12	-0.6136276587879306	TRUE	2128	99	8.379824369511548
ENSG00000160208	CBS_TSS_2_AND_CBS_TSS_3_AND_CBS_TSS_4	1437	58506	TRUE	1.366756784244882e-5	-0.43426999103981834	TRUE	2128	99	1.3658760169588633
ENSG00000184787	CBS_TSS_2_AND_CBS_TSS_3_AND_CBS_TSS_4	1875	78189	TRUE	4e-4	-0.6084532900378756	TRUE	2128	99	3.2957592424763273
ENSG00000160221	CBS_TSS_2_AND_CBS_TSS_3_AND_CBS_TSS_4	554	21418	TRUE	5.676563840134527e-4	-0.4519661985795693	TRUE	2128	99	0.29623842411742035
ENSG00000160201	CBS_TSS_2_AND_CBS_TSS_3_AND_CBS_TSS_4	159	6341	TRUE	0.0012737463157354023	-0.6956133027908384	TRUE	2128	99	0.07659614362948843
ENSG00000160200	CBS_TSS_2_AND_CBS_TSS_3_AND_CBS_TSS_4	37	1501	TRUE	0.448	-0.47150815695960446	FALSE	2128	99	0.01742762794670667
ENSG00000160194	CBS_TSS_2_AND_CBS_TSS_3_AND_CBS_TSS_4	2123	90836	TRUE	8.425943506694157e-35	-0.5097024046715299	TRUE	2128	100	15.147129597799932
ENSG00000184900	CBS_TSS_2_AND_CBS_TSS_3_AND_CBS_TSS_4	2116	89959	TRUE	1.4588630439241654e-29	-0.46541077660100916	TRUE	2128	100	9.521557965353084
ENSG00000160209	CBS_TSS_2_AND_CBS_TSS_3_AND_CBS_TSS_4	2024	84655	TRUE	8.935957489359096e-27	-0.5231888265765985	TRUE	2128	100	4.281383793243539
ENSG00000183255	CBS_TSS_2_AND_CBS_TSS_3_AND_CBS_TSS_4	1943	81693	TRUE	2.925017764543928e-26	-0.4869138715812964	TRUE	2128	100	3.3954290238236613
ENSG00000160213	CBS_TSS_2_AND_CBS_TSS_3_AND_CBS_TSS_4	2125	91137	TRUE	3.4040297158563253e-26	-0.43395757512176036	TRUE	2128	100	35.09843015927581
ENSG00000160214	CBS_TSS_2_AND_CBS_TSS_3_AND_CBS_TSS_4	2033	85726	TRUE	1.7990599190655545e-22	-0.6812934728861206	TRUE	2128	100	8.379824369511548
ENSG00000184787	CBS_TSS_2_AND_CBS_TSS_3_AND_CBS_TSS_4	1875	78189	TRUE	5.863482696779208e-19	-0.5493679683462627	TRUE	2128	100	3.2957592424763273
ENSG00000160208	CBS_TSS_2_AND_CBS_TSS_3_AND_CBS_TSS_4	1437	58506	TRUE	1.9072880073396506e-10	-0.49025674792264473	TRUE	2128	100	1.3658760169588633
ENSG00000160221	CBS_TSS_2_AND_CBS_TSS_3_AND_CBS_TSS_4	554	21418	TRUE	1.081709095384232e-4	-0.47770375999317727	TRUE	2128	100	0.29623842411742035
ENSG00000160201	CBS_TSS_2_AND_CBS_TSS_3_AND_CBS_TSS_4	159	6341	TRUE	0.015155739825499837	-0.5700824207069797	TRUE	2128	100	0.07659614362948843
ENSG00000160200	CBS_TSS_2_AND_CBS_TSS_3_AND_CBS_TSS_4	37	1501	TRUE	0.268	-0.623511250404654	FALSE	2128	100	0.01742762794670667
ENSG00000239306	chr11:65708904-65709205	589	82675	TRUE	2.736587339040766e-18	-0.7827553394287028	TRUE	650	1	3.9567486483952625
ENSG00000172757	chr11:65708904-65709205	650	92617	TRUE	2.7577977042981635e-16	-0.7196680743979513	TRUE	650	1	47.93282081731721
ENSG00000174547	chr11:65708904-65709205	646	91731	TRUE	4.0725393683447843e-16	-0.6948196382632625	TRUE	650	1	13.077158661208163
ENSG00000172500	chr11:65708904-65709205	637	88213	TRUE	7.935406308517816e-15	-0.6486743197614624	TRUE	650	1	5.479389980936904
ENSG00000174851	chr11:65708904-65709205	644	91666	TRUE	1.2848922956208843e-14	-0.6044871038115476	TRUE	650	1	11.07171057428878
ENSG00000172531	chr11:65708904-65709205	648	92345	TRUE	2.1800608044747583e-14	-0.6386612543584471	TRUE	650	1	19.914945258706002
ENSG00000174903	chr11:65708904-65709205	639	89804	TRUE	7.478835046922999e-12	-0.5680215163714597	TRUE	650	1	6.175057553881892
ENSG00000087365	chr11:65708904-65709205	641	91355	TRUE	8.999369070075858e-11	-0.5339490673513443	TRUE	650	1	8.829453003739701
ENSG00000110711	chr11:65708904-65709205	575	80015	TRUE	1.7704316175785428e-8	-0.5136711882449616	TRUE	650	1	2.931508276300301
ENSG00000174744	chr11:65708904-65709205	560	75214	TRUE	1.5534162358104165e-7	-0.6166054633955118	TRUE	650	1	2.6230819713116036
ENSG00000167797	chr11:65708904-65709205	609	87180	TRUE	2.583977859418234e-7	-0.4632563588319436	TRUE	650	1	5.157213246247278
ENSG00000175550	chr11:65708904-65709205	643	91646	TRUE	8.006034489644286e-7	-0.40337884965261805	TRUE	650	1	9.296175922164235
ENSG00000142186	chr11:65708904-65709205	571	79826	TRUE	1.6831365544564672e-6	-0.49682885135530697	TRUE	650	1	2.797785347458775
ENSG00000172725	chr11:65708904-65709205	496	70019	TRUE	2.9415059156677904e-5	-0.48731365396123294	TRUE	650	1	2.3943977415960918
ENSG00000175334	chr11:65708904-65709205	650	92617	TRUE	3.187178936514632e-5	-0.38066187727941614	TRUE	650	1	30.385824557017408
ENSG00000175634	chr11:65708904-65709205	636	90035	TRUE	5.754237467452822e-5	-0.4015575876903186	TRUE	650	1	6.5861849849474465
ENSG00000173465	chr11:65708904-65709205	618	85945	TRUE	1.140562536452415e-4	-0.4699341381950619	TRUE	650	1	5.40783566153109
ENSG00000175482	chr11:65708904-65709205	612	86282	TRUE	3.335844104038893e-4	-0.271996647787379	TRUE	650	1	4.8291613279581656
ENSG00000176973	chr11:65708904-65709205	436	56251	TRUE	3.4620908971508095e-4	-0.4739445208846268	TRUE	650	1	1.183401564632228
ENSG00000172663	chr11:65708904-65709205	487	66108	TRUE	5.430751566529012e-4	-0.305710558419785	TRUE	650	1	1.8816942196110296
ENSG00000175602	chr11:65708904-65709205	398	55156	TRUE	0.0068438557543325645	-0.45943817675458726	TRUE	650	1	1.5986541246080608
ENSG00000172922	chr11:65708904-65709205	257	33278	TRUE	0.02851106437712239	-0.33709131675233706	TRUE	650	1	0.5004427221684011
ENSG00000175334	chr11:65708904-65709205	650	92617	TRUE	1.7010701109688788e-20	-0.621662141095646	TRUE	650	2	30.385824557017408
ENSG00000087365	chr11:65708904-65709205	641	91355	TRUE	1.16667049628165e-19	-0.6937712654426891	TRUE	650	2	8.829453003739701
ENSG00000175550	chr11:65708904-65709205	643	91646	TRUE	9.649438856776681e-16	-0.5773120921949264	TRUE	650	2	9.296175922164235
ENSG00000172531	chr11:65708904-65709205	648	92345	TRUE	6.689975617013558e-15	-0.6241820264938673	TRUE	650	2	19.914945258706002
ENSG00000142186	chr11:65708904-65709205	571	79826	TRUE	8.86069841027521e-15	-0.6624149170732818	TRUE	650	2	2.797785347458775
ENSG00000167797	chr11:65708904-65709205	609	87180	TRUE	1.1631546748701636e-12	-0.5778573009255814	TRUE	650	2	5.157213246247278
ENSG00000110711	chr11:65708904-65709205	575	80015	TRUE	4.62615936363307e-12	-0.6159602995444655	TRUE	650	2	2.931508276300301
ENSG00000174851	chr11:65708904-65709205	644	91666	TRUE	6.547415387954228e-12	-0.5489186361538652	TRUE	650	2	11.07171057428878
ENSG00000175634	chr11:65708904-65709205	636	90035	TRUE	5.620241371345644e-10	-0.5268665678986517	TRUE	650	2	6.5861849849474465
ENSG00000174744	chr11:65708904-65709205	560	75214	TRUE	7.102508953336955e-10	-0.6997466986957577	TRUE	650	2	2.6230819713116036
ENSG00000172663	chr11:65708904-65709205	487	66108	TRUE	1.041481644659505e-9	-0.4963482685123916	TRUE	650	2	1.8816942196110296
ENSG00000239306	chr11:65708904-65709205	589	82675	TRUE	6.406342088074467e-9	-0.5690550166683939	TRUE	650	2	3.9567486483952625
ENSG00000172500	chr11:65708904-65709205	637	88213	TRUE	3.8819798442670835e-8	-0.5015553922269578	TRUE	650	2	5.479389980936904
ENSG00000172725	chr11:65708904-65709205	496	70019	TRUE	6.370959092513804e-8	-0.5771553445188035	TRUE	650	2	2.3943977415960918
ENSG00000174547	chr11:65708904-65709205	646	91731	TRUE	1.281196126109226e-7	-0.5007889885157768	TRUE	650	2	13.077158661208163
ENSG00000174903	chr11:65708904-65709205	639	89804	TRUE	1.6297818807990997e-7	-0.46058908768301876	TRUE	650	2	6.175057553881892
ENSG00000175482	chr11:65708904-65709205	612	86282	TRUE	2.1786752933452007e-6	-0.3777121717493306	TRUE	650	2	4.8291613279581656
ENSG00000173465	chr11:65708904-65709205	618	85945	TRUE	4.35189087080837e-6	-0.550457843220173	TRUE	650	2	5.40783566153109
ENSG00000172757	chr11:65708904-65709205	650	92617	TRUE	8.257266952329916e-5	-0.44957223849724937	TRUE	650	2	47.93282081731721
ENSG00000175602	chr11:65708904-65709205	398	55156	TRUE	1.1818603500015831e-4	-0.5628053609769722	TRUE	650	2	1.5986541246080608
ENSG00000172922	chr11:65708904-65709205	257	33278	TRUE	0.0018273256085023836	-0.4174104812640751	TRUE	650	2	0.5004427221684011
ENSG00000176973	chr11:65708904-65709205	436	56251	TRUE	0.04	-0.37125885691006283	TRUE	650	2	1.183401564632228
ENSG00000174903	chr11:65708904-65709205	639	89804	TRUE	4.3475411036182646e-15	-0.6101541450939525	TRUE	650	3	6.175057553881892
ENSG00000174547	chr11:65708904-65709205	646	91731	TRUE	9.580753660875688e-14	-0.6223194935886016	TRUE	650	3	13.077158661208163
ENSG00000175334	chr11:65708904-65709205	650	92617	TRUE	5.694141550210546e-13	-0.5056443639850938	TRUE	650	3	30.385824557017408
ENSG00000142186	chr11:65708904-65709205	571	79826	TRUE	1.3761791340301916e-12	-0.6217092219600635	TRUE	650	3	2.797785347458775
ENSG00000175634	chr11:65708904-65709205	636	90035	TRUE	7.101457951569514e-12	-0.5317563108170202	TRUE	650	3	6.5861849849474465
ENSG00000175550	chr11:65708904-65709205	643	91646	TRUE	1.543406690063319e-11	-0.48925591552973025	TRUE	650	3	9.296175922164235
ENSG00000087365	chr11:65708904-65709205	641	91355	TRUE	1.5651526985911875e-11	-0.5322947900907513	TRUE	650	3	8.829453003739701
ENSG00000172531	chr11:65708904-65709205	648	92345	TRUE	4.353423485814938e-11	-0.5663359225087472	TRUE	650	3	19.914945258706002
ENSG00000172757	chr11:65708904-65709205	650	92617	TRUE	3.799735443824027e-8	-0.521314887047418	TRUE	650	3	47.93282081731721
ENSG00000174744	chr11:65708904-65709205	560	75214	TRUE	5.791006979789901e-8	-0.6154517687791415	TRUE	650	3	2.6230819713116036
ENSG00000167797	chr11:65708904-65709205	609	87180	TRUE	1.4927284483376392e-7	-0.43475233812390357	TRUE	650	3	5.157213246247278
ENSG00000172500	chr11:65708904-65709205	637	88213	TRUE	8.613836263986912e-7	-0.45868475168568734	TRUE	650	3	5.479389980936904
ENSG00000110711	chr11:65708904-65709205	575	80015	TRUE	2.9758808356981133e-6	-0.45181812371084895	TRUE	650	3	2.931508276300301
ENSG00000173465	chr11:65708904-65709205	618	85945	TRUE	5.3153525218652e-6	-0.5266825554170738	TRUE	650	3	5.40783566153109
ENSG00000172663	chr11:65708904-65709205	487	66108	TRUE	6.4269262971382995e-6	-0.37188763502426836	TRUE	650	3	1.8816942196110296
ENSG00000174851	chr11:65708904-65709205	644	91666	TRUE	1.5154819927918391e-5	-0.41674495785310794	TRUE	650	3	11.07171057428878
ENSG00000239306	chr11:65708904-65709205	589	82675	TRUE	3.7267057207610726e-5	-0.45398607340315933	TRUE	650	3	3.9567486483952625
ENSG00000175482	chr11:65708904-65709205	612	86282	TRUE	6.78764346308848e-5	-0.3292876550220085	TRUE	650	3	4.8291613279581656
ENSG00000172725	chr11:65708904-65709205	496	70019	TRUE	1.602908708969791e-4	-0.44977603804257593	TRUE	650	3	2.3943977415960918
ENSG00000176973	chr11:65708904-65709205	436	56251	TRUE	7.974201974571306e-4	-0.448160495114394	TRUE	650	3	1.183401564632228
ENSG00000172922	chr11:65708904-65709205	257	33278	TRUE	0.0076273800671717296	-0.35807634188167303	TRUE	650	3	0.5004427221684011
ENSG00000175602	chr11:65708904-65709205	398	55156	TRUE	0.024	-0.44473542488310797	TRUE	650	3	1.5986541246080608
ENSG00000174903	chr11:65708904-65709205	639	89804	TRUE	2.7239879808620065e-12	-0.5738271380526654	TRUE	650	4	6.175057553881892
ENSG00000110711	chr11:65708904-65709205	575	80015	TRUE	8.791185357192442e-12	-0.582432108447207	TRUE	650	4	2.931508276300301
ENSG00000087365	chr11:65708904-65709205	641	91355	TRUE	2.28193495706874e-11	-0.5402526776505088	TRUE	650	4	8.829453003739701
ENSG00000174851	chr11:65708904-65709205	644	91666	TRUE	1.0346002532219957e-9	-0.5187732515120107	TRUE	650	4	11.07171057428878
ENSG00000172500	chr11:65708904-65709205	637	88213	TRUE	1.3564706649187063e-9	-0.5093467435178014	TRUE	650	4	5.479389980936904
ENSG00000172725	chr11:65708904-65709205	496	70019	TRUE	1.6024556508019091e-9	-0.6128445360450918	TRUE	650	4	2.3943977415960918
ENSG00000175550	chr11:65708904-65709205	643	91646	TRUE	2.062546176835226e-8	-0.43487617192715033	TRUE	650	4	9.296175922164235
ENSG00000175634	chr11:65708904-65709205	636	90035	TRUE	5.903242423729339e-8	-0.4647635590463439	TRUE	650	4	6.5861849849474465
ENSG00000174547	chr11:65708904-65709205	646	91731	TRUE	6.634533231382e-8	-0.515849497217943	TRUE	650	4	13.077158661208163
ENSG00000172757	chr11:65708904-65709205	650	92617	TRUE	8.95919917821928e-8	-0.5501534930544354	TRUE	650	4	47.93282081731721
ENSG00000167797	chr11:65708904-65709205	609	87180	TRUE	9.497398562528217e-8	-0.4533257227819947	TRUE	650	4	5.157213246247278
ENSG00000142186	chr11:65708904-65709205	571	79826	TRUE	1.4220919347642288e-7	-0.5174244194103319	TRUE	650	4	2.797785347458775
ENSG00000176973	chr11:65708904-65709205	436	56251	TRUE	2.671371222848565e-7	-0.5870586009360819	TRUE	650	4	1.183401564632228
ENSG00000172531	chr11:65708904-65709205	648	92345	TRUE	5.377277720654836e-7	-0.48714331347905615	TRUE	650	4	19.914945258706002
ENSG00000175334	chr11:65708904-65709205	650	92617	TRUE	7.481667939863513e-7	-0.4119417522013986	TRUE	650	4	30.385824557017408
ENSG00000173465	chr11:65708904-65709205	618	85945	TRUE	2.515661232678772e-6	-0.516535852189679	TRUE	650	4	5.40783566153109
ENSG00000239306	chr11:65708904-65709205	589	82675	TRUE	3.4004919387198773e-6	-0.493728341600133	TRUE	650	4	3.9567486483952625
ENSG00000175602	chr11:65708904-65709205	398	55156	TRUE	4.096690079500144e-6	-0.6071374676104107	TRUE	650	4	1.5986541246080608
ENSG00000174744	chr11:65708904-65709205	560	75214	TRUE	1.2003338011724526e-5	-0.5566964743768268	TRUE	650	4	2.6230819713116036
ENSG00000172663	chr11:65708904-65709205	487	66108	TRUE	1.0067946969749119e-4	-0.34129931519084544	TRUE	650	4	1.8816942196110296
ENSG00000172922	chr11:65708904-65709205	257	33278	TRUE	2.657524248798615e-4	-0.4908315507334444	TRUE	650	4	0.5004427221684011
ENSG00000175482	chr11:65708904-65709205	612	86282	TRUE	0.001001205490335666	-0.2683606907642946	TRUE	650	4	4.8291613279581656
ENSG00000175550	chr11:65708904-65709205	643	91646	TRUE	1.4654687525218202e-26	-0.7364564473298709	TRUE	650	5	9.296175922164235
ENSG00000172531	chr11:65708904-65709205	648	92345	TRUE	9.620417081650368e-21	-0.7272296203494704	TRUE	650	5	19.914945258706002
ENSG00000175482	chr11:65708904-65709205	612	86282	TRUE	4.575035031316549e-17	-0.6071168312560138	TRUE	650	5	4.8291613279581656
ENSG00000174903	chr11:65708904-65709205	639	89804	TRUE	4.525659077853339e-16	-0.6581726006481721	TRUE	650	5	6.175057553881892
ENSG00000172500	chr11:65708904-65709205	637	88213	TRUE	1.2897323936381185e-15	-0.656150930288532	TRUE	650	5	5.479389980936904
ENSG00000175334	chr11:65708904-65709205	650	92617	TRUE	5.3870876157447166e-14	-0.5419075661800115	TRUE	650	5	30.385824557017408
ENSG00000142186	chr11:65708904-65709205	571	79826	TRUE	1.712042563868618e-13	-0.6774010969971278	TRUE	650	5	2.797785347458775
ENSG00000172757	chr11:65708904-65709205	650	92617	TRUE	2.0608794129603443e-13	-0.6270888179639957	TRUE	650	5	47.93282081731721
ENSG00000175634	chr11:65708904-65709205	636	90035	TRUE	7.60189704620549e-13	-0.5843556704470281	TRUE	650	5	6.5861849849474465
ENSG00000172663	chr11:65708904-65709205	487	66108	TRUE	3.4482592853479286e-12	-0.5908491509604429	TRUE	650	5	1.8816942196110296
ENSG00000087365	chr11:65708904-65709205	641	91355	TRUE	1.9396436570746434e-10	-0.5296518856815822	TRUE	650	5	8.829453003739701
ENSG00000174547	chr11:65708904-65709205	646	91731	TRUE	3.9221837200345205e-9	-0.5410029744462812	TRUE	650	5	13.077158661208163
ENSG00000167797	chr11:65708904-65709205	609	87180	TRUE	1.3784956720906181e-8	-0.48838618980260984	TRUE	650	5	5.157213246247278
ENSG00000176973	chr11:65708904-65709205	436	56251	TRUE	1.0662612603760919e-7	-0.6207014447637177	TRUE	650	5	1.183401564632228
ENSG00000172725	chr11:65708904-65709205	496	70019	TRUE	5.103948934302049e-7	-0.5654524814575657	TRUE	650	5	2.3943977415960918
ENSG00000110711	chr11:65708904-65709205	575	80015	TRUE	2.6916378817001298e-6	-0.4508724042139296	TRUE	650	5	2.931508276300301
ENSG00000174744	chr11:65708904-65709205	560	75214	TRUE	6.448923599171688e-6	-0.5869052291800918	TRUE	650	5	2.6230819713116036
ENSG00000175602	chr11:65708904-65709205	398	55156	TRUE	1.5498622355107627e-5	-0.6132896945920057	TRUE	650	5	1.5986541246080608
ENSG00000173465	chr11:65708904-65709205	618	85945	TRUE	2.165235362019957e-5	-0.5197323713132129	TRUE	650	5	5.40783566153109
ENSG00000174851	chr11:65708904-65709205	644	91666	TRUE	2.5731266116725635e-5	-0.39400583288150326	TRUE	650	5	11.07171057428878
ENSG00000172922	chr11:65708904-65709205	257	33278	TRUE	3.087414959147619e-4	-0.4966371724146501	TRUE	650	5	0.5004427221684011
ENSG00000239306	chr11:65708904-65709205	589	82675	TRUE	3.3373639623268843e-4	-0.43728319461038967	TRUE	650	5	3.9567486483952625
ENSG00000175334	chr11:65708904-65709205	650	92617	TRUE	6.03201050712488e-16	-0.5615099662414789	TRUE	650	6	30.385824557017408
ENSG00000172531	chr11:65708904-65709205	648	92345	TRUE	3.619275069776728e-15	-0.6534453512294944	TRUE	650	6	19.914945258706002
ENSG00000174903	chr11:65708904-65709205	639	89804	TRUE	1.3241143110917054e-14	-0.6166314605960812	TRUE	650	6	6.175057553881892
ENSG00000087365	chr11:65708904-65709205	641	91355	TRUE	3.1584161259928764e-14	-0.5920429522115418	TRUE	650	6	8.829453003739701
ENSG00000172757	chr11:65708904-65709205	650	92617	TRUE	2.8469546831063078e-12	-0.6213913926533143	TRUE	650	6	47.93282081731721
ENSG00000174851	chr11:65708904-65709205	644	91666	TRUE	7.799849220854456e-12	-0.5596470368918287	TRUE	650	6	11.07171057428878
ENSG00000167797	chr11:65708904-65709205	609	87180	TRUE	1.9980541566214888e-11	-0.579656546688893	TRUE	650	6	5.157213246247278
ENSG00000175634	chr11:65708904-65709205	636	90035	TRUE	3.8584942586261836e-11	-0.569652918575549	TRUE	650	6	6.5861849849474465
ENSG00000175550	chr11:65708904-65709205	643	91646	TRUE	4.778205905433454e-11	-0.4987786896482369	TRUE	650	6	9.296175922164235
ENSG00000174547	chr11:65708904-65709205	646	91731	TRUE	5.886509837533364e-11	-0.5844699368869284	TRUE	650	6	13.077158661208163
ENSG00000142186	chr11:65708904-65709205	571	79826	TRUE	1.1427535674415304e-8	-0.5372663577797587	TRUE	650	6	2.797785347458775
ENSG00000239306	chr11:65708904-65709205	589	82675	TRUE	5.5592240908792405e-8	-0.5420177748356232	TRUE	650	6	3.9567486483952625
ENSG00000172500	chr11:65708904-65709205	637	88213	TRUE	5.635728277288369e-7	-0.4702970579278696	TRUE	650	6	5.479389980936904
ENSG00000172663	chr11:65708904-65709205	487	66108	TRUE	3.0337282306077025e-6	-0.36601106868759903	TRUE	650	6	1.8816942196110296
ENSG00000110711	chr11:65708904-65709205	575	80015	TRUE	8.431905700574259e-6	-0.4470957134684459	TRUE	650	6	2.931508276300301
ENSG00000176973	chr11:65708904-65709205	436	56251	TRUE	3.926250488889716e-5	-0.5098640951395697	TRUE	650	6	1.183401564632228
ENSG00000175482	chr11:65708904-65709205	612	86282	TRUE	7.790152158801585e-5	-0.3008882840862217	TRUE	650	6	4.8291613279581656
ENSG00000174744	chr11:65708904-65709205	560	75214	TRUE	1.3841897259989945e-4	-0.5141488867447777	TRUE	650	6	2.6230819713116036
ENSG00000172725	chr11:65708904-65709205	496	70019	TRUE	1.7465593465276373e-4	-0.44977603804257593	TRUE	650	6	2.3943977415960918
ENSG00000173465	chr11:65708904-65709205	618	85945	TRUE	2.0372735864240647e-4	-0.47302894461792766	TRUE	650	6	5.40783566153109
ENSG00000172922	chr11:65708904-65709205	257	33278	TRUE	0.001215913938996803	-0.43960622737827126	TRUE	650	6	0.5004427221684011
ENSG00000175602	chr11:65708904-65709205	398	55156	TRUE	0.104	-0.3891368153911205	FALSE	650	6	1.5986541246080608
ENSG00000175334	chr11:65708904-65709205	650	92617	TRUE	1.4184047242010364e-23	-0.6733035700102254	TRUE	650	7	30.385824557017408
ENSG00000174851	chr11:65708904-65709205	644	91666	TRUE	1.8847723493917327e-23	-0.7489500961507596	TRUE	650	7	11.07171057428878
ENSG00000175550	chr11:65708904-65709205	643	91646	TRUE	7.307332142857229e-19	-0.5936767758355366	TRUE	650	7	9.296175922164235
ENSG00000174903	chr11:65708904-65709205	639	89804	TRUE	4.9965033650342224e-18	-0.675233876837094	TRUE	650	7	6.175057553881892
ENSG00000172500	chr11:65708904-65709205	637	88213	TRUE	1.4814501691848286e-16	-0.6498220485736963	TRUE	650	7	5.479389980936904
ENSG00000174547	chr11:65708904-65709205	646	91731	TRUE	7.518325360026923e-15	-0.6540656389329174	TRUE	650	7	13.077158661208163
ENSG00000087365	chr11:65708904-65709205	641	91355	TRUE	1.2694750363502193e-13	-0.5817403968300363	TRUE	650	7	8.829453003739701
ENSG00000172531	chr11:65708904-65709205	648	92345	TRUE	1.1263207837202544e-12	-0.5912545918110332	TRUE	650	7	19.914945258706002
ENSG00000175634	chr11:65708904-65709205	636	90035	TRUE	1.4783874344198616e-12	-0.5655446242733038	TRUE	650	7	6.5861849849474465
ENSG00000172663	chr11:65708904-65709205	487	66108	TRUE	2.3778776687141686e-11	-0.5536380718633704	TRUE	650	7	1.8816942196110296
ENSG00000175482	chr11:65708904-65709205	612	86282	TRUE	2.0136542048472119e-10	-0.4851440385724828	TRUE	650	7	4.8291613279581656
ENSG00000176973	chr11:65708904-65709205	436	56251	TRUE	3.7256806036723813e-10	-0.7014703910563672	TRUE	650	7	1.183401564632228
ENSG00000142186	chr11:65708904-65709205	571	79826	TRUE	4.838729300643893e-10	-0.5584516876703867	TRUE	650	7	2.797785347458775
ENSG00000173465	chr11:65708904-65709205	618	85945	TRUE	5.1801274869456705e-9	-0.6248025653345013	TRUE	650	7	5.40783566153109
ENSG00000174744	chr11:65708904-65709205	560	75214	TRUE	6.549137945239332e-9	-0.655204390231233	TRUE	650	7	2.6230819713116036
ENSG00000172757	chr11:65708904-65709205	650	92617	TRUE	2.8469127564818668e-8	-0.5716578493840796	TRUE	650	7	47.93282081731721
ENSG00000110711	chr11:65708904-65709205	575	80015	TRUE	2.8531166812906412e-8	-0.5028496949914474	TRUE	650	7	2.931508276300301
ENSG00000167797	chr11:65708904-65709205	609	87180	TRUE	4.8982257827589505e-8	-0.4810813891793766	TRUE	650	7	5.157213246247278
ENSG00000175602	chr11:65708904-65709205	398	55156	TRUE	1.0108075262395266e-7	-0.711064910278483	TRUE	650	7	1.5986541246080608
ENSG00000239306	chr11:65708904-65709205	589	82675	TRUE	1.754304247350699e-7	-0.5479824139917655	TRUE	650	7	3.9567486483952625
ENSG00000172725	chr11:65708904-65709205	496	70019	TRUE	2.112274144198999e-5	-0.46660767110236934	TRUE	650	7	2.3943977415960918
ENSG00000172922	chr11:65708904-65709205	257	33278	TRUE	0.032	-0.33709131675233706	TRUE	650	7	0.5004427221684011
ENSG00000174851	chr11:65708904-65709205	644	91666	TRUE	2.006595253962963e-12	-0.5612632002881277	TRUE	650	8	11.07171057428878
ENSG00000174547	chr11:65708904-65709205	646	91731	TRUE	2.6016885420303248e-11	-0.5819039008883031	TRUE	650	8	13.077158661208163
ENSG00000175634	chr11:65708904-65709205	636	90035	TRUE	2.129431205600394e-9	-0.5109786675086974	TRUE	650	8	6.5861849849474465
ENSG00000239306	chr11:65708904-65709205	589	82675	TRUE	6.002885549424332e-9	-0.543506624339162	TRUE	650	8	3.9567486483952625
ENSG00000087365	chr11:65708904-65709205	641	91355	TRUE	2.140295330204468e-8	-0.484167977747898	TRUE	650	8	8.829453003739701
ENSG00000173465	chr11:65708904-65709205	618	85945	TRUE	2.1710410879410364e-8	-0.5997808179879445	TRUE	650	8	5.40783566153109
ENSG00000110711	chr11:65708904-65709205	575	80015	TRUE	4.280711628033891e-8	-0.5087422629146481	TRUE	650	8	2.931508276300301
ENSG00000175334	chr11:65708904-65709205	650	92617	TRUE	5.7485068250733105e-8	-0.4350267859925214	TRUE	650	8	30.385824557017408
ENSG00000175482	chr11:65708904-65709205	612	86282	TRUE	9.718455888559898e-8	-0.41168615239196504	TRUE	650	8	4.8291613279581656
ENSG00000176973	chr11:65708904-65709205	436	56251	TRUE	9.938175804728006e-8	-0.6102659920974072	TRUE	650	8	1.183401564632228
ENSG00000175550	chr11:65708904-65709205	643	91646	TRUE	1.0924352558324568e-7	-0.4234226549573519	TRUE	650	8	9.296175922164235
ENSG00000142186	chr11:65708904-65709205	571	79826	TRUE	1.258084883826429e-7	-0.5236608630160204	TRUE	650	8	2.797785347458775
ENSG00000174903	chr11:65708904-65709205	639	89804	TRUE	1.329220757495502e-7	-0.4904764944773623	TRUE	650	8	6.175057553881892
ENSG00000174744	chr11:65708904-65709205	560	75214	TRUE	2.594006014491608e-7	-0.6177600813370039	TRUE	650	8	2.6230819713116036
ENSG00000172757	chr11:65708904-65709205	650	92617	TRUE	4.586614649852716e-7	-0.4947960737361896	TRUE	650	8	47.93282081731721
ENSG00000172500	chr11:65708904-65709205	637	88213	TRUE	1.295450676544864e-6	-0.4702970579278696	TRUE	650	8	5.479389980936904
ENSG00000167797	chr11:65708904-65709205	609	87180	TRUE	7.124523459083433e-6	-0.4142729462182202	TRUE	650	8	5.157213246247278
ENSG00000172531	chr11:65708904-65709205	648	92345	TRUE	1.3844203693585272e-5	-0.4528978827470267	TRUE	650	8	19.914945258706002
ENSG00000172922	chr11:65708904-65709205	257	33278	TRUE	1.637410496297927e-5	-0.5379441465715635	TRUE	650	8	0.5004427221684011
ENSG00000172663	chr11:65708904-65709205	487	66108	TRUE	3.739269601676725e-5	-0.3427412893647519	TRUE	650	8	1.8816942196110296
ENSG00000172725	chr11:65708904-65709205	496	70019	TRUE	1.5109378652095658e-4	-0.4533663220378954	TRUE	650	8	2.3943977415960918
ENSG00000175602	chr11:65708904-65709205	398	55156	TRUE	0.007611291423912821	-0.4893009773165523	TRUE	650	8	1.5986541246080608
ENSG00000172757	chr11:65708904-65709205	650	92617	TRUE	6.698103599591622e-15	-0.6909567777564245	TRUE	650	9	47.93282081731721
ENSG00000174547	chr11:65708904-65709205	646	91731	TRUE	6.7276637193443724e-15	-0.6523514971228055	TRUE	650	9	13.077158661208163
ENSG00000175334	chr11:65708904-65709205	650	92617	TRUE	1.204689097437138e-14	-0.5677766031216418	TRUE	650	9	30.385824557017408
ENSG00000172500	chr11:65708904-65709205	637	88213	TRUE	3.272220797783125e-13	-0.5830732307191102	TRUE	650	9	5.479389980936904
ENSG00000167797	chr11:65708904-65709205	609	87180	TRUE	5.280990521588115e-11	-0.5635435493713494	TRUE	650	9	5.157213246247278
ENSG00000174744	chr11:65708904-65709205	560	75214	TRUE	1.0783350911692819e-10	-0.7169657697444648	TRUE	650	9	2.6230819713116036
ENSG00000173465	chr11:65708904-65709205	618	85945	TRUE	2.0983099215027875e-8	-0.6071285461260327	TRUE	650	9	5.40783566153109
ENSG00000110711	chr11:65708904-65709205	575	80015	TRUE	4.202130019462483e-8	-0.5375673045911236	TRUE	650	9	2.931508276300301
ENSG00000087365	chr11:65708904-65709205	641	91355	TRUE	1.2223073596231548e-7	-0.4647898602527727	TRUE	650	9	8.829453003739701
ENSG00000239306	chr11:65708904-65709205	589	82675	TRUE	4.810414062411043e-7	-0.5375604230688613	TRUE	650	9	3.9567486483952625
ENSG00000176973	chr11:65708904-65709205	436	56251	TRUE	4.2944303564933445e-6	-0.554182444689393	TRUE	650	9	1.183401564632228
ENSG00000172725	chr11:65708904-65709205	496	70019	TRUE	3.939513409017344e-5	-0.4934606382963822	TRUE	650	9	2.3943977415960918
ENSG00000172663	chr11:65708904-65709205	487	66108	TRUE	1.750738974400992e-4	-0.3241071152257007	TRUE	650	9	1.8816942196110296
ENSG00000174851	chr11:65708904-65709205	644	91666	TRUE	2.0440167055647308e-4	-0.4046050760482216	TRUE	650	9	11.07171057428878
ENSG00000174903	chr11:65708904-65709205	639	89804	TRUE	3.3199031979711663e-4	-0.39788193992452925	TRUE	650	9	6.175057553881892
ENSG00000172922	chr11:65708904-65709205	257	33278	TRUE	0.0016730651763152901	-0.4174104812640751	TRUE	650	9	0.5004427221684011
ENSG00000142186	chr11:65708904-65709205	571	79826	TRUE	0.0016919713305254998	-0.3885266862280745	TRUE	650	9	2.797785347458775
ENSG00000175634	chr11:65708904-65709205	636	90035	TRUE	0.0022607263741400638	-0.35551235028446193	TRUE	650	9	6.5861849849474465
ENSG00000175602	chr11:65708904-65709205	398	55156	TRUE	0.0159038080056641	-0.46499056991037446	TRUE	650	9	1.5986541246080608
ENSG00000175550	chr11:65708904-65709205	643	91646	TRUE	0.028	-0.28916706664554903	TRUE	650	9	9.296175922164235
ENSG00000175482	chr11:65708904-65709205	612	86282	TRUE	0.036	-0.2269407633843139	TRUE	650	9	4.8291613279581656
ENSG00000172531	chr11:65708904-65709205	648	92345	TRUE	0.04	-0.3578723715357919	TRUE	650	9	19.914945258706002
ENSG00000172500	chr11:65708904-65709205	637	88213	TRUE	1.0588172402571708e-18	-0.6770599200515128	TRUE	650	10	5.479389980936904
ENSG00000172663	chr11:65708904-65709205	487	66108	TRUE	2.304091541014427e-12	-0.5772065430017748	TRUE	650	10	1.8816942196110296
ENSG00000172531	chr11:65708904-65709205	648	92345	TRUE	3.743524759488258e-12	-0.5617297549142308	TRUE	650	10	19.914945258706002
ENSG00000087365	chr11:65708904-65709205	641	91355	TRUE	6.934799823109469e-12	-0.5589935865762086	TRUE	650	10	8.829453003739701
ENSG00000175550	chr11:65708904-65709205	643	91646	TRUE	6.928438737587736e-11	-0.4889497733448387	TRUE	650	10	9.296175922164235
ENSG00000175334	chr11:65708904-65709205	650	92617	TRUE	2.1331579315035697e-10	-0.46276916960118175	TRUE	650	10	30.385824557017408
ENSG00000175482	chr11:65708904-65709205	612	86282	TRUE	8.948225721998977e-10	-0.4312992618905003	TRUE	650	10	4.8291613279581656
ENSG00000172757	chr11:65708904-65709205	650	92617	TRUE	1.1337837266473319e-8	-0.5408791878337915	TRUE	650	10	47.93282081731721
ENSG00000172725	chr11:65708904-65709205	496	70019	TRUE	1.4511083754024262e-7	-0.5448789414950472	TRUE	650	10	2.3943977415960918
ENSG00000175634	chr11:65708904-65709205	636	90035	TRUE	4.549549371998102e-7	-0.45586454541155463	TRUE	650	10	6.5861849849474465
ENSG00000142186	chr11:65708904-65709205	571	79826	TRUE	8.33240264457415e-7	-0.48867224989201974	TRUE	650	10	2.797785347458775
ENSG00000110711	chr11:65708904-65709205	575	80015	TRUE	9.66521486289295e-7	-0.4775897425897091	TRUE	650	10	2.931508276300301
ENSG00000174903	chr11:65708904-65709205	639	89804	TRUE	1.181483196981668e-6	-0.45745522600505417	TRUE	650	10	6.175057553881892
ENSG00000174851	chr11:65708904-65709205	644	91666	TRUE	2.662676869904807e-6	-0.42849614482580733	TRUE	650	10	11.07171057428878
ENSG00000174547	chr11:65708904-65709205	646	91731	TRUE	4.373430785441397e-6	-0.4623090426585814	TRUE	650	10	13.077158661208163
ENSG00000167797	chr11:65708904-65709205	609	87180	TRUE	6.776274522848468e-6	-0.39830788059486855	TRUE	650	10	5.157213246247278
ENSG00000176973	chr11:65708904-65709205	436	56251	TRUE	8.48753037502206e-6	-0.5293932602248231	TRUE	650	10	1.183401564632228
ENSG00000172922	chr11:65708904-65709205	257	33278	TRUE	2.2144746606368726e-5	-0.5499666748207768	TRUE	650	10	0.5004427221684011
ENSG00000175602	chr11:65708904-65709205	398	55156	TRUE	3.256213670068363e-5	-0.6050925416253861	TRUE	650	10	1.5986541246080608
ENSG00000173465	chr11:65708904-65709205	618	85945	TRUE	3.555530583437827e-5	-0.5069885707532502	TRUE	650	10	5.40783566153109
ENSG00000174744	chr11:65708904-65709205	560	75214	TRUE	2.6963785408981415e-4	-0.5206135504709091	TRUE	650	10	2.6230819713116036
ENSG00000239306	chr11:65708904-65709205	589	82675	TRUE	3.201095314871172e-4	-0.44769981055572816	TRUE	650	10	3.9567486483952625
ENSG00000175550	chr11:65708904-65709205	643	91646	TRUE	2.150955551560571e-21	-0.6459613423293984	TRUE	650	11	9.296175922164235
ENSG00000173465	chr11:65708904-65709205	618	85945	TRUE	2.149127793938764e-12	-0.6809501960474658	TRUE	650	11	5.40783566153109
ENSG00000172531	chr11:65708904-65709205	648	92345	TRUE	3.720486338255036e-11	-0.5635110433893842	TRUE	650	11	19.914945258706002
ENSG00000174851	chr11:65708904-65709205	644	91666	TRUE	2.025777985360157e-10	-0.5101632365636433	TRUE	650	11	11.07171057428878
ENSG00000175634	chr11:65708904-65709205	636	90035	TRUE	4.05844495721427e-10	-0.5264228665139798	TRUE	650	11	6.5861849849474465
ENSG00000174903	chr11:65708904-65709205	639	89804	TRUE	5.024155977945713e-10	-0.5223988992456623	TRUE	650	11	6.175057553881892
ENSG00000172500	chr11:65708904-65709205	637	88213	TRUE	6.937362856023455e-10	-0.5313890754301793	TRUE	650	11	5.479389980936904
ENSG00000239306	chr11:65708904-65709205	589	82675	TRUE	1.48607686489446e-8	-0.5630027999649592	TRUE	650	11	3.9567486483952625
ENSG00000142186	chr11:65708904-65709205	571	79826	TRUE	1.8237846074267377e-8	-0.5309709512482796	TRUE	650	11	2.797785347458775
ENSG00000176973	chr11:65708904-65709205	436	56251	TRUE	4.6643942237334455e-8	-0.6076688806113679	TRUE	650	11	1.183401564632228
ENSG00000175482	chr11:65708904-65709205	612	86282	TRUE	5.1538195095955294e-8	-0.38725718251351315	TRUE	650	11	4.8291613279581656
ENSG00000174547	chr11:65708904-65709205	646	91731	TRUE	5.610503019960723e-7	-0.4869747956414474	TRUE	650	11	13.077158661208163
ENSG00000175334	chr11:65708904-65709205	650	92617	TRUE	1.0817560763429034e-6	-0.40246012223431116	TRUE	650	11	30.385824557017408
ENSG00000167797	chr11:65708904-65709205	609	87180	TRUE	1.3777317797109348e-5	-0.3988372128484272	TRUE	650	11	5.157213246247278
ENSG00000172757	chr11:65708904-65709205	650	92617	TRUE	6.39670789207708e-5	-0.46818128749033594	TRUE	650	11	47.93282081731721
ENSG00000087365	chr11:65708904-65709205	641	91355	TRUE	9.224101920819999e-5	-0.38589080029459577	TRUE	650	11	8.829453003739701
ENSG00000172922	chr11:65708904-65709205	257	33278	TRUE	9.588975180726015e-5	-0.5200961452386392	TRUE	650	11	0.5004427221684011
ENSG00000175602	chr11:65708904-65709205	398	55156	TRUE	1.0863711266394238e-4	-0.5667797299942696	TRUE	650	11	1.5986541246080608
ENSG00000110711	chr11:65708904-65709205	575	80015	TRUE	1.3126120866656377e-4	-0.4089441857542637	TRUE	650	11	2.931508276300301
ENSG00000172663	chr11:65708904-65709205	487	66108	TRUE	1.6712864457318378e-4	-0.32981511492048166	TRUE	650	11	1.8816942196110296
ENSG00000172725	chr11:65708904-65709205	496	70019	TRUE	0.0034706979925295048	-0.3866334384693776	TRUE	650	11	2.3943977415960918
ENSG00000174744	chr11:65708904-65709205	560	75214	TRUE	0.011473599983530411	-0.41848853424305665	TRUE	650	11	2.6230819713116036
ENSG00000172500	chr11:65708904-65709205	637	88213	TRUE	3.384414832255179e-17	-0.6642462343237494	TRUE	650	12	5.479389980936904
ENSG00000174547	chr11:65708904-65709205	646	91731	TRUE	1.8263567409816961e-16	-0.6715680061619818	TRUE	650	12	13.077158661208163
ENSG00000175550	chr11:65708904-65709205	643	91646	TRUE	4.924855000530881e-15	-0.552148168640838	TRUE	650	12	9.296175922164235
ENSG00000087365	chr11:65708904-65709205	641	91355	TRUE	8.042764816702688e-14	-0.5589935865762086	TRUE	650	12	8.829453003739701
ENSG00000172531	chr11:65708904-65709205	648	92345	TRUE	2.554180721414575e-13	-0.5979323421931393	TRUE	650	12	19.914945258706002
ENSG00000175334	chr11:65708904-65709205	650	92617	TRUE	2.410898875658963e-10	-0.4704538030802148	TRUE	650	12	30.385824557017408
ENSG00000167797	chr11:65708904-65709205	609	87180	TRUE	2.7990554633887084e-10	-0.5277893743760764	TRUE	650	12	5.157213246247278
ENSG00000239306	chr11:65708904-65709205	589	82675	TRUE	5.019105725842131e-9	-0.5789443438339807	TRUE	650	12	3.9567486483952625
ENSG00000174851	chr11:65708904-65709205	644	91666	TRUE	7.571870580998919e-9	-0.5303337908428314	TRUE	650	12	11.07171057428878
ENSG00000174744	chr11:65708904-65709205	560	75214	TRUE	3.8102102792666884e-7	-0.6154517687791415	TRUE	650	12	2.6230819713116036
ENSG00000176973	chr11:65708904-65709205	436	56251	TRUE	1.08071340087035e-6	-0.5717918442827714	TRUE	650	12	1.183401564632228
ENSG00000174903	chr11:65708904-65709205	639	89804	TRUE	1.2295878678680438e-6	-0.4498726407048901	TRUE	650	12	6.175057553881892
ENSG00000172757	chr11:65708904-65709205	650	92617	TRUE	1.5978896600438684e-6	-0.4971388723037915	TRUE	650	12	47.93282081731721
ENSG00000110711	chr11:65708904-65709205	575	80015	TRUE	1.2897216982456737e-5	-0.4209321329867908	TRUE	650	12	2.931508276300301
ENSG00000172922	chr11:65708904-65709205	257	33278	TRUE	1.303230576815825e-5	-0.5499666748207768	TRUE	650	12	0.5004427221684011
ENSG00000142186	chr11:65708904-65709205	571	79826	TRUE	1.3794527883995763e-5	-0.4446170698140841	TRUE	650	12	2.797785347458775
ENSG00000172663	chr11:65708904-65709205	487	66108	TRUE	1.924744809748513e-5	-0.35724085905986713	TRUE	650	12	1.8816942196110296
ENSG00000175482	chr11:65708904-65709205	612	86282	TRUE	2.075598082530803e-5	-0.3249649700176289	TRUE	650	12	4.8291613279581656
ENSG00000175634	chr11:65708904-65709205	636	90035	TRUE	5.7218667399104237e-5	-0.3962781910792219	TRUE	650	12	6.5861849849474465
ENSG00000175602	chr11:65708904-65709205	398	55156	TRUE	3.63233893390387e-4	-0.5333415382757631	TRUE	650	12	1.5986541246080608
ENSG00000172725	chr11:65708904-65709205	496	70019	TRUE	0.002910185336626979	-0.3877779804103185	TRUE	650	12	2.3943977415960918
ENSG00000173465	chr11:65708904-65709205	618	85945	TRUE	0.036	-0.39073891292832297	TRUE	650	12	5.40783566153109
ENSG00000173465	chr11:65708904-65709205	618	85945	TRUE	1.881987851832392e-15	-0.7783999732758617	TRUE	650	13	5.40783566153109
ENSG00000174744	chr11:65708904-65709205	560	75214	TRUE	1.489407473697579e-13	-0.7853767702214538	TRUE	650	13	2.6230819713116036
ENSG00000239306	chr11:65708904-65709205	589	82675	TRUE	2.0744749372028816e-12	-0.6557599408848116	TRUE	650	13	3.9567486483952625
ENSG00000174903	chr11:65708904-65709205	639	89804	TRUE	2.7404476963426e-12	-0.5762530593252824	TRUE	650	13	6.175057553881892
ENSG00000174547	chr11:65708904-65709205	646	91731	TRUE	3.403623657144205e-11	-0.5580953674178786	TRUE	650	13	13.077158661208163
ENSG00000175482	chr11:65708904-65709205	612	86282	TRUE	5.179383857988295e-10	-0.4618212066673961	TRUE	650	13	4.8291613279581656
ENSG00000172725	chr11:65708904-65709205	496	70019	TRUE	1.2232971139227575e-9	-0.6182077208121848	TRUE	650	13	2.3943977415960918
ENSG00000172531	chr11:65708904-65709205	648	92345	TRUE	8.2311262595874575e-09	-0.5167468547258784	TRUE	650	13	19.914945258706002
ENSG00000175550	chr11:65708904-65709205	643	91646	TRUE	8.592283491331066e-9	-0.4589588121841146	TRUE	650	13	9.296175922164235
ENSG00000167797	chr11:65708904-65709205	609	87180	TRUE	1.629295763214654e-8	-0.46602704345708723	TRUE	650	13	5.157213246247278
ENSG00000175634	chr11:65708904-65709205	636	90035	TRUE	1.9891219554126442e-8	-0.4822976407952231	TRUE	650	13	6.5861849849474465
ENSG00000174851	chr11:65708904-65709205	644	91666	TRUE	2.8631887423865638e-8	-0.4764821113282447	TRUE	650	13	11.07171057428878
ENSG00000172757	chr11:65708904-65709205	650	92617	TRUE	4.1615580961444154e-8	-0.5347894410786651	TRUE	650	13	47.93282081731721
ENSG00000172922	chr11:65708904-65709205	257	33278	TRUE	8.716761686018487e-8	-0.6760464232003518	TRUE	650	13	0.5004427221684011
ENSG00000087365	chr11:65708904-65709205	641	91355	TRUE	1.5132442538170663e-7	-0.4663684740888967	TRUE	650	13	8.829453003739701
ENSG00000172500	chr11:65708904-65709205	637	88213	TRUE	4.245820772619003e-7	-0.4723261652115718	TRUE	650	13	5.479389980936904
ENSG00000142186	chr11:65708904-65709205	571	79826	TRUE	4.7606441779524914e-7	-0.5019502448800359	TRUE	650	13	2.797785347458775
ENSG00000175334	chr11:65708904-65709205	650	92617	TRUE	4.828701193157914e-7	-0.4090379705282601	TRUE	650	13	30.385824557017408
ENSG00000110711	chr11:65708904-65709205	575	80015	TRUE	3.451242779473884e-6	-0.45181812371084895	TRUE	650	13	2.931508276300301
ENSG00000176973	chr11:65708904-65709205	436	56251	TRUE	4.922312478412806e-6	-0.5516842708341965	TRUE	650	13	1.183401564632228
ENSG00000172663	chr11:65708904-65709205	487	66108	TRUE	1.2255684264822833e-5	-0.3748349190746052	TRUE	650	13	1.8816942196110296
ENSG00000175602	chr11:65708904-65709205	398	55156	TRUE	0.003845689679075226	-0.5082840806841251	TRUE	650	13	1.5986541246080608
ENSG00000175634	chr11:65708904-65709205	636	90035	TRUE	9.71567705845189e-15	-0.6246282540869239	TRUE	650	14	6.5861849849474465
ENSG00000174903	chr11:65708904-65709205	639	89804	TRUE	4.4608031213090174e-12	-0.5816044886443845	TRUE	650	14	6.175057553881892
ENSG00000239306	chr11:65708904-65709205	589	82675	TRUE	1.5647667375255625e-11	-0.6294341142876738	TRUE	650	14	3.9567486483952625
ENSG00000172531	chr11:65708904-65709205	648	92345	TRUE	1.4065727991453207e-10	-0.5623232734008035	TRUE	650	14	19.914945258706002
ENSG00000175334	chr11:65708904-65709205	650	92617	TRUE	4.899267703497006e-10	-0.4659661272189446	TRUE	650	14	30.385824557017408
ENSG00000174744	chr11:65708904-65709205	560	75214	TRUE	5.649170168789798e-10	-0.7095609885227134	TRUE	650	14	2.6230819713116036
ENSG00000175550	chr11:65708904-65709205	643	91646	TRUE	1.070144032220275e-9	-0.4667750578216925	TRUE	650	14	9.296175922164235
ENSG00000172500	chr11:65708904-65709205	637	88213	TRUE	1.1782661696342538e-9	-0.5229522382815395	TRUE	650	14	5.479389980936904
ENSG00000110711	chr11:65708904-65709205	575	80015	TRUE	1.63852191985617e-9	-0.5527059014290447	TRUE	650	14	2.931508276300301
ENSG00000174547	chr11:65708904-65709205	646	91731	TRUE	1.9065365406593595e-8	-0.5292700129802648	TRUE	650	14	13.077158661208163
ENSG00000175602	chr11:65708904-65709205	398	55156	TRUE	2.129686535297734e-8	-0.7739961660049395	TRUE	650	14	1.5986541246080608
ENSG00000173465	chr11:65708904-65709205	618	85945	TRUE	1.8498880008114486e-7	-0.5768493421115739	TRUE	650	14	5.40783566153109
ENSG00000172757	chr11:65708904-65709205	650	92617	TRUE	3.195419786836476e-7	-0.5050150839817888	TRUE	650	14	47.93282081731721
ENSG00000174851	chr11:65708904-65709205	644	91666	TRUE	4.3987397190634086e-7	-0.4805539292815202	TRUE	650	14	11.07171057428878
ENSG00000167797	chr11:65708904-65709205	609	87180	TRUE	3.817069053515653e-6	-0.4374687671713824	TRUE	650	14	5.157213246247278
ENSG00000172725	chr11:65708904-65709205	496	70019	TRUE	3.892730532737191e-6	-0.5183138806653669	TRUE	650	14	2.3943977415960918
ENSG00000172922	chr11:65708904-65709205	257	33278	TRUE	2.3433248288076843e-5	-0.5620902339032663	TRUE	650	14	0.5004427221684011
ENSG00000172663	chr11:65708904-65709205	487	66108	TRUE	3.159125773707607e-5	-0.37336052442314394	TRUE	650	14	1.8816942196110296
ENSG00000087365	chr11:65708904-65709205	641	91355	TRUE	1.3108503982842785e-4	-0.3948814507510572	TRUE	650	14	8.829453003739701
ENSG00000175482	chr11:65708904-65709205	612	86282	TRUE	1.3321887285371037e-4	-0.3088692838287974	TRUE	650	14	4.8291613279581656
ENSG00000142186	chr11:65708904-65709205	571	79826	TRUE	4e-4	-0.5691621677523875	TRUE	650	14	2.797785347458775
ENSG00000176973	chr11:65708904-65709205	436	56251	TRUE	0.0021623057087721553	-0.4159971716753473	TRUE	650	14	1.183401564632228
ENSG00000174851	chr11:65708904-65709205	644	91666	TRUE	2.967028872907526e-14	-0.6036542191309215	TRUE	650	15	11.07171057428878
ENSG00000175334	chr11:65708904-65709205	650	92617	TRUE	8.719161350429351e-13	-0.5376728345338195	TRUE	650	15	30.385824557017408
ENSG00000175550	chr11:65708904-65709205	643	91646	TRUE	1.2237934866838515e-10	-0.511781608510355	TRUE	650	15	9.296175922164235
ENSG00000175634	chr11:65708904-65709205	636	90035	TRUE	1.9998889296469655e-7	-0.48531267855065474	TRUE	650	15	6.5861849849474465
ENSG00000172500	chr11:65708904-65709205	637	88213	TRUE	8.014897593506501e-7	-0.4891760953279536	TRUE	650	15	5.479389980936904
ENSG00000174744	chr11:65708904-65709205	560	75214	TRUE	1.2053214263016985e-6	-0.610846194106827	TRUE	650	15	2.6230819713116036
ENSG00000087365	chr11:65708904-65709205	641	91355	TRUE	1.9587750538961656e-5	-0.438834096021095	TRUE	650	15	8.829453003739701
ENSG00000172663	chr11:65708904-65709205	487	66108	TRUE	2.4017223512589822e-5	-0.335545787960548	TRUE	650	15	1.8816942196110296
ENSG00000239306	chr11:65708904-65709205	589	82675	TRUE	3.28548207423362e-5	-0.48440440383605843	TRUE	650	15	3.9567486483952625
ENSG00000172531	chr11:65708904-65709205	648	92345	TRUE	4.960399057724269e-5	-0.46131414507913515	TRUE	650	15	19.914945258706002
ENSG00000175482	chr11:65708904-65709205	612	86282	TRUE	7.954812413457288e-5	-0.32226985426860244	TRUE	650	15	4.8291613279581656
ENSG00000174547	chr11:65708904-65709205	646	91731	TRUE	1.325408096769492e-4	-0.44864422500188184	TRUE	650	15	13.077158661208163
ENSG00000110711	chr11:65708904-65709205	575	80015	TRUE	7.079239168844148e-4	-0.4016161951882231	TRUE	650	15	2.931508276300301
ENSG00000142186	chr11:65708904-65709205	571	79826	TRUE	0.0010797468387934005	-0.3942290455922577	TRUE	650	15	2.797785347458775
ENSG00000175602	chr11:65708904-65709205	398	55156	TRUE	0.0013739373641482172	-0.5411399088361704	TRUE	650	15	1.5986541246080608
ENSG00000176973	chr11:65708904-65709205	436	56251	TRUE	0.0026826421747498906	-0.4319892044432484	TRUE	650	15	1.183401564632228
ENSG00000174903	chr11:65708904-65709205	639	89804	TRUE	0.005391899029890776	-0.3560127229952492	TRUE	650	15	6.175057553881892
ENSG00000172725	chr11:65708904-65709205	496	70019	TRUE	0.052	-0.32613891461793276	TRUE	650	15	2.3943977415960918
ENSG00000172922	chr11:65708904-65709205	257	33278	TRUE	0.056	-0.29096214602313597	TRUE	650	15	0.5004427221684011
ENSG00000172757	chr11:65708904-65709205	650	92617	TRUE	0.088	-0.3710951778444027	TRUE	650	15	47.93282081731721
ENSG00000167797	chr11:65708904-65709205	609	87180	TRUE	0.124	-0.26494795831461104	FALSE	650	15	5.157213246247278
ENSG00000173465	chr11:65708904-65709205	618	85945	TRUE	0.38	-0.3470248150176425	FALSE	650	15	5.40783566153109
ENSG00000174903	chr11:65708904-65709205	639	89804	TRUE	1.7782218032714673e-18	-0.6856731050257325	TRUE	650	16	6.175057553881892
ENSG00000175334	chr11:65708904-65709205	650	92617	TRUE	3.2937418991260457e-18	-0.5691510660069872	TRUE	650	16	30.385824557017408
ENSG00000172500	chr11:65708904-65709205	637	88213	TRUE	3.385591566986888e-16	-0.6247805592127029	TRUE	650	16	5.479389980936904
ENSG00000175550	chr11:65708904-65709205	643	91646	TRUE	4.313785970786369e-15	-0.5470401481123517	TRUE	650	16	9.296175922164235
ENSG00000142186	chr11:65708904-65709205	571	79826	TRUE	5.855679737452053e-14	-0.6647103750609441	TRUE	650	16	2.797785347458775
ENSG00000174547	chr11:65708904-65709205	646	91731	TRUE	4.346478966283478e-12	-0.583769656131707	TRUE	650	16	13.077158661208163
ENSG00000172757	chr11:65708904-65709205	650	92617	TRUE	8.422532520396494e-11	-0.528126265336442	TRUE	650	16	47.93282081731721
ENSG00000175482	chr11:65708904-65709205	612	86282	TRUE	8.324958345551852e-10	-0.4773277929349051	TRUE	650	16	4.8291613279581656
ENSG00000175634	chr11:65708904-65709205	636	90035	TRUE	4.343791492404378e-9	-0.4939619553017387	TRUE	650	16	6.5861849849474465
ENSG00000239306	chr11:65708904-65709205	589	82675	TRUE	8.776026378191622e-9	-0.5532217791723737	TRUE	650	16	3.9567486483952625
ENSG00000167797	chr11:65708904-65709205	609	87180	TRUE	1.5543973213200156e-8	-0.47884117903842727	TRUE	650	16	5.157213246247278
ENSG00000176973	chr11:65708904-65709205	436	56251	TRUE	1.6093461111769004e-8	-0.6180854965567064	TRUE	650	16	1.183401564632228
ENSG00000087365	chr11:65708904-65709205	641	91355	TRUE	1.9630081256318894e-8	-0.472700259722711	TRUE	650	16	8.829453003739701
ENSG00000173465	chr11:65708904-65709205	618	85945	TRUE	2.889477245367417e-8	-0.5542766638602981	TRUE	650	16	5.40783566153109
ENSG00000110711	chr11:65708904-65709205	575	80015	TRUE	8.046622234419775e-8	-0.4785531449900433	TRUE	650	16	2.931508276300301
ENSG00000174851	chr11:65708904-65709205	644	91666	TRUE	9.746062238873815e-7	-0.42285342256727265	TRUE	650	16	11.07171057428878
ENSG00000172725	chr11:65708904-65709205	496	70019	TRUE	1.6210262604476368e-6	-0.5070769087826628	TRUE	650	16	2.3943977415960918
ENSG00000175602	chr11:65708904-65709205	398	55156	TRUE	2.1972643715188235e-6	-0.6677374786143822	TRUE	650	16	1.5986541246080608
ENSG00000174744	chr11:65708904-65709205	560	75214	TRUE	2.7325321432406327e-6	-0.5846457219979668	TRUE	650	16	2.6230819713116036
ENSG00000172663	chr11:65708904-65709205	487	66108	TRUE	5.544834074941733e-5	-0.34129931519084544	TRUE	650	16	1.8816942196110296
ENSG00000172531	chr11:65708904-65709205	648	92345	TRUE	5.570276433740744e-4	-0.38229238985444347	TRUE	650	16	19.914945258706002
ENSG00000172922	chr11:65708904-65709205	257	33278	TRUE	0.0010805279918868352	-0.46214879602935954	TRUE	650	16	0.5004427221684011
ENSG00000142186	chr11:65708904-65709205	571	79826	TRUE	5.837374808695503e-22	-0.7869036153070887	TRUE	650	17	2.797785347458775
ENSG00000175334	chr11:65708904-65709205	650	92617	TRUE	3.2266557936891934e-20	-0.6011306092370674	TRUE	650	17	30.385824557017408
ENSG00000174547	chr11:65708904-65709205	646	91731	TRUE	1.5893179455894794e-19	-0.7171716986802936	TRUE	650	17	13.077158661208163
ENSG00000172531	chr11:65708904-65709205	648	92345	TRUE	9.343419436273337e-18	-0.6783200198685235	TRUE	650	17	19.914945258706002
ENSG00000172757	chr11:65708904-65709205	650	92617	TRUE	2.286443283080122e-16	-0.6654381531728815	TRUE	650	17	47.93282081731721
ENSG00000175550	chr11:65708904-65709205	643	91646	TRUE	1.943286572164441e-15	-0.552148168640838	TRUE	650	17	9.296175922164235
ENSG00000174744	chr11:65708904-65709205	560	75214	TRUE	8.874565759063694e-15	-0.8062857599844346	TRUE	650	17	2.6230819713116036
ENSG00000174851	chr11:65708904-65709205	644	91666	TRUE	1.7270419052391085e-14	-0.6078234592184226	TRUE	650	17	11.07171057428878
ENSG00000173465	chr11:65708904-65709205	618	85945	TRUE	2.0590526606781372e-13	-0.7050056936022562	TRUE	650	17	5.40783566153109
ENSG00000175634	chr11:65708904-65709205	636	90035	TRUE	8.590867980527267e-12	-0.5569097880453584	TRUE	650	17	6.5861849849474465
ENSG00000167797	chr11:65708904-65709205	609	87180	TRUE	1.0761836115929179e-11	-0.508810054873559	TRUE	650	17	5.157213246247278
ENSG00000172500	chr11:65708904-65709205	637	88213	TRUE	4.6986116558485845e-11	-0.5489474468144837	TRUE	650	17	5.479389980936904
ENSG00000175482	chr11:65708904-65709205	612	86282	TRUE	5.4244344340750525e-11	-0.46004266314127706	TRUE	650	17	4.8291613279581656
ENSG00000174903	chr11:65708904-65709205	639	89804	TRUE	8.572289570449554e-9	-0.5209961815455717	TRUE	650	17	6.175057553881892
ENSG00000087365	chr11:65708904-65709205	641	91355	TRUE	6.773791843785919e-8	-0.4733349693857818	TRUE	650	17	8.829453003739701
ENSG00000239306	chr11:65708904-65709205	589	82675	TRUE	9.324444188367302e-8	-0.536818868161304	TRUE	650	17	3.9567486483952625
ENSG00000172725	chr11:65708904-65709205	496	70019	TRUE	1.7926604972949046e-5	-0.4787516404578088	TRUE	650	17	2.3943977415960918
ENSG00000172663	chr11:65708904-65709205	487	66108	TRUE	5.306769060849006e-5	-0.335545787960548	TRUE	650	17	1.8816942196110296
ENSG00000176973	chr11:65708904-65709205	436	56251	TRUE	2.545138772461269e-4	-0.49299027657517347	TRUE	650	17	1.183401564632228
ENSG00000175602	chr11:65708904-65709205	398	55156	TRUE	2.6031031765911747e-4	-0.556864261129187	TRUE	650	17	1.5986541246080608
ENSG00000110711	chr11:65708904-65709205	575	80015	TRUE	0.0013183434556355428	-0.36374327553091845	TRUE	650	17	2.931508276300301
ENSG00000172922	chr11:65708904-65709205	257	33278	TRUE	0.044	-0.3112821304027318	TRUE	650	17	0.5004427221684011
ENSG00000172757	chr11:65708904-65709205	650	92617	TRUE	3.5059847810274283e-13	-0.6292713158836811	TRUE	650	18	47.93282081731721
ENSG00000175334	chr11:65708904-65709205	650	92617	TRUE	4.0100117051891087e-13	-0.5222826669481817	TRUE	650	18	30.385824557017408
ENSG00000175550	chr11:65708904-65709205	643	91646	TRUE	2.7553240281540364e-12	-0.5065043964519074	TRUE	650	18	9.296175922164235
ENSG00000174851	chr11:65708904-65709205	644	91666	TRUE	5.905357333438831e-11	-0.5308614774035383	TRUE	650	18	11.07171057428878
ENSG00000175634	chr11:65708904-65709205	636	90035	TRUE	3.5205575093022533e-9	-0.5087857881673816	TRUE	650	18	6.5861849849474465
ENSG00000174903	chr11:65708904-65709205	639	89804	TRUE	1.408138816399074e-7	-0.4768145075247756	TRUE	650	18	6.175057553881892
ENSG00000172500	chr11:65708904-65709205	637	88213	TRUE	1.798042272158144e-7	-0.4963844367237993	TRUE	650	18	5.479389980936904
ENSG00000110711	chr11:65708904-65709205	575	80015	TRUE	1.1604270886036386e-5	-0.4358246011334259	TRUE	650	18	2.931508276300301
ENSG00000172725	chr11:65708904-65709205	496	70019	TRUE	3.447800871942937e-5	-0.4702401406022916	TRUE	650	18	2.3943977415960918
ENSG00000239306	chr11:65708904-65709205	589	82675	TRUE	6.575200238020766e-5	-0.4428293620977679	TRUE	650	18	3.9567486483952625
ENSG00000142186	chr11:65708904-65709205	571	79826	TRUE	1.0070374524681538e-4	-0.42114219190015234	TRUE	650	18	2.797785347458775
ENSG00000174547	chr11:65708904-65709205	646	91731	TRUE	2.066536220933779e-4	-0.4210712724658432	TRUE	650	18	13.077158661208163
ENSG00000087365	chr11:65708904-65709205	641	91355	TRUE	3.5495163502101065e-4	-0.3832044944873263	TRUE	650	18	8.829453003739701
ENSG00000174744	chr11:65708904-65709205	560	75214	TRUE	4e-4	-0.6599540078244511	TRUE	650	18	2.6230819713116036
ENSG00000175482	chr11:65708904-65709205	612	86282	TRUE	4.7200671691960405e-4	-0.28768395393816926	TRUE	650	18	4.8291613279581656
ENSG00000172922	chr11:65708904-65709205	257	33278	TRUE	0.0012094221186444848	-0.422927486231641	TRUE	650	18	0.5004427221684011
ENSG00000172531	chr11:65708904-65709205	648	92345	TRUE	0.0012488286154403797	-0.39241476206908743	TRUE	650	18	19.914945258706002
ENSG00000167797	chr11:65708904-65709205	609	87180	TRUE	0.0028133856571658303	-0.31702227815925577	TRUE	650	18	5.157213246247278
ENSG00000173465	chr11:65708904-65709205	618	85945	TRUE	0.0038379998918919855	-0.42229604349566596	TRUE	650	18	5.40783566153109
ENSG00000176973	chr11:65708904-65709205	436	56251	TRUE	0.004140514467083085	-0.406937832387881	TRUE	650	18	1.183401564632228
ENSG00000172663	chr11:65708904-65709205	487	66108	TRUE	0.007748233714633887	-0.2424363835690665	TRUE	650	18	1.8816942196110296
ENSG00000175602	chr11:65708904-65709205	398	55156	TRUE	0.024	-0.44473542488310797	TRUE	650	18	1.5986541246080608
ENSG00000174851	chr11:65708904-65709205	644	91666	TRUE	4.812051521848172e-29	-0.783745461587297	TRUE	650	19	11.07171057428878
ENSG00000172757	chr11:65708904-65709205	650	92617	TRUE	1.0025041598774923e-25	-0.8401466853099819	TRUE	650	19	47.93282081731721
ENSG00000167797	chr11:65708904-65709205	609	87180	TRUE	1.0000523132886607e-20	-0.7135039584098557	TRUE	650	19	5.157213246247278
ENSG00000087365	chr11:65708904-65709205	641	91355	TRUE	3.628621682551834e-17	-0.6594197606519119	TRUE	650	19	8.829453003739701
ENSG00000172500	chr11:65708904-65709205	637	88213	TRUE	8.777503028880605e-17	-0.6735539765499772	TRUE	650	19	5.479389980936904
ENSG00000175334	chr11:65708904-65709205	650	92617	TRUE	1.5798242174790417e-16	-0.5842579583971954	TRUE	650	19	30.385824557017408
ENSG00000172531	chr11:65708904-65709205	648	92345	TRUE	6.306244820902446e-14	-0.6060172522938836	TRUE	650	19	19.914945258706002
ENSG00000110711	chr11:65708904-65709205	575	80015	TRUE	4.833007426925914e-13	-0.6117264152412452	TRUE	650	19	2.931508276300301
ENSG00000175550	chr11:65708904-65709205	643	91646	TRUE	1.4416085705747884e-11	-0.5074342676029442	TRUE	650	19	9.296175922164235
ENSG00000174744	chr11:65708904-65709205	560	75214	TRUE	3.737978193541923e-10	-0.6659131036198824	TRUE	650	19	2.6230819713116036
ENSG00000174903	chr11:65708904-65709205	639	89804	TRUE	7.811597711683949e-10	-0.5209961815455717	TRUE	650	19	6.175057553881892
ENSG00000175602	chr11:65708904-65709205	398	55156	TRUE	9.36319988332861e-10	-0.7832146960343183	TRUE	650	19	1.5986541246080608
ENSG00000239306	chr11:65708904-65709205	589	82675	TRUE	1.3235087308670714e-9	-0.5667824590324737	TRUE	650	19	3.9567486483952625
ENSG00000175482	chr11:65708904-65709205	612	86282	TRUE	2.6585147330020448e-9	-0.45649214032982766	TRUE	650	19	4.8291613279581656
ENSG00000173465	chr11:65708904-65709205	618	85945	TRUE	3.4191106943932834e-9	-0.5964021395329744	TRUE	650	19	5.40783566153109
ENSG00000175634	chr11:65708904-65709205	636	90035	TRUE	2.9860649192444406e-8	-0.4939619553017387	TRUE	650	19	6.5861849849474465
ENSG00000142186	chr11:65708904-65709205	571	79826	TRUE	4.2426091317940273e-8	-0.5205392713743102	TRUE	650	19	2.797785347458775
ENSG00000172663	chr11:65708904-65709205	487	66108	TRUE	3.1091723158490356e-7	-0.4243550549184041	TRUE	650	19	1.8816942196110296
ENSG00000172725	chr11:65708904-65709205	496	70019	TRUE	4.1008627941195065e-7	-0.5321678897454933	TRUE	650	19	2.3943977415960918
ENSG00000174547	chr11:65708904-65709205	646	91731	TRUE	9.028753968805801e-7	-0.4793570172978989	TRUE	650	19	13.077158661208163
ENSG00000176973	chr11:65708904-65709205	436	56251	TRUE	4.285891256113712e-5	-0.49779126283899444	TRUE	650	19	1.183401564632228
ENSG00000172922	chr11:65708904-65709205	257	33278	TRUE	5.754844807823612e-5	-0.5083189774622854	TRUE	650	19	0.5004427221684011
ENSG00000175334	chr11:65708904-65709205	650	92617	TRUE	3.937746671600986e-14	-0.5214271732404914	TRUE	650	20	30.385824557017408
ENSG00000175634	chr11:65708904-65709205	636	90035	TRUE	3.727254012124892e-13	-0.5756078517902563	TRUE	650	20	6.5861849849474465
ENSG00000175550	chr11:65708904-65709205	643	91646	TRUE	2.998032639812552e-11	-0.4889497733448387	TRUE	650	20	9.296175922164235
ENSG00000087365	chr11:65708904-65709205	641	91355	TRUE	4.026498085276808e-11	-0.5422490271953824	TRUE	650	20	8.829453003739701
ENSG00000174903	chr11:65708904-65709205	639	89804	TRUE	4.9642076929731394e-11	-0.5398121644742111	TRUE	650	20	6.175057553881892
ENSG00000172531	chr11:65708904-65709205	648	92345	TRUE	6.849460634055762e-11	-0.5752930810881702	TRUE	650	20	19.914945258706002
ENSG00000167797	chr11:65708904-65709205	609	87180	TRUE	9.446600655036753e-11	-0.5347533221258407	TRUE	650	20	5.157213246247278
ENSG00000174547	chr11:65708904-65709205	646	91731	TRUE	7.658690205352778e-10	-0.5707597576157784	TRUE	650	20	13.077158661208163
ENSG00000239306	chr11:65708904-65709205	589	82675	TRUE	1.3324437632143194e-9	-0.5896707504270391	TRUE	650	20	3.9567486483952625
ENSG00000174851	chr11:65708904-65709205	644	91666	TRUE	2.0024799964931127e-9	-0.5166812518111827	TRUE	650	20	11.07171057428878
ENSG00000172500	chr11:65708904-65709205	637	88213	TRUE	1.0699913314868152e-8	-0.4984505953882845	TRUE	650	20	5.479389980936904
ENSG00000172663	chr11:65708904-65709205	487	66108	TRUE	5.7606576784590755e-8	-0.466175230613031	TRUE	650	20	1.8816942196110296
ENSG00000175602	chr11:65708904-65709205	398	55156	TRUE	1.0667367732314337e-7	-0.7022947006507508	TRUE	650	20	1.5986541246080608
ENSG00000172725	chr11:65708904-65709205	496	70019	TRUE	1.0892647660076641e-7	-0.5706420375601291	TRUE	650	20	2.3943977415960918
ENSG00000174744	chr11:65708904-65709205	560	75214	TRUE	2.615183711177077e-7	-0.622387815989518	TRUE	650	20	2.6230819713116036
ENSG00000175482	chr11:65708904-65709205	612	86282	TRUE	3.6406095418027324e-7	-0.4082525251284328	TRUE	650	20	4.8291613279581656
ENSG00000110711	chr11:65708904-65709205	575	80015	TRUE	5.025140493946311e-6	-0.4405102013576887	TRUE	650	20	2.931508276300301
ENSG00000173465	chr11:65708904-65709205	618	85945	TRUE	5.101751477939445e-5	-0.5054034817373005	TRUE	650	20	5.40783566153109
ENSG00000172922	chr11:65708904-65709205	257	33278	TRUE	6.541702428744436e-5	-0.5319702455269308	TRUE	650	20	0.5004427221684011
ENSG00000172757	chr11:65708904-65709205	650	92617	TRUE	2.562246766149405e-4	-0.45519811698234136	TRUE	650	20	47.93282081731721
ENSG00000176973	chr11:65708904-65709205	436	56251	TRUE	3.354032589066285e-4	-0.46686668964409395	TRUE	650	20	1.183401564632228
ENSG00000142186	chr11:65708904-65709205	571	79826	TRUE	3.467091920805847e-4	-0.402825069280643	TRUE	650	20	2.797785347458775
ENSG00000175550	chr11:65708904-65709205	643	91646	TRUE	1.6949124621667604e-23	-0.667971896219973	TRUE	650	21	9.296175922164235
ENSG00000142186	chr11:65708904-65709205	571	79826	TRUE	8.532026399508941e-15	-0.6544094543708987	TRUE	650	21	2.797785347458775
ENSG00000087365	chr11:65708904-65709205	641	91355	TRUE	5.328383463307454e-14	-0.5755939944596618	TRUE	650	21	8.829453003739701
ENSG00000167797	chr11:65708904-65709205	609	87180	TRUE	7.393492066245418e-14	-0.603863407222546	TRUE	650	21	5.157213246247278
ENSG00000174903	chr11:65708904-65709205	639	89804	TRUE	1.3541392649716802e-10	-0.5407594363670016	TRUE	650	21	6.175057553881892
ENSG00000175634	chr11:65708904-65709205	636	90035	TRUE	6.120257902561605e-10	-0.5290871240410358	TRUE	650	21	6.5861849849474465
ENSG00000239306	chr11:65708904-65709205	589	82675	TRUE	3.144199471370393e-9	-0.5562242673338971	TRUE	650	21	3.9567486483952625
ENSG00000172500	chr11:65708904-65709205	637	88213	TRUE	2.1330027657517675e-8	-0.49329073637984555	TRUE	650	21	5.479389980936904
ENSG00000172531	chr11:65708904-65709205	648	92345	TRUE	1.7123971503987356e-7	-0.49916761002764165	TRUE	650	21	19.914945258706002
ENSG00000174547	chr11:65708904-65709205	646	91731	TRUE	5.425289910128005e-7	-0.48283443998998044	TRUE	650	21	13.077158661208163
ENSG00000175334	chr11:65708904-65709205	650	92617	TRUE	3.5011676651828367e-6	-0.39948801554876034	TRUE	650	21	30.385824557017408
ENSG00000175602	chr11:65708904-65709205	398	55156	TRUE	4.858155258304422e-6	-0.6360750145083081	TRUE	650	21	1.5986541246080608
ENSG00000110711	chr11:65708904-65709205	575	80015	TRUE	5.285715915650385e-6	-0.44238871079091835	TRUE	650	21	2.931508276300301
ENSG00000174851	chr11:65708904-65709205	644	91666	TRUE	7.018467970602502e-6	-0.42604007504486274	TRUE	650	21	11.07171057428878
ENSG00000176973	chr11:65708904-65709205	436	56251	TRUE	3.043418782723746e-5	-0.5098640951395697	TRUE	650	21	1.183401564632228
ENSG00000173465	chr11:65708904-65709205	618	85945	TRUE	3.9792539904850226e-5	-0.5027655306624346	TRUE	650	21	5.40783566153109
ENSG00000172725	chr11:65708904-65709205	496	70019	TRUE	5.859893476191803e-5	-0.46902830093348324	TRUE	650	21	2.3943977415960918
ENSG00000172757	chr11:65708904-65709205	650	92617	TRUE	9.86544846751456e-5	-0.45337725055349765	TRUE	650	21	47.93282081731721
ENSG00000174744	chr11:65708904-65709205	560	75214	TRUE	1.2707161028090793e-4	-0.5271073125564094	TRUE	650	21	2.6230819713116036
ENSG00000172922	chr11:65708904-65709205	257	33278	TRUE	1.4382699490297565e-4	-0.5083189774622854	TRUE	650	21	0.5004427221684011
ENSG00000175482	chr11:65708904-65709205	612	86282	TRUE	1.906367142085752e-4	-0.3120740871627139	TRUE	650	21	4.8291613279581656
ENSG00000172663	chr11:65708904-65709205	487	66108	TRUE	0.001844499175552447	-0.27097862006466067	TRUE	650	21	1.8816942196110296
ENSG00000172531	chr11:65708904-65709205	648	92345	TRUE	5.324441918241009e-16	-0.6588303208572994	TRUE	650	22	19.914945258706002
ENSG00000174851	chr11:65708904-65709205	644	91666	TRUE	1.260708628628546e-13	-0.6055983652112933	TRUE	650	22	11.07171057428878
ENSG00000167797	chr11:65708904-65709205	609	87180	TRUE	1.6263800719110784e-13	-0.6136610342900262	TRUE	650	22	5.157213246247278
ENSG00000172500	chr11:65708904-65709205	637	88213	TRUE	3.31029113908386e-13	-0.5951829129971049	TRUE	650	22	5.479389980936904
ENSG00000175550	chr11:65708904-65709205	643	91646	TRUE	8.420036880711867e-13	-0.5061945725398633	TRUE	650	22	9.296175922164235
ENSG00000173465	chr11:65708904-65709205	618	85945	TRUE	9.32710980178618e-13	-0.6893240713699864	TRUE	650	22	5.40783566153109
ENSG00000174547	chr11:65708904-65709205	646	91731	TRUE	1.8165629211460223e-12	-0.6161009708534442	TRUE	650	22	13.077158661208163
ENSG00000175634	chr11:65708904-65709205	636	90035	TRUE	1.7276686350864713e-11	-0.5550984945985356	TRUE	650	22	6.5861849849474465
ENSG00000142186	chr11:65708904-65709205	571	79826	TRUE	1.5451929914815057e-10	-0.6205947413786549	TRUE	650	22	2.797785347458775
ENSG00000110711	chr11:65708904-65709205	575	80015	TRUE	2.7145823157344433e-10	-0.5649322037623044	TRUE	650	22	2.931508276300301
ENSG00000087365	chr11:65708904-65709205	641	91355	TRUE	3.2192792187237893e-10	-0.5359367072169117	TRUE	650	22	8.829453003739701
ENSG00000176973	chr11:65708904-65709205	436	56251	TRUE	4.845731012289938e-10	-0.6849508016976608	TRUE	650	22	1.183401564632228
ENSG00000172757	chr11:65708904-65709205	650	92617	TRUE	6.01103741565065e-9	-0.556919424273068	TRUE	650	22	47.93282081731721
ENSG00000175482	chr11:65708904-65709205	612	86282	TRUE	2.1025415670556877e-8	-0.4301381390584966	TRUE	650	22	4.8291613279581656
ENSG00000174903	chr11:65708904-65709205	639	89804	TRUE	3.980647364628455e-8	-0.48682062925619807	TRUE	650	22	6.175057553881892
ENSG00000174744	chr11:65708904-65709205	560	75214	TRUE	8.703475797757084e-8	-0.6481091544175746	TRUE	650	22	2.6230819713116036
ENSG00000172725	chr11:65708904-65709205	496	70019	TRUE	1.872411228330683e-7	-0.573243832748409	TRUE	650	22	2.3943977415960918
ENSG00000172663	chr11:65708904-65709205	487	66108	TRUE	8.213459229182646e-7	-0.4274116133517424	TRUE	650	22	1.8816942196110296
ENSG00000239306	chr11:65708904-65709205	589	82675	TRUE	3.2843933906422096e-6	-0.5169396222188569	TRUE	650	22	3.9567486483952625
ENSG00000175334	chr11:65708904-65709205	650	92617	TRUE	5.4626056877529056e-6	-0.40289771362378257	TRUE	650	22	30.385824557017408
ENSG00000175602	chr11:65708904-65709205	398	55156	TRUE	3.0236054340753143e-5	-0.5969417005045222	TRUE	650	22	1.5986541246080608
ENSG00000172922	chr11:65708904-65709205	257	33278	TRUE	0.04	-0.3215504658565589	TRUE	650	22	0.5004427221684011
ENSG00000087365	chr11:65708904-65709205	641	91355	TRUE	1.8165832127444284e-23	-0.7457319743993698	TRUE	650	23	8.829453003739701
ENSG00000175334	chr11:65708904-65709205	650	92617	TRUE	1.2258114567131935e-16	-0.5777218494211374	TRUE	650	23	30.385824557017408
ENSG00000175550	chr11:65708904-65709205	643	91646	TRUE	6.528476315706355e-14	-0.5277300633443662	TRUE	650	23	9.296175922164235
ENSG00000173465	chr11:65708904-65709205	618	85945	TRUE	2.1824410767511353e-12	-0.7208596448030933	TRUE	650	23	5.40783566153109
ENSG00000172531	chr11:65708904-65709205	648	92345	TRUE	1.0838809662046064e-11	-0.5874741404027835	TRUE	650	23	19.914945258706002
ENSG00000174547	chr11:65708904-65709205	646	91731	TRUE	2.512410315482392e-11	-0.5854041736305278	TRUE	650	23	13.077158661208163
ENSG00000175634	chr11:65708904-65709205	636	90035	TRUE	4.3565663405595006e-11	-0.5637224642067737	TRUE	650	23	6.5861849849474465
ENSG00000142186	chr11:65708904-65709205	571	79826	TRUE	8.347432602341852e-10	-0.5659406665085844	TRUE	650	23	2.797785347458775
ENSG00000110711	chr11:65708904-65709205	575	80015	TRUE	1.2489279302524653e-9	-0.5547364366564158	TRUE	650	23	2.931508276300301
ENSG00000172725	chr11:65708904-65709205	496	70019	TRUE	2.7630606455446034e-9	-0.6168650543207748	TRUE	650	23	2.3943977415960918
ENSG00000174903	chr11:65708904-65709205	639	89804	TRUE	3.445747748413784e-8	-0.48682062925619807	TRUE	650	23	6.175057553881892
ENSG00000174851	chr11:65708904-65709205	644	91666	TRUE	9.319530664984106e-8	-0.4762280038787301	TRUE	650	23	11.07171057428878
ENSG00000172500	chr11:65708904-65709205	637	88213	TRUE	1.1682475724850952e-7	-0.48712316713965187	TRUE	650	23	5.479389980936904
ENSG00000174744	chr11:65708904-65709205	560	75214	TRUE	9.79411087626632e-7	-0.607401636065672	TRUE	650	23	2.6230819713116036
ENSG00000175482	chr11:65708904-65709205	612	86282	TRUE	4.745093173312608e-6	-0.3643434733931863	TRUE	650	23	4.8291613279581656
ENSG00000167797	chr11:65708904-65709205	609	87180	TRUE	8.938711676428727e-6	-0.4287941372581119	TRUE	650	23	5.157213246247278
ENSG00000172663	chr11:65708904-65709205	487	66108	TRUE	3.1512543077337474e-5	-0.36161929957044125	TRUE	650	23	1.8816942196110296
ENSG00000176973	chr11:65708904-65709205	436	56251	TRUE	9.857448220496057e-5	-0.47868243989128995	TRUE	650	23	1.183401564632228
ENSG00000172757	chr11:65708904-65709205	650	92617	TRUE	1.310316527704733e-4	-0.49778380944292433	TRUE	650	23	47.93282081731721
ENSG00000172922	chr11:65708904-65709205	257	33278	TRUE	1.9153718554939733e-4	-0.4735535593016089	TRUE	650	23	0.5004427221684011
ENSG00000239306	chr11:65708904-65709205	589	82675	TRUE	2.273589287051011e-4	-0.4463065752558617	TRUE	650	23	3.9567486483952625
ENSG00000175602	chr11:65708904-65709205	398	55156	TRUE	8.630888436013777e-4	-0.5197950064378155	TRUE	650	23	1.5986541246080608
ENSG00000175334	chr11:65708904-65709205	650	92617	TRUE	2.73932960594568e-20	-0.6198297593409894	TRUE	650	24	30.385824557017408
ENSG00000174547	chr11:65708904-65709205	646	91731	TRUE	6.871275611143775e-20	-0.7253863545591122	TRUE	650	24	13.077158661208163
ENSG00000174851	chr11:65708904-65709205	644	91666	TRUE	4.162950790358899e-16	-0.6447562138155694	TRUE	650	24	11.07171057428878
ENSG00000175634	chr11:65708904-65709205	636	90035	TRUE	9.218931387827176e-14	-0.5973446524445971	TRUE	650	24	6.5861849849474465
ENSG00000142186	chr11:65708904-65709205	571	79826	TRUE	2.3585138210486677e-13	-0.6867013389762013	TRUE	650	24	2.797785347458775
ENSG00000239306	chr11:65708904-65709205	589	82675	TRUE	6.043518468786278e-11	-0.6239110748454717	TRUE	650	24	3.9567486483952625
ENSG00000172757	chr11:65708904-65709205	650	92617	TRUE	6.77120046017459e-10	-0.5792080036694731	TRUE	650	24	47.93282081731721
ENSG00000175602	chr11:65708904-65709205	398	55156	TRUE	1.871937892705905e-9	-0.7924925096223289	TRUE	650	24	1.5986541246080608
ENSG00000172663	chr11:65708904-65709205	487	66108	TRUE	2.69103203884966e-9	-0.5076256741065344	TRUE	650	24	1.8816942196110296
ENSG00000173465	chr11:65708904-65709205	618	85945	TRUE	8.206740004819272e-9	-0.6088295033372846	TRUE	650	24	5.40783566153109
ENSG00000174744	chr11:65708904-65709205	560	75214	TRUE	9.63773643022621e-9	-0.6671078821899399	TRUE	650	24	2.6230819713116036
ENSG00000176973	chr11:65708904-65709205	436	56251	TRUE	1.0400309436034876e-8	-0.6849508016976608	TRUE	650	24	1.183401564632228
ENSG00000087365	chr11:65708904-65709205	641	91355	TRUE	1.0850796025185675e-8	-0.49057854168767845	TRUE	650	24	8.829453003739701
ENSG00000175550	chr11:65708904-65709205	643	91646	TRUE	1.9117219234777468e-8	-0.47009472154971776	TRUE	650	24	9.296175922164235
ENSG00000110711	chr11:65708904-65709205	575	80015	TRUE	3.8495254648111994e-8	-0.5255697714915308	TRUE	650	24	2.931508276300301
ENSG00000172500	chr11:65708904-65709205	637	88213	TRUE	5.284656760915453e-8	-0.5036289751076648	TRUE	650	24	5.479389980936904
ENSG00000174903	chr11:65708904-65709205	639	89804	TRUE	9.569076353613823e-8	-0.4827188241339271	TRUE	650	24	6.175057553881892
ENSG00000167797	chr11:65708904-65709205	609	87180	TRUE	2.1084388360626362e-7	-0.46491813099596646	TRUE	650	24	5.157213246247278
ENSG00000172531	chr11:65708904-65709205	648	92345	TRUE	1.0812787098718035e-6	-0.49434585862197133	TRUE	650	24	19.914945258706002
ENSG00000175482	chr11:65708904-65709205	612	86282	TRUE	2.7739915347918488e-5	-0.3621273515428469	TRUE	650	24	4.8291613279581656
ENSG00000172922	chr11:65708904-65709205	257	33278	TRUE	2.2947684475726864e-4	-0.4792899288507533	TRUE	650	24	0.5004427221684011
ENSG00000172725	chr11:65708904-65709205	496	70019	TRUE	0.004533085081156015	-0.39006979191830804	TRUE	650	24	2.3943977415960918
ENSG00000175334	chr11:65708904-65709205	650	92617	TRUE	7.996017243059778e-20	-0.6163749308559057	TRUE	650	25	30.385824557017408
ENSG00000173465	chr11:65708904-65709205	618	85945	TRUE	1.3862574892264467e-13	-0.7177972470476282	TRUE	650	25	5.40783566153109
ENSG00000175550	chr11:65708904-65709205	643	91646	TRUE	4.0266960792282286e-13	-0.5337170121517429	TRUE	650	25	9.296175922164235
ENSG00000087365	chr11:65708904-65709205	641	91355	TRUE	5.192517444996786e-12	-0.5522724235189411	TRUE	650	25	8.829453003739701
ENSG00000172531	chr11:65708904-65709205	648	92345	TRUE	6.490535787848144e-11	-0.5578778250162904	TRUE	650	25	19.914945258706002
ENSG00000172663	chr11:65708904-65709205	487	66108	TRUE	1.7547996374623487e-9	-0.5027817018752202	TRUE	650	25	1.8816942196110296
ENSG00000172500	chr11:65708904-65709205	637	88213	TRUE	1.2610866178525663e-8	-0.5145644527888202	TRUE	650	25	5.479389980936904
ENSG00000174903	chr11:65708904-65709205	639	89804	TRUE	2.357211296667098e-8	-0.4968966355785813	TRUE	650	25	6.175057553881892
ENSG00000142186	chr11:65708904-65709205	571	79826	TRUE	2.58186886651672e-8	-0.5215790516289684	TRUE	650	25	2.797785347458775
ENSG00000174547	chr11:65708904-65709205	646	91731	TRUE	3.525452753915702e-8	-0.5254548414802196	TRUE	650	25	13.077158661208163
ENSG00000174744	chr11:65708904-65709205	560	75214	TRUE	8.175615516525792e-8	-0.6340225164729214	TRUE	650	25	2.6230819713116036
ENSG00000167797	chr11:65708904-65709205	609	87180	TRUE	2.139515046253003e-7	-0.4555266309752657	TRUE	650	25	5.157213246247278
ENSG00000174851	chr11:65708904-65709205	644	91666	TRUE	2.898549973736784e-7	-0.4540400161082152	TRUE	650	25	11.07171057428878
ENSG00000175482	chr11:65708904-65709205	612	86282	TRUE	4.6380016943160796e-7	-0.38331923298867854	TRUE	650	25	4.8291613279581656
ENSG00000110711	chr11:65708904-65709205	575	80015	TRUE	3.867824964341911e-6	-0.44521106912350294	TRUE	650	25	2.931508276300301
ENSG00000175634	chr11:65708904-65709205	636	90035	TRUE	6.589668522739541e-6	-0.4340622873861739	TRUE	650	25	6.5861849849474465
ENSG00000172725	chr11:65708904-65709205	496	70019	TRUE	1.0865110251579606e-5	-0.5133088624941775	TRUE	650	25	2.3943977415960918
ENSG00000176973	chr11:65708904-65709205	436	56251	TRUE	2.5659028638448742e-5	-0.49779126283899444	TRUE	650	25	1.183401564632228
ENSG00000172757	chr11:65708904-65709205	650	92617	TRUE	2.9372638410863836e-5	-0.48163026141851706	TRUE	650	25	47.93282081731721
ENSG00000172922	chr11:65708904-65709205	257	33278	TRUE	3.122243046176803e-5	-0.5560157194935818	TRUE	650	25	0.5004427221684011
ENSG00000175602	chr11:65708904-65709205	398	55156	TRUE	1.756877032423835e-4	-0.5928834839301687	TRUE	650	25	1.5986541246080608
ENSG00000239306	chr11:65708904-65709205	589	82675	TRUE	2.987193800279911e-4	-0.41803781100747495	TRUE	650	25	3.9567486483952625
ENSG00000087365	chr11:65708904-65709205	641	91355	TRUE	1.630307884027283e-17	-0.6536532976527423	TRUE	650	26	8.829453003739701
ENSG00000174903	chr11:65708904-65709205	639	89804	TRUE	9.441861799273688e-16	-0.6428355138863378	TRUE	650	26	6.175057553881892
ENSG00000173465	chr11:65708904-65709205	618	85945	TRUE	7.902124909802364e-13	-0.6785665605760443	TRUE	650	26	5.40783566153109
ENSG00000175634	chr11:65708904-65709205	636	90035	TRUE	2.1528064059758677e-12	-0.5641777885093977	TRUE	650	26	6.5861849849474465
ENSG00000172757	chr11:65708904-65709205	650	92617	TRUE	6.444658112389049e-12	-0.5804495123222164	TRUE	650	26	47.93282081731721
ENSG00000172663	chr11:65708904-65709205	487	66108	TRUE	9.310105791129387e-12	-0.5386877303973989	TRUE	650	26	1.8816942196110296
ENSG00000172531	chr11:65708904-65709205	648	92345	TRUE	1.2289179204222713e-11	-0.5644025130619652	TRUE	650	26	19.914945258706002
ENSG00000142186	chr11:65708904-65709205	571	79826	TRUE	2.4245374890302583e-11	-0.6239407692586463	TRUE	650	26	2.797785347458775
ENSG00000175550	chr11:65708904-65709205	643	91646	TRUE	6.962927670570978e-11	-0.490481134321747	TRUE	650	26	9.296175922164235
ENSG00000172500	chr11:65708904-65709205	637	88213	TRUE	2.2524431945307826e-10	-0.5382805217626281	TRUE	650	26	5.479389980936904
ENSG00000239306	chr11:65708904-65709205	589	82675	TRUE	3.0949404000637026e-10	-0.6137097619946572	TRUE	650	26	3.9567486483952625
ENSG00000167797	chr11:65708904-65709205	609	87180	TRUE	3.329664565068877e-10	-0.532428269179597	TRUE	650	26	5.157213246247278
ENSG00000175482	chr11:65708904-65709205	612	86282	TRUE	3.7911504815189064e-10	-0.43770219572104385	TRUE	650	26	4.8291613279581656
ENSG00000174744	chr11:65708904-65709205	560	75214	TRUE	7.525345196733848e-10	-0.7034192379065172	TRUE	650	26	2.6230819713116036
ENSG00000175334	chr11:65708904-65709205	650	92617	TRUE	1.2903927590001508e-9	-0.4593972141472742	TRUE	650	26	30.385824557017408
ENSG00000174547	chr11:65708904-65709205	646	91731	TRUE	1.3517527363930783e-9	-0.5455411821547482	TRUE	650	26	13.077158661208163
ENSG00000174851	chr11:65708904-65709205	644	91666	TRUE	1.0761905900808687e-8	-0.4930958439832227	TRUE	650	26	11.07171057428878
ENSG00000175602	chr11:65708904-65709205	398	55156	TRUE	3.1070743675119e-8	-0.7243210069807496	TRUE	650	26	1.5986541246080608
ENSG00000172725	chr11:65708904-65709205	496	70019	TRUE	6.799834171382075e-8	-0.5823872452332285	TRUE	650	26	2.3943977415960918
ENSG00000110711	chr11:65708904-65709205	575	80015	TRUE	1.4915834481801261e-7	-0.4921087685938297	TRUE	650	26	2.931508276300301
ENSG00000176973	chr11:65708904-65709205	436	56251	TRUE	2.357539166573724e-6	-0.5692630179720325	TRUE	650	26	1.183401564632228
ENSG00000172922	chr11:65708904-65709205	257	33278	TRUE	0.0017704939702854298	-0.40098493335096386	TRUE	650	26	0.5004427221684011
ENSG00000174851	chr11:65708904-65709205	644	91666	TRUE	3.6472788102131484e-17	-0.6456131755520169	TRUE	650	27	11.07171057428878
ENSG00000174903	chr11:65708904-65709205	639	89804	TRUE	7.665095368171166e-17	-0.6530421007857661	TRUE	650	27	6.175057553881892
ENSG00000172757	chr11:65708904-65709205	650	92617	TRUE	3.5472282835079147e-16	-0.6639239272853414	TRUE	650	27	47.93282081731721
ENSG00000175334	chr11:65708904-65709205	650	92617	TRUE	5.857407390519026e-14	-0.515831465116853	TRUE	650	27	30.385824557017408
ENSG00000174744	chr11:65708904-65709205	560	75214	TRUE	1.4897402309879546e-11	-0.7219234895404324	TRUE	650	27	2.6230819713116036
ENSG00000174547	chr11:65708904-65709205	646	91731	TRUE	7.49485770322773e-11	-0.5610787512109408	TRUE	650	27	13.077158661208163
ENSG00000110711	chr11:65708904-65709205	575	80015	TRUE	9.763014500867705e-11	-0.5886595787248574	TRUE	650	27	2.931508276300301
ENSG00000175482	chr11:65708904-65709205	612	86282	TRUE	2.3008003338710636e-9	-0.4365359102566475	TRUE	650	27	4.8291613279581656
ENSG00000175550	chr11:65708904-65709205	643	91646	TRUE	7.39223207560522e-9	-0.4499923753612549	TRUE	650	27	9.296175922164235
ENSG00000172500	chr11:65708904-65709205	637	88213	TRUE	1.480903991607854e-8	-0.4984505953882845	TRUE	650	27	5.479389980936904
ENSG00000175634	chr11:65708904-65709205	636	90035	TRUE	1.3049698135215248e-7	-0.4698734641790243	TRUE	650	27	6.5861849849474465
ENSG00000239306	chr11:65708904-65709205	589	82675	TRUE	2.3044672535331304e-7	-0.5228012657964469	TRUE	650	27	3.9567486483952625
ENSG00000175602	chr11:65708904-65709205	398	55156	TRUE	2.4270832047240036e-7	-0.711064910278483	TRUE	650	27	1.5986541246080608
ENSG00000142186	chr11:65708904-65709205	571	79826	TRUE	5.349193573910569e-7	-0.489689306713055	TRUE	650	27	2.797785347458775
ENSG00000172531	chr11:65708904-65709205	648	92345	TRUE	2.412678363916329e-5	-0.4404330296338097	TRUE	650	27	19.914945258706002
ENSG00000172725	chr11:65708904-65709205	496	70019	TRUE	2.040111412444116e-4	-0.4343205663473487	TRUE	650	27	2.3943977415960918
ENSG00000087365	chr11:65708904-65709205	641	91355	TRUE	6.686905334828495e-4	-0.37428609575352256	TRUE	650	27	8.829453003739701
ENSG00000176973	chr11:65708904-65709205	436	56251	TRUE	8.975284272824055e-4	-0.44583918320427296	TRUE	650	27	1.183401564632228
ENSG00000172922	chr11:65708904-65709205	257	33278	TRUE	0.0021693475772769436	-0.40098493335096386	TRUE	650	27	0.5004427221684011
ENSG00000172663	chr11:65708904-65709205	487	66108	TRUE	0.003594703039867017	-0.27235196147335405	TRUE	650	27	1.8816942196110296
ENSG00000173465	chr11:65708904-65709205	618	85945	TRUE	0.0038508418417558116	-0.438337293300723	TRUE	650	27	5.40783566153109
ENSG00000167797	chr11:65708904-65709205	609	87180	TRUE	0.072	-0.25724843348371396	TRUE	650	27	5.157213246247278
ENSG00000087365	chr11:65708904-65709205	641	91355	TRUE	4.915268293214385e-18	-0.6446890893608939	TRUE	650	28	8.829453003739701
ENSG00000172500	chr11:65708904-65709205	637	88213	TRUE	7.830429232740367e-18	-0.6829221590841725	TRUE	650	28	5.479389980936904
ENSG00000174547	chr11:65708904-65709205	646	91731	TRUE	8.369382524521079e-17	-0.69054125471866	TRUE	650	28	13.077158661208163
ENSG00000175334	chr11:65708904-65709205	650	92617	TRUE	1.051510212434061e-14	-0.548670362522798	TRUE	650	28	30.385824557017408
ENSG00000167797	chr11:65708904-65709205	609	87180	TRUE	1.335092082088631e-14	-0.6155055199973394	TRUE	650	28	5.157213246247278
ENSG00000174903	chr11:65708904-65709205	639	89804	TRUE	3.890146302524293e-14	-0.6061825113650503	TRUE	650	28	6.175057553881892
ENSG00000174851	chr11:65708904-65709205	644	91666	TRUE	8.928610963343331e-13	-0.570998386520281	TRUE	650	28	11.07171057428878
ENSG00000175550	chr11:65708904-65709205	643	91646	TRUE	7.200214542294045e-12	-0.4813172561199597	TRUE	650	28	9.296175922164235
ENSG00000142186	chr11:65708904-65709205	571	79826	TRUE	7.460407658490596e-12	-0.607287698157138	TRUE	650	28	2.797785347458775
ENSG00000175634	chr11:65708904-65709205	636	90035	TRUE	3.522206327316324e-10	-0.5313111032711668	TRUE	650	28	6.5861849849474465
ENSG00000239306	chr11:65708904-65709205	589	82675	TRUE	1.7150454662329443e-9	-0.5774184896030206	TRUE	650	28	3.9567486483952625
ENSG00000172757	chr11:65708904-65709205	650	92617	TRUE	2.321086070313481e-9	-0.5625513720101454	TRUE	650	28	47.93282081731721
ENSG00000172531	chr11:65708904-65709205	648	92345	TRUE	4.46884411562569e-9	-0.5081448514566307	TRUE	650	28	19.914945258706002
ENSG00000173465	chr11:65708904-65709205	618	85945	TRUE	2.0572049264948517e-8	-0.5790705820282522	TRUE	650	28	5.40783566153109
ENSG00000172725	chr11:65708904-65709205	496	70019	TRUE	3.752816489915867e-8	-0.5902708443090616	TRUE	650	28	2.3943977415960918
ENSG00000110711	chr11:65708904-65709205	575	80015	TRUE	9.679857419390763e-8	-0.5028496949914474	TRUE	650	28	2.931508276300301
ENSG00000172663	chr11:65708904-65709205	487	66108	TRUE	3.715325174367834e-7	-0.41826129700572956	TRUE	650	28	1.8816942196110296
ENSG00000176973	chr11:65708904-65709205	436	56251	TRUE	2.6229064680346158e-6	-0.5467008633199408	TRUE	650	28	1.183401564632228
ENSG00000175482	chr11:65708904-65709205	612	86282	TRUE	5.042131494902447e-6	-0.37212681811847403	TRUE	650	28	4.8291613279581656
ENSG00000175602	chr11:65708904-65709205	398	55156	TRUE	1.942620240575569e-5	-0.6319053727593527	TRUE	650	28	1.5986541246080608
ENSG00000172922	chr11:65708904-65709205	257	33278	TRUE	8.668535598841624e-5	-0.5319702455269308	TRUE	650	28	0.5004427221684011
ENSG00000174744	chr11:65708904-65709205	560	75214	TRUE	0.0016922037262159448	-0.4738652912794299	TRUE	650	28	2.6230819713116036
ENSG00000175334	chr11:65708904-65709205	650	92617	TRUE	4.856629003994929e-21	-0.6322950489991808	TRUE	650	29	30.385824557017408
ENSG00000174851	chr11:65708904-65709205	644	91666	TRUE	6.132186760759577e-16	-0.6487597308688806	TRUE	650	29	11.07171057428878
ENSG00000087365	chr11:65708904-65709205	641	91355	TRUE	7.71510264745973e-13	-0.593077265823216	TRUE	650	29	8.829453003739701
ENSG00000174903	chr11:65708904-65709205	639	89804	TRUE	2.0128367266931966e-12	-0.5738271380526654	TRUE	650	29	6.175057553881892
ENSG00000172531	chr11:65708904-65709205	648	92345	TRUE	2.898585055269173e-12	-0.5900437692129858	TRUE	650	29	19.914945258706002
ENSG00000175550	chr11:65708904-65709205	643	91646	TRUE	3.4257645171514243e-12	-0.5124037279856655	TRUE	650	29	9.296175922164235
ENSG00000142186	chr11:65708904-65709205	571	79826	TRUE	1.2222896048153515e-10	-0.5973873502173295	TRUE	650	29	2.797785347458775
ENSG00000174547	chr11:65708904-65709205	646	91731	TRUE	1.4857916840591764e-10	-0.572611147078566	TRUE	650	29	13.077158661208163
ENSG00000172500	chr11:65708904-65709205	637	88213	TRUE	1.6247564095148383e-9	-0.5356260683166498	TRUE	650	29	5.479389980936904
ENSG00000175634	chr11:65708904-65709205	636	90035	TRUE	1.1444102964319488e-8	-0.5149342694895487	TRUE	650	29	6.5861849849474465
ENSG00000167797	chr11:65708904-65709205	609	87180	TRUE	3.583359164447108e-8	-0.5053859352893941	TRUE	650	29	5.157213246247278
ENSG00000172725	chr11:65708904-65709205	496	70019	TRUE	6.915947925681042e-8	-0.5902708443090616	TRUE	650	29	2.3943977415960918
ENSG00000173465	chr11:65708904-65709205	618	85945	TRUE	3.0400339779952743e-7	-0.5891087016657397	TRUE	650	29	5.40783566153109
ENSG00000174744	chr11:65708904-65709205	560	75214	TRUE	3.4307654730035184e-7	-0.6131471436231009	TRUE	650	29	2.6230819713116036
ENSG00000172757	chr11:65708904-65709205	650	92617	TRUE	4.398123002176228e-7	-0.5322646189118032	TRUE	650	29	47.93282081731721
ENSG00000239306	chr11:65708904-65709205	589	82675	TRUE	7.924607365176789e-7	-0.5132881521833048	TRUE	650	29	3.9567486483952625
ENSG00000176973	chr11:65708904-65709205	436	56251	TRUE	1.4732085363453008e-6	-0.5717918442827714	TRUE	650	29	1.183401564632228
ENSG00000175602	chr11:65708904-65709205	398	55156	TRUE	4.4361495720667346e-5	-0.6153462808859435	TRUE	650	29	1.5986541246080608
ENSG00000175482	chr11:65708904-65709205	612	86282	TRUE	5.072856598336466e-5	-0.3467090898544676	TRUE	650	29	4.8291613279581656
ENSG00000172922	chr11:65708904-65709205	257	33278	TRUE	7.483607349317682e-5	-0.5200961452386392	TRUE	650	29	0.5004427221684011
ENSG00000172663	chr11:65708904-65709205	487	66108	TRUE	1.0499925861234306e-4	-0.32838599638768184	TRUE	650	29	1.8816942196110296
ENSG00000110711	chr11:65708904-65709205	575	80015	TRUE	4.468283682840064e-4	-0.3952345953444818	TRUE	650	29	2.931508276300301
ENSG00000174903	chr11:65708904-65709205	639	89804	TRUE	6.212567146650191e-14	-0.6216338755972624	TRUE	650	30	6.175057553881892
ENSG00000175334	chr11:65708904-65709205	650	92617	TRUE	6.75885920031443e-14	-0.5228532780462816	TRUE	650	30	30.385824557017408
ENSG00000172531	chr11:65708904-65709205	648	92345	TRUE	1.108993911791357e-13	-0.6109207345829373	TRUE	650	30	19.914945258706002
ENSG00000142186	chr11:65708904-65709205	571	79826	TRUE	1.4698725930044293e-10	-0.6028791537308165	TRUE	650	30	2.797785347458775
ENSG00000174851	chr11:65708904-65709205	644	91666	TRUE	2.145796847533596e-10	-0.513288208993167	TRUE	650	30	11.07171057428878
ENSG00000172500	chr11:65708904-65709205	637	88213	TRUE	4.319976696646212e-10	-0.5473423715060841	TRUE	650	30	5.479389980936904
ENSG00000173465	chr11:65708904-65709205	618	85945	TRUE	4.789121655500341e-10	-0.6196490550448419	TRUE	650	30	5.40783566153109
ENSG00000167797	chr11:65708904-65709205	609	87180	TRUE	6.326612206946901e-10	-0.5225883852191084	TRUE	650	30	5.157213246247278
ENSG00000174547	chr11:65708904-65709205	646	91731	TRUE	6.531653323724353e-10	-0.5480432947960807	TRUE	650	30	13.077158661208163
ENSG00000175550	chr11:65708904-65709205	643	91646	TRUE	1.3133405965542891e-9	-0.45207956499598767	TRUE	650	30	9.296175922164235
ENSG00000175634	chr11:65708904-65709205	636	90035	TRUE	2.382287967724114e-9	-0.5061587251515403	TRUE	650	30	6.5861849849474465
ENSG00000239306	chr11:65708904-65709205	589	82675	TRUE	7.643750043078645e-9	-0.5797078765540458	TRUE	650	30	3.9567486483952625
ENSG00000087365	chr11:65708904-65709205	641	91355	TRUE	9.910496045021985e-9	-0.48576795023182306	TRUE	650	30	8.829453003739701
ENSG00000172725	chr11:65708904-65709205	496	70019	TRUE	1.9301917379742697e-8	-0.5538437863969963	TRUE	650	30	2.3943977415960918
ENSG00000172757	chr11:65708904-65709205	650	92617	TRUE	2.810240940358819e-7	-0.512105089442473	TRUE	650	30	47.93282081731721
ENSG00000172663	chr11:65708904-65709205	487	66108	TRUE	6.889755551025839e-6	-0.38817271861175784	TRUE	650	30	1.8816942196110296
ENSG00000172922	chr11:65708904-65709205	257	33278	TRUE	6.219239612981426e-5	-0.5024662512168476	TRUE	650	30	0.5004427221684011
ENSG00000175602	chr11:65708904-65709205	398	55156	TRUE	6.62828374774849e-5	-0.5647911769008158	TRUE	650	30	1.5986541246080608
ENSG00000176973	chr11:65708904-65709205	436	56251	TRUE	7.024298973291355e-5	-0.49538877262368997	TRUE	650	30	1.183401564632228
ENSG00000110711	chr11:65708904-65709205	575	80015	TRUE	1.129190036244232e-4	-0.4034447062579496	TRUE	650	30	2.931508276300301
ENSG00000174744	chr11:65708904-65709205	560	75214	TRUE	3.107749799230262e-4	-0.5013058193699647	TRUE	650	30	2.6230819713116036
ENSG00000175482	chr11:65708904-65709205	612	86282	TRUE	0.0019892925726487792	-0.2585376082786528	TRUE	650	30	4.8291613279581656
ENSG00000175334	chr11:65708904-65709205	650	92617	TRUE	4.639452700090341e-24	-0.6789099734557871	TRUE	650	31	30.385824557017408
ENSG00000174547	chr11:65708904-65709205	646	91731	TRUE	9.441430625951021e-23	-0.7743492195188777	TRUE	650	31	13.077158661208163
ENSG00000174903	chr11:65708904-65709205	639	89804	TRUE	1.4970904269885724e-18	-0.6946062297957405	TRUE	650	31	6.175057553881892
ENSG00000172531	chr11:65708904-65709205	648	92345	TRUE	1.874149979460479e-17	-0.6628027200873641	TRUE	650	31	19.914945258706002
ENSG00000172500	chr11:65708904-65709205	637	88213	TRUE	3.0154981904898516e-17	-0.675890325304934	TRUE	650	31	5.479389980936904
ENSG00000087365	chr11:65708904-65709205	641	91355	TRUE	1.5713416058526645e-15	-0.6272791854342055	TRUE	650	31	8.829453003739701
ENSG00000142186	chr11:65708904-65709205	571	79826	TRUE	4.40619665281797e-11	-0.6039800275277585	TRUE	650	31	2.797785347458775
ENSG00000172725	chr11:65708904-65709205	496	70019	TRUE	7.111309985085844e-11	-0.6715709464109099	TRUE	650	31	2.3943977415960918
ENSG00000175634	chr11:65708904-65709205	636	90035	TRUE	1.331783371563253e-10	-0.5641777885093977	TRUE	650	31	6.5861849849474465
ENSG00000239306	chr11:65708904-65709205	589	82675	TRUE	1.4131432120647602e-10	-0.6207645195286076	TRUE	650	31	3.9567486483952625
ENSG00000173465	chr11:65708904-65709205	618	85945	TRUE	1.8755495776384213e-10	-0.6508499235553509	TRUE	650	31	5.40783566153109
ENSG00000174851	chr11:65708904-65709205	644	91666	TRUE	3.473365212515267e-10	-0.536148985762678	TRUE	650	31	11.07171057428878
ENSG00000172663	chr11:65708904-65709205	487	66108	TRUE	9.195507275769956e-10	-0.5108640481730788	TRUE	650	31	1.8816942196110296
ENSG00000167797	chr11:65708904-65709205	609	87180	TRUE	1.6121861353644027e-9	-0.5076677784553032	TRUE	650	31	5.157213246247278
ENSG00000175550	chr11:65708904-65709205	643	91646	TRUE	3.454660408212611e-9	-0.4577600626004892	TRUE	650	31	9.296175922164235
ENSG00000175482	chr11:65708904-65709205	612	86282	TRUE	9.898494190960553e-8	-0.41283251323169234	TRUE	650	31	4.8291613279581656
ENSG00000175602	chr11:65708904-65709205	398	55156	TRUE	1.6518791061750915e-7	-0.7044822598885148	TRUE	650	31	1.5986541246080608
ENSG00000176973	chr11:65708904-65709205	436	56251	TRUE	5.235740935434507e-7	-0.59990548049168535	TRUE	650	31	1.183401564632228
ENSG00000174744	chr11:65708904-65709205	560	75214	TRUE	7.008858586426664e-7	-0.6005370947678583	TRUE	650	31	2.6230819713116036
ENSG00000110711	chr11:65708904-65709205	575	80015	TRUE	3.1368900110472202e-6	-0.458455575632994	TRUE	650	31	2.931508276300301
ENSG00000172757	chr11:65708904-65709205	650	92617	TRUE	7.67078425421364e-6	-0.4745726750679884	TRUE	650	31	47.93282081731721
ENSG00000172922	chr11:65708904-65709205	257	33278	TRUE	1.281222637529271e-5	-0.5681904334396841	TRUE	650	31	0.5004427221684011
ENSG00000174903	chr11:65708904-65709205	639	89804	TRUE	4.7284466890488826e-18	-0.6851493457021767	TRUE	650	32	6.175057553881892
ENSG00000167797	chr11:65708904-65709205	609	87180	TRUE	1.1812499877876868e-12	-0.6008152441598471	TRUE	650	32	5.157213246247278
ENSG00000087365	chr11:65708904-65709205	641	91355	TRUE	2.0439918090323315e-12	-0.5593304680817415	TRUE	650	32	8.829453003739701
ENSG00000175634	chr11:65708904-65709205	636	90035	TRUE	6.071667376835283e-12	-0.5492274470434264	TRUE	650	32	6.5861849849474465
ENSG00000174547	chr11:65708904-65709205	646	91731	TRUE	1.678276563041427e-10	-0.5800405554037145	TRUE	650	32	13.077158661208163
ENSG00000172531	chr11:65708904-65709205	648	92345	TRUE	2.2805802749547603e-10	-0.5565468572248986	TRUE	650	32	19.914945258706002
ENSG00000172500	chr11:65708904-65709205	637	88213	TRUE	9.614108334089479e-10	-0.5510903288139346	TRUE	650	32	5.479389980936904
ENSG00000176973	chr11:65708904-65709205	436	56251	TRUE	1.822711345878913e-8	-0.6418015655305138	TRUE	650	32	1.183401564632228
ENSG00000175602	chr11:65708904-65709205	398	55156	TRUE	2.3336956374514842e-7	-0.6805996295514318	TRUE	650	32	1.5986541246080608
ENSG00000142186	chr11:65708904-65709205	571	79826	TRUE	2.5012525570834673e-7	-0.505031830332672	TRUE	650	32	2.797785347458775
ENSG00000110711	chr11:65708904-65709205	575	80015	TRUE	2.7789919100605337e-7	-0.5057929704921804	TRUE	650	32	2.931508276300301
ENSG00000172725	chr11:65708904-65709205	496	70019	TRUE	4.555222744476563e-7	-0.5512767126931979	TRUE	650	32	2.3943977415960918
ENSG00000175334	chr11:65708904-65709205	650	92617	TRUE	5.091529366603974e-7	-0.4156459473967056	TRUE	650	32	30.385824557017408
ENSG00000175482	chr11:65708904-65709205	612	86282	TRUE	7.840333135499715e-6	-0.3505482349773499	TRUE	650	32	4.8291613279581656
ENSG00000173465	chr11:65708904-65709205	618	85945	TRUE	1.4932509217798623e-5	-0.5064600142201758	TRUE	650	32	5.40783566153109
ENSG00000239306	chr11:65708904-65709205	589	82675	TRUE	1.9907254402192886e-5	-0.4765617131857567	TRUE	650	32	3.9567486483952625
ENSG00000172757	chr11:65708904-65709205	650	92617	TRUE	1.781292921261765e-4	-0.464337082000819	TRUE	650	32	47.93282081731721
ENSG00000174851	chr11:65708904-65709205	644	91666	TRUE	8.785557349391747e-4	-0.3716195577283563	TRUE	650	32	11.07171057428878
ENSG00000174744	chr11:65708904-65709205	560	75214	TRUE	0.0012478214912413702	-0.4938664914409667	TRUE	650	32	2.6230819713116036
ENSG00000172922	chr11:65708904-65709205	257	33278	TRUE	0.008049381610692186	-0.3740178857506944	TRUE	650	32	0.5004427221684011
ENSG00000172663	chr11:65708904-65709205	487	66108	TRUE	0.008602661387492147	-0.2357230394826315	TRUE	650	32	1.8816942196110296
ENSG00000175550	chr11:65708904-65709205	643	91646	TRUE	0.032	-0.26485289090845976	TRUE	650	32	9.296175922164235
ENSG00000087365	chr11:65708904-65709205	641	91355	TRUE	3.224479398779505e-17	-0.6160218151459818	TRUE	650	33	8.829453003739701
ENSG00000172500	chr11:65708904-65709205	637	88213	TRUE	4.316299871774987e-15	-0.6811609848582694	TRUE	650	33	5.479389980936904
ENSG00000174851	chr11:65708904-65709205	644	91666	TRUE	1.0525097280870439e-13	-0.5821662883515772	TRUE	650	33	11.07171057428878
ENSG00000174547	chr11:65708904-65709205	646	91731	TRUE	1.5284390382816382e-13	-0.6394386629375113	TRUE	650	33	13.077158661208163
ENSG00000142186	chr11:65708904-65709205	571	79826	TRUE	9.326112143554468e-12	-0.6544094543708987	TRUE	650	33	2.797785347458775
ENSG00000175602	chr11:65708904-65709205	398	55156	TRUE	8.019292568286118e-11	-0.820689401452981	TRUE	650	33	1.5986541246080608
ENSG00000110711	chr11:65708904-65709205	575	80015	TRUE	8.421664731769782e-11	-0.573141017037837	TRUE	650	33	2.931508276300301
ENSG00000175334	chr11:65708904-65709205	650	92617	TRUE	2.6155923933955625e-10	-0.46058105739069877	TRUE	650	33	30.385824557017408
ENSG00000167797	chr11:65708904-65709205	609	87180	TRUE	2.6972827049457957e-10	-0.5151087929795706	TRUE	650	33	5.157213246247278
ENSG00000172725	chr11:65708904-65709205	496	70019	TRUE	1.3852402704859221e-9	-0.6195516380410755	TRUE	650	33	2.3943977415960918
ENSG00000175634	chr11:65708904-65709205	636	90035	TRUE	4.6621274167271635e-9	-0.49309469044791543	TRUE	650	33	6.5861849849474465
ENSG00000175482	chr11:65708904-65709205	612	86282	TRUE	1.0422971524892276e-8	-0.4162770712728472	TRUE	650	33	4.8291613279581656
ENSG00000173465	chr11:65708904-65709205	618	85945	TRUE	5.4196547086881774e-8	-0.5947157629050877	TRUE	650	33	5.40783566153109
ENSG00000174903	chr11:65708904-65709205	639	89804	TRUE	5.944826153991733e-8	-0.4909341297043204	TRUE	650	33	6.175057553881892
ENSG00000172757	chr11:65708904-65709205	650	92617	TRUE	7.419364641956432e-8	-0.5260316296447725	TRUE	650	33	47.93282081731721
ENSG00000239306	chr11:65708904-65709205	589	82675	TRUE	8.844225239332e-8	-0.5272131806748286	TRUE	650	33	3.9567486483952625
ENSG00000172531	chr11:65708904-65709205	648	92345	TRUE	1.0842543487957535e-7	-0.5101474028957926	TRUE	650	33	19.914945258706002
ENSG00000176973	chr11:65708904-65709205	436	56251	TRUE	8.369201754944661e-7	-0.5845028960323253	TRUE	650	33	1.183401564632228
ENSG00000175550	chr11:65708904-65709205	643	91646	TRUE	2.406851867037133e-6	-0.38560297045038006	TRUE	650	33	9.296175922164235
ENSG00000174744	chr11:65708904-65709205	560	75214	TRUE	1.287390768052528e-4	-0.5325411986070374	TRUE	650	33	2.6230819713116036
ENSG00000172663	chr11:65708904-65709205	487	66108	TRUE	4.731352994822302e-4	-0.29869695665873053	TRUE	650	33	1.8816942196110296
ENSG00000172922	chr11:65708904-65709205	257	33278	TRUE	0.0014132541514614988	-0.42846566977307066	TRUE	650	33	0.5004427221684011
ENSG00000172757	chr11:65708904-65709205	650	92617	TRUE	6.594984371159774e-16	-0.7235032101554006	TRUE	650	34	47.93282081731721
ENSG00000087365	chr11:65708904-65709205	641	91355	TRUE	2.222687537896708e-12	-0.5820826326378064	TRUE	650	34	8.829453003739701
ENSG00000175634	chr11:65708904-65709205	636	90035	TRUE	1.6713897869492976e-11	-0.5406894355870282	TRUE	650	34	6.5861849849474465
ENSG00000174744	chr11:65708904-65709205	560	75214	TRUE	1.726934341456873e-11	-0.7494997338928573	TRUE	650	34	2.6230819713116036
ENSG00000174547	chr11:65708904-65709205	646	91731	TRUE	7.038253165207057e-11	-0.5791097843773079	TRUE	650	34	13.077158661208163
ENSG00000173465	chr11:65708904-65709205	618	85945	TRUE	2.317659413598315e-9	-0.6578760496547291	TRUE	650	34	5.40783566153109
ENSG00000174851	chr11:65708904-65709205	644	91666	TRUE	3.5858013359712867e-9	-0.5213925242737609	TRUE	650	34	11.07171057428878
ENSG00000172725	chr11:65708904-65709205	496	70019	TRUE	5.552455795831081e-9	-0.6048369574437259	TRUE	650	34	2.3943977415960918
ENSG00000175482	chr11:65708904-65709205	612	86282	TRUE	5.787747333854703e-8	-0.433624314836744	TRUE	650	34	4.8291613279581656
ENSG00000167797	chr11:65708904-65709205	609	87180	TRUE	8.443179457154175e-8	-0.4732558254075707	TRUE	650	34	5.157213246247278
ENSG00000175602	chr11:65708904-65709205	398	55156	TRUE	1.516929692429341e-7	-0.7176777333501356	TRUE	650	34	1.5986541246080608
ENSG00000176973	chr11:65708904-65709205	436	56251	TRUE	2.8040599855080927e-7	-0.6050764359948437	TRUE	650	34	1.183401564632228
ENSG00000175550	chr11:65708904-65709205	643	91646	TRUE	2.9808661738924314e-7	-0.43635116954146147	TRUE	650	34	9.296175922164235
ENSG00000172531	chr11:65708904-65709205	648	92345	TRUE	3.537656502399132e-7	-0.5035780021284357	TRUE	650	34	19.914945258706002
ENSG00000110711	chr11:65708904-65709205	575	80015	TRUE	1.2966705832608604e-6	-0.4853150356989362	TRUE	650	34	2.931508276300301
ENSG00000142186	chr11:65708904-65709205	571	79826	TRUE	1.4746163110574795e-6	-0.4927447862333265	TRUE	650	34	2.797785347458775
ENSG00000172922	chr11:65708904-65709205	257	33278	TRUE	2.6933335939773213e-6	-0.6116296947045814	TRUE	650	34	0.5004427221684011
ENSG00000172663	chr11:65708904-65709205	487	66108	TRUE	7.23955240874985e-6	-0.3822295792457273	TRUE	650	34	1.8816942196110296
ENSG00000239306	chr11:65708904-65709205	589	82675	TRUE	2.135396122262916e-5	-0.47230178378880616	TRUE	650	34	3.9567486483952625
ENSG00000175334	chr11:65708904-65709205	650	92617	TRUE	3.906558877176845e-5	-0.38273198889738236	TRUE	650	34	30.385824557017408
ENSG00000172500	chr11:65708904-65709205	637	88213	TRUE	3.76489084456433e-4	-0.3923479069400799	TRUE	650	34	5.479389980936904
ENSG00000174903	chr11:65708904-65709205	639	89804	TRUE	0.003124905025206799	-0.3631165217638528	TRUE	650	34	6.175057553881892
ENSG00000239306	chr11:65708904-65709205	589	82675	TRUE	1.585582399748429e-11	-0.6278539443149269	TRUE	650	35	3.9567486483952625
ENSG00000142186	chr11:65708904-65709205	571	79826	TRUE	4.4154746634480394e-10	-0.6028791537308165	TRUE	650	35	2.797785347458775
ENSG00000172757	chr11:65708904-65709205	650	92617	TRUE	5.69434946873908e-10	-0.6068343233053	TRUE	650	35	47.93282081731721
ENSG00000173465	chr11:65708904-65709205	618	85945	TRUE	2.5562493094447366e-9	-0.6415346689749057	TRUE	650	35	5.40783566153109
ENSG00000174903	chr11:65708904-65709205	639	89804	TRUE	7.368424580067584e-8	-0.4900190043701862	TRUE	650	35	6.175057553881892
ENSG00000172500	chr11:65708904-65709205	637	88213	TRUE	1.0934873700784762e-6	-0.4748665691799929	TRUE	650	35	5.479389980936904
ENSG00000175334	chr11:65708904-65709205	650	92617	TRUE	1.238932627847011e-6	-0.40807134064895667	TRUE	650	35	30.385824557017408
ENSG00000174744	chr11:65708904-65709205	560	75214	TRUE	1.8138625691003249e-6	-0.5914348876606059	TRUE	650	35	2.6230819713116036
ENSG00000175634	chr11:65708904-65709205	636	90035	TRUE	2.1537226283012097e-6	-0.449962219653373	TRUE	650	35	6.5861849849474465
ENSG00000174547	chr11:65708904-65709205	646	91731	TRUE	1.2945457524813654e-5	-0.46188005215857597	TRUE	650	35	13.077158661208163
ENSG00000172663	chr11:65708904-65709205	487	66108	TRUE	1.532160708811155e-5	-0.3748349190746052	TRUE	650	35	1.8816942196110296
ENSG00000174851	chr11:65708904-65709205	644	91666	TRUE	4.769203444066755e-5	-0.4094487772269182	TRUE	650	35	11.07171057428878
ENSG00000172531	chr11:65708904-65709205	648	92345	TRUE	5.7526082930903916e-5	-0.4511105822342998	TRUE	650	35	19.914945258706002
ENSG00000110711	chr11:65708904-65709205	575	80015	TRUE	7.511656921060494e-5	-0.42278530606226794	TRUE	650	35	2.931508276300301
ENSG00000175550	chr11:65708904-65709205	643	91646	TRUE	1.4390053835397357e-4	-0.34514304796994155	TRUE	650	35	9.296175922164235
ENSG00000172725	chr11:65708904-65709205	496	70019	TRUE	1.8457828013577517e-4	-0.4450028491032686	TRUE	650	35	2.3943977415960918
ENSG00000087365	chr11:65708904-65709205	641	91355	TRUE	0.0010090119501732584	-0.37310113056091865	TRUE	650	35	8.829453003739701
ENSG00000167797	chr11:65708904-65709205	609	87180	TRUE	0.009539368357190312	-0.30457014629977186	TRUE	650	35	5.157213246247278
ENSG00000172922	chr11:65708904-65709205	257	33278	TRUE	0.024	-0.3112821304027318	TRUE	650	35	0.5004427221684011
ENSG00000175602	chr11:65708904-65709205	398	55156	TRUE	0.028	-0.45390707078135833	TRUE	650	35	1.5986541246080608
ENSG00000176973	chr11:65708904-65709205	436	56251	TRUE	0.048	-0.37125885691006283	TRUE	650	35	1.183401564632228
ENSG00000175482	chr11:65708904-65709205	612	86282	TRUE	0.268	-0.14702929306166235	FALSE	650	35	4.8291613279581656
ENSG00000087365	chr11:65708904-65709205	641	91355	TRUE	8.289053875277773e-19	-0.6550927540364531	TRUE	650	36	8.829453003739701
ENSG00000172531	chr11:65708904-65709205	648	92345	TRUE	3.5851692508160837e-17	-0.6569274473685653	TRUE	650	36	19.914945258706002
ENSG00000172757	chr11:65708904-65709205	650	92617	TRUE	1.2834743164759386e-16	-0.6814009221273603	TRUE	650	36	47.93282081731721
ENSG00000175334	chr11:65708904-65709205	650	92617	TRUE	6.464626530097007e-14	-0.5130889677365813	TRUE	650	36	30.385824557017408
ENSG00000175550	chr11:65708904-65709205	643	91646	TRUE	6.28236458228557e-13	-0.5346645951354896	TRUE	650	36	9.296175922164235
ENSG00000173465	chr11:65708904-65709205	618	85945	TRUE	1.489872524299426e-12	-0.704399391832085	TRUE	650	36	5.40783566153109
ENSG00000172500	chr11:65708904-65709205	637	88213	TRUE	8.735816684632088e-12	-0.5726960495870932	TRUE	650	36	5.479389980936904
ENSG00000175634	chr11:65708904-65709205	636	90035	TRUE	1.9294760552304886e-10	-0.5344304451153459	TRUE	650	36	6.5861849849474465
ENSG00000174903	chr11:65708904-65709205	639	89804	TRUE	2.8606288080757204e-10	-0.5540869680139946	TRUE	650	36	6.175057553881892
ENSG00000174851	chr11:65708904-65709205	644	91666	TRUE	7.756165009193136e-9	-0.5151142403889608	TRUE	650	36	11.07171057428878
ENSG00000167797	chr11:65708904-65709205	609	87180	TRUE	1.0661517221448097e-8	-0.49289990499295944	TRUE	650	36	5.157213246247278
ENSG00000110711	chr11:65708904-65709205	575	80015	TRUE	1.779956683837921e-8	-0.5265657639652546	TRUE	650	36	2.931508276300301
ENSG00000142186	chr11:65708904-65709205	571	79826	TRUE	1.1195582492009356e-7	-0.511214818543108	TRUE	650	36	2.797785347458775
ENSG00000175602	chr11:65708904-65709205	398	55156	TRUE	2.3295042498553287e-7	-0.6784479586963829	TRUE	650	36	1.5986541246080608
ENSG00000172663	chr11:65708904-65709205	487	66108	TRUE	3.4380840237342356e-7	-0.42130495855845396	TRUE	650	36	1.8816942196110296
ENSG00000239306	chr11:65708904-65709205	589	82675	TRUE	6.879864205737787e-7	-0.5147476313577379	TRUE	650	36	3.9567486483952625
ENSG00000174547	chr11:65708904-65709205	646	91731	TRUE	7.625333885445586e-7	-0.4854480186773915	TRUE	650	36	13.077158661208163
ENSG00000174744	chr11:65708904-65709205	560	75214	TRUE	4.7744513653648e-5	-0.5303651875747677	TRUE	650	36	2.6230819713116036
ENSG00000172725	chr11:65708904-65709205	496	70019	TRUE	3.344978341475943e-4	-0.4485812594725185	TRUE	650	36	2.3943977415960918
ENSG00000176973	chr11:65708904-65709205	436	56251	TRUE	7.574265534735654e-4	-0.464515107964696	TRUE	650	36	1.183401564632228
ENSG00000175482	chr11:65708904-65709205	612	86282	TRUE	0.036	-0.23249639617302886	TRUE	650	36	4.8291613279581656
ENSG00000172922	chr11:65708904-65709205	257	33278	TRUE	0.1	-0.29601537374942133	FALSE	650	36	0.5004427221684011
ENSG00000172757	chr11:65708904-65709205	650	92617	TRUE	1.3912780468706988e-20	-0.7796479209480136	TRUE	650	37	47.93282081731721
ENSG00000172531	chr11:65708904-65709205	648	92345	TRUE	5.483192872506489e-20	-0.7360749065647645	TRUE	650	37	19.914945258706002
ENSG00000175634	chr11:65708904-65709205	636	90035	TRUE	7.640099490004189e-16	-0.6379866369419429	TRUE	650	37	6.5861849849474465
ENSG00000087365	chr11:65708904-65709205	641	91355	TRUE	1.985084825151136e-11	-0.5637171012196127	TRUE	650	37	8.829453003739701
ENSG00000173465	chr11:65708904-65709205	618	85945	TRUE	5.2932682589281377e-11	-0.649098725637453	TRUE	650	37	5.40783566153109
ENSG00000174851	chr11:65708904-65709205	644	91666	TRUE	2.6991702006012755e-10	-0.5282249725745847	TRUE	650	37	11.07171057428878
ENSG00000175334	chr11:65708904-65709205	650	92617	TRUE	3.511424888795047e-10	-0.46697235022202666	TRUE	650	37	30.385824557017408
ENSG00000174903	chr11:65708904-65709205	639	89804	TRUE	1.2932514657157288e-8	-0.513073106973569	TRUE	650	37	6.175057553881892
ENSG00000142186	chr11:65708904-65709205	571	79826	TRUE	6.686987179174014e-8	-0.532018279817607	TRUE	650	37	2.797785347458775
ENSG00000174547	chr11:65708904-65709205	646	91731	TRUE	4.567714313943199e-7	-0.49682856041694956	TRUE	650	37	13.077158661208163
ENSG00000167797	chr11:65708904-65709205	609	87180	TRUE	6.885571775803231e-7	-0.46491813099596646	TRUE	650	37	5.157213246247278
ENSG00000172725	chr11:65708904-65709205	496	70019	TRUE	1.9447379235289024e-6	-0.5448789414950472	TRUE	650	37	2.3943977415960918
ENSG00000110711	chr11:65708904-65709205	575	80015	TRUE	6.298053673127859e-6	-0.44238871079091835	TRUE	650	37	2.931508276300301
ENSG00000175550	chr11:65708904-65709205	643	91646	TRUE	7.023712946552588e-6	-0.39647185840653787	TRUE	650	37	9.296175922164235
ENSG00000176973	chr11:65708904-65709205	436	56251	TRUE	1.4497088985582988e-5	-0.5516842708341965	TRUE	650	37	1.183401564632228
ENSG00000175482	chr11:65708904-65709205	612	86282	TRUE	3.540520714414956e-4	-0.2903151694056034	TRUE	650	37	4.8291613279581656
ENSG00000172500	chr11:65708904-65709205	637	88213	TRUE	4e-4	-0.5036289751076648	TRUE	650	37	5.479389980936904
ENSG00000174744	chr11:65708904-65709205	560	75214	TRUE	4e-4	-0.6062552752259447	TRUE	650	37	2.6230819713116036
ENSG00000239306	chr11:65708904-65709205	589	82675	TRUE	4.855195284134209e-4	-0.40986773702998924	TRUE	650	37	3.9567486483952625
ENSG00000172663	chr11:65708904-65709205	487	66108	TRUE	0.001366677721625957	-0.308525574026839	TRUE	650	37	1.8816942196110296
ENSG00000175602	chr11:65708904-65709205	398	55156	TRUE	0.024706307509569245	-0.4502314126379599	TRUE	650	37	1.5986541246080608
ENSG00000172922	chr11:65708904-65709205	257	33278	TRUE	0.2	-0.25607662837927747	FALSE	650	37	0.5004427221684011
ENSG00000175550	chr11:65708904-65709205	643	91646	TRUE	1.9155704767162265e-17	-0.6172382766076856	TRUE	650	38	9.296175922164235
ENSG00000172500	chr11:65708904-65709205	637	88213	TRUE	4.589413453853294e-16	-0.650396255562725	TRUE	650	38	5.479389980936904
ENSG00000174903	chr11:65708904-65709205	639	89804	TRUE	1.1728391224425813e-15	-0.6418188154363049	TRUE	650	38	6.175057553881892
ENSG00000172531	chr11:65708904-65709205	648	92345	TRUE	1.3081978913347564e-15	-0.629303199660213	TRUE	650	38	19.914945258706002
ENSG00000239306	chr11:65708904-65709205	589	82675	TRUE	1.708941136403701e-15	-0.6974143752913144	TRUE	650	38	3.9567486483952625
ENSG00000172725	chr11:65708904-65709205	496	70019	TRUE	1.3226771944615437e-14	-0.7711066199618242	TRUE	650	38	2.3943977415960918
ENSG00000167797	chr11:65708904-65709205	609	87180	TRUE	8.310685266034516e-14	-0.5868760532019732	TRUE	650	38	5.157213246247278
ENSG00000087365	chr11:65708904-65709205	641	91355	TRUE	7.733144151375746e-13	-0.5837950305134925	TRUE	650	38	8.829453003739701
ENSG00000172757	chr11:65708904-65709205	650	92617	TRUE	5.336081233722322e-12	-0.6012791767025059	TRUE	650	38	47.93282081731721
ENSG00000174851	chr11:65708904-65709205	644	91666	TRUE	1.0277877317905903e-11	-0.5620719614272502	TRUE	650	38	11.07171057428878
ENSG00000175334	chr11:65708904-65709205	650	92617	TRUE	2.750522748891881e-11	-0.5064905470304994	TRUE	650	38	30.385824557017408
ENSG00000142186	chr11:65708904-65709205	571	79826	TRUE	4.969487425253847e-11	-0.6183683597008717	TRUE	650	38	2.797785347458775
ENSG00000174547	chr11:65708904-65709205	646	91731	TRUE	2.1536803409251079e-10	-0.583769656131707	TRUE	650	38	13.077158661208163
ENSG00000174744	chr11:65708904-65709205	560	75214	TRUE	2.7614380845058117e-10	-0.6839395152497333	TRUE	650	38	2.6230819713116036
ENSG00000110711	chr11:65708904-65709205	575	80015	TRUE	1.418883108209829e-9	-0.5456214499526435	TRUE	650	38	2.931508276300301
ENSG00000175482	chr11:65708904-65709205	612	86282	TRUE	3.195641133522031e-9	-0.47074696234539903	TRUE	650	38	4.8291613279581656
ENSG00000175634	chr11:65708904-65709205	636	90035	TRUE	1.1539700470556693e-8	-0.5000474510896824	TRUE	650	38	6.5861849849474465
ENSG00000173465	chr11:65708904-65709205	618	85945	TRUE	3.497332097664402e-7	-0.5531845403858209	TRUE	650	38	5.40783566153109
ENSG00000172663	chr11:65708904-65709205	487	66108	TRUE	8.084840127027624e-6	-0.36894635971214584	TRUE	650	38	1.8816942196110296
ENSG00000176973	chr11:65708904-65709205	436	56251	TRUE	1.1011810939477035e-5	-0.5392578801343789	TRUE	650	38	1.183401564632228
ENSG00000175602	chr11:65708904-65709205	398	55156	TRUE	7.501018648780906e-5	-0.5787689544572688	TRUE	650	38	1.5986541246080608
ENSG00000172922	chr11:65708904-65709205	257	33278	TRUE	9.410153359381973e-4	-0.43960622737827126	TRUE	650	38	0.5004427221684011
ENSG00000175550	chr11:65708904-65709205	643	91646	TRUE	1.68446956542722e-17	-0.602591500643284	TRUE	650	39	9.296175922164235
ENSG00000172531	chr11:65708904-65709205	648	92345	TRUE	3.9319858896845074e-14	-0.6291477452081593	TRUE	650	39	19.914945258706002
ENSG00000172757	chr11:65708904-65709205	650	92617	TRUE	6.767048537194634e-14	-0.6676135179289835	TRUE	650	39	47.93282081731721
ENSG00000087365	chr11:65708904-65709205	641	91355	TRUE	9.94543474919965e-13	-0.5742316760950814	TRUE	650	39	8.829453003739701
ENSG00000175334	chr11:65708904-65709205	650	92617	TRUE	3.044237679063849e-12	-0.5031087886470447	TRUE	650	39	30.385824557017408
ENSG00000174547	chr11:65708904-65709205	646	91731	TRUE	3.3844214870820257e-12	-0.5952503593492393	TRUE	650	39	13.077158661208163
ENSG00000174903	chr11:65708904-65709205	639	89804	TRUE	4.399560473148975e-12	-0.5938411611632821	TRUE	650	39	6.175057553881892
ENSG00000172663	chr11:65708904-65709205	487	66108	TRUE	5.5454039600155425e-11	-0.5436539832907484	TRUE	650	39	1.8816942196110296
ENSG00000175634	chr11:65708904-65709205	636	90035	TRUE	4.4361651652678976e-10	-0.5348766164629222	TRUE	650	39	6.5861849849474465
ENSG00000167797	chr11:65708904-65709205	609	87180	TRUE	2.0447238730485754e-9	-0.5128151596810617	TRUE	650	39	5.157213246247278
ENSG00000175602	chr11:65708904-65709205	398	55156	TRUE	1.8739587404975827e-8	-0.7466888200092041	TRUE	650	39	1.5986541246080608
ENSG00000110711	chr11:65708904-65709205	575	80015	TRUE	2.3988437695826118e-8	-0.5235798469817157	TRUE	650	39	2.931508276300301
ENSG00000142186	chr11:65708904-65709205	571	79826	TRUE	1.6390680505928325e-7	-0.5019502448800359	TRUE	650	39	2.797785347458775
ENSG00000173465	chr11:65708904-65709205	618	85945	TRUE	9.995659689261932e-7	-0.5461058186804659	TRUE	650	39	5.40783566153109
ENSG00000172500	chr11:65708904-65709205	637	88213	TRUE	1.1491887999483166e-6	-0.4667529728726323	TRUE	650	39	5.479389980936904
ENSG00000176973	chr11:65708904-65709205	436	56251	TRUE	1.3593336523023657e-6	-0.5896188412546458	TRUE	650	39	1.183401564632228
ENSG00000175482	chr11:65708904-65709205	612	86282	TRUE	5.5751586840043724e-6	-0.3799523818902799	TRUE	650	39	4.8291613279581656
ENSG00000172725	chr11:65708904-65709205	496	70019	TRUE	8.61226453304463e-6	-0.49963392559710085	TRUE	650	39	2.3943977415960918
ENSG00000239306	chr11:65708904-65709205	589	82675	TRUE	1.738207787523308e-5	-0.4801212882481056	TRUE	650	39	3.9567486483952625
ENSG00000174744	chr11:65708904-65709205	560	75214	TRUE	5.836018557443638e-5	-0.5347204966662846	TRUE	650	39	2.6230819713116036
ENSG00000174851	chr11:65708904-65709205	644	91666	TRUE	4.911884734420217e-4	-0.3837221777756086	TRUE	650	39	11.07171057428878
ENSG00000172922	chr11:65708904-65709205	257	33278	TRUE	0.024	-0.3215504658565589	TRUE	650	39	0.5004427221684011
ENSG00000172757	chr11:65708904-65709205	650	92617	TRUE	1.309331637903621e-15	-0.7038197292425128	TRUE	650	40	47.93282081731721
ENSG00000172500	chr11:65708904-65709205	637	88213	TRUE	1.7376067527665783e-13	-0.6169031096206958	TRUE	650	40	5.479389980936904
ENSG00000173465	chr11:65708904-65709205	618	85945	TRUE	1.308259867412018e-12	-0.6875255732676888	TRUE	650	40	5.40783566153109
ENSG00000142186	chr11:65708904-65709205	571	79826	TRUE	1.0867584045785828e-11	-0.6172564559534325	TRUE	650	40	2.797785347458775
ENSG00000174547	chr11:65708904-65709205	646	91731	TRUE	5.284264672020126e-10	-0.548954230921618	TRUE	650	40	13.077158661208163
ENSG00000110711	chr11:65708904-65709205	575	80015	TRUE	1.7739686562685705e-9	-0.5506782200820624	TRUE	650	40	2.931508276300301
ENSG00000175550	chr11:65708904-65709205	643	91646	TRUE	2.3356190068335404e-9	-0.44019323583585557	TRUE	650	40	9.296175922164235
ENSG00000174851	chr11:65708904-65709205	644	91666	TRUE	2.6770282423209727e-9	-0.5140705108871968	TRUE	650	40	11.07171057428878
ENSG00000175334	chr11:65708904-65709205	650	92617	TRUE	2.9913950664861905e-9	-0.44969000133363224	TRUE	650	40	30.385824557017408
ENSG00000172531	chr11:65708904-65709205	648	92345	TRUE	5.651652679706206e-9	-0.5351253840407333	TRUE	650	40	19.914945258706002
ENSG00000175602	chr11:65708904-65709205	398	55156	TRUE	2.2881015048188214e-8	-0.722103181730931	TRUE	650	40	1.5986541246080608
ENSG00000167797	chr11:65708904-65709205	609	87180	TRUE	2.359921489686811e-8	-0.4754873727061535	TRUE	650	40	5.157213246247278
ENSG00000175482	chr11:65708904-65709205	612	86282	TRUE	4.9414238461036736e-8	-0.40768104758446233	TRUE	650	40	4.8291613279581656
ENSG00000174744	chr11:65708904-65709205	560	75214	TRUE	1.0539976203652963e-7	-0.6281934376707237	TRUE	650	40	2.6230819713116036
ENSG00000087365	chr11:65708904-65709205	641	91355	TRUE	6.554026233430039e-7	-0.4534745470249386	TRUE	650	40	8.829453003739701
ENSG00000176973	chr11:65708904-65709205	436	56251	TRUE	1.8660697833165074e-6	-0.5743251110282934	TRUE	650	40	1.183401564632228
ENSG00000239306	chr11:65708904-65709205	589	82675	TRUE	1.9257907004270215e-6	-0.5132881521833048	TRUE	650	40	3.9567486483952625
ENSG00000172922	chr11:65708904-65709205	257	33278	TRUE	4.929552883349596e-6	-0.60534343185715	TRUE	650	40	0.5004427221684011
ENSG00000174903	chr11:65708904-65709205	639	89804	TRUE	6.309075846618398e-6	-0.4374699050779185	TRUE	650	40	6.175057553881892
ENSG00000172663	chr11:65708904-65709205	487	66108	TRUE	7.834267875660855e-6	-0.36894635971214584	TRUE	650	40	1.8816942196110296
ENSG00000175634	chr11:65708904-65709205	636	90035	TRUE	1.7657355473009413e-4	-0.39587288273524734	TRUE	650	40	6.5861849849474465
ENSG00000172725	chr11:65708904-65709205	496	70019	TRUE	0.0038389854832921316	-0.3981199246317776	TRUE	650	40	2.3943977415960918
ENSG00000172757	chr11:65708904-65709205	650	92617	TRUE	7.6334044591166e-18	-0.748473887933339	TRUE	650	41	47.93282081731721
ENSG00000172500	chr11:65708904-65709205	637	88213	TRUE	1.8859377970161853e-14	-0.6321340491699965	TRUE	650	41	5.479389980936904
ENSG00000174744	chr11:65708904-65709205	560	75214	TRUE	8.494906905763407e-14	-0.8128824566213542	TRUE	650	41	2.6230819713116036
ENSG00000110711	chr11:65708904-65709205	575	80015	TRUE	2.743521953875775e-13	-0.6127837220242878	TRUE	650	41	2.931508276300301
ENSG00000174851	chr11:65708904-65709205	644	91666	TRUE	1.3498414485879618e-12	-0.5631510153600439	TRUE	650	41	11.07171057428878
ENSG00000173465	chr11:65708904-65709205	618	85945	TRUE	4.978287672564134e-12	-0.663757407334739	TRUE	650	41	5.40783566153109
ENSG00000175334	chr11:65708904-65709205	650	92617	TRUE	5.9153342700676186e-12	-0.5189585927722433	TRUE	650	41	30.385824557017408
ENSG00000175550	chr11:65708904-65709205	643	91646	TRUE	1.7130689442690262e-11	-0.5177026030567715	TRUE	650	41	9.296175922164235
ENSG00000087365	chr11:65708904-65709205	641	91355	TRUE	4.685767938271811e-11	-0.5435814632548968	TRUE	650	41	8.829453003739701
ENSG00000172531	chr11:65708904-65709205	648	92345	TRUE	6.042730197839179e-11	-0.5849090803017596	TRUE	650	41	19.914945258706002
ENSG00000142186	chr11:65708904-65709205	571	79826	TRUE	1.5640270867724294e-10	-0.6028791537308165	TRUE	650	41	2.797785347458775
ENSG00000175482	chr11:65708904-65709205	612	86282	TRUE	9.697726258435361e-10	-0.4978604255649781	TRUE	650	41	4.8291613279581656
ENSG00000167797	chr11:65708904-65709205	609	87180	TRUE	2.1997407536789742e-09	-0.5019699233361392	TRUE	650	41	5.157213246247278
ENSG00000239306	chr11:65708904-65709205	589	82675	TRUE	5.2682470161091776e-9	-0.5881335152886411	TRUE	650	41	3.9567486483952625
ENSG00000172663	chr11:65708904-65709205	487	66108	TRUE	3.0002458205260086e-7	-0.4152240431662755	TRUE	650	41	1.8816942196110296
ENSG00000175634	chr11:65708904-65709205	636	90035	TRUE	5.178670870595781e-7	-0.4626397620473357	TRUE	650	41	6.5861849849474465
ENSG00000174903	chr11:65708904-65709205	639	89804	TRUE	1.9979850404220885e-6	-0.4579025039627176	TRUE	650	41	6.175057553881892
ENSG00000172725	chr11:65708904-65709205	496	70019	TRUE	2.740804456065175e-6	-0.5347011564910154	TRUE	650	41	2.3943977415960918
ENSG00000174547	chr11:65708904-65709205	646	91731	TRUE	3.6824980525443796e-6	-0.4895958925759958	TRUE	650	41	13.077158661208163
ENSG00000175602	chr11:65708904-65709205	398	55156	TRUE	2.725757215343589e-5	-0.588836650867467	TRUE	650	41	1.5986541246080608
ENSG00000172922	chr11:65708904-65709205	257	33278	TRUE	9.438500527565799e-4	-0.42846566977307066	TRUE	650	41	0.5004427221684011
ENSG00000176973	chr11:65708904-65709205	436	56251	TRUE	0.0010814415624888826	-0.4551469254305008	TRUE	650	41	1.183401564632228
ENSG00000087365	chr11:65708904-65709205	641	91355	TRUE	4.9541657716510604e-15	-0.616722833158263	TRUE	650	42	8.829453003739701
ENSG00000174903	chr11:65708904-65709205	639	89804	TRUE	1.4570750679818504e-14	-0.627659759920173	TRUE	650	42	6.175057553881892
ENSG00000174851	chr11:65708904-65709205	644	91666	TRUE	1.5138161574735097e-13	-0.6178790703965875	TRUE	650	42	11.07171057428878
ENSG00000110711	chr11:65708904-65709205	575	80015	TRUE	1.5547818342527977e-12	-0.6202066456296058	TRUE	650	42	2.931508276300301
ENSG00000173465	chr11:65708904-65709205	618	85945	TRUE	6.500218461940861e-12	-0.6893240713699864	TRUE	650	42	5.40783566153109
ENSG00000175550	chr11:65708904-65709205	643	91646	TRUE	1.5650652405547352e-11	-0.5311931627595294	TRUE	650	42	9.296175922164235
ENSG00000174547	chr11:65708904-65709205	646	91731	TRUE	2.532217013589008e-11	-0.6020883481553998	TRUE	650	42	13.077158661208163
ENSG00000172757	chr11:65708904-65709205	650	92617	TRUE	3.7723979730549325e-11	-0.6306209805709866	TRUE	650	42	47.93282081731721
ENSG00000175634	chr11:65708904-65709205	636	90035	TRUE	5.004798924698873e-11	-0.5614479957538254	TRUE	650	42	6.5861849849474465
ENSG00000142186	chr11:65708904-65709205	571	79826	TRUE	8.713845433528946e-11	-0.6272945755909201	TRUE	650	42	2.797785347458775
ENSG00000172500	chr11:65708904-65709205	637	88213	TRUE	1.4776001212213864e-10	-0.5650971868078138	TRUE	650	42	5.479389980936904
ENSG00000172663	chr11:65708904-65709205	487	66108	TRUE	6.485247086627983e-10	-0.5255273651064253	TRUE	650	42	1.8816942196110296
ENSG00000172531	chr11:65708904-65709205	648	92345	TRUE	6.630517997743531e-9	-0.55388859966701	TRUE	650	42	19.914945258706002
ENSG00000174744	chr11:65708904-65709205	560	75214	TRUE	4.812429011903294e-8	-0.6481091544175746	TRUE	650	42	2.6230819713116036
ENSG00000172725	chr11:65708904-65709205	496	70019	TRUE	4.79631527764931e-7	-0.5385094166193201	TRUE	650	42	2.3943977415960918
ENSG00000175482	chr11:65708904-65709205	612	86282	TRUE	1.3464888415255782e-6	-0.3682298968657385	TRUE	650	42	4.8291613279581656
ENSG00000175334	chr11:65708904-65709205	650	92617	TRUE	1.2810304268561987e-5	-0.400099419540731	TRUE	650	42	30.385824557017408
ENSG00000167797	chr11:65708904-65709205	609	87180	TRUE	1.2031749747728332e-4	-0.3961924915928634	TRUE	650	42	5.157213246247278
ENSG00000239306	chr11:65708904-65709205	589	82675	TRUE	1.6952915811368693e-4	-0.4567887844174816	TRUE	650	42	3.9567486483952625
ENSG00000176973	chr11:65708904-65709205	436	56251	TRUE	0.0011179672848587764	-0.4365911064022571	TRUE	650	42	1.183401564632228
ENSG00000172922	chr11:65708904-65709205	257	33278	TRUE	0.0014040220096258917	-0.41191449350922293	TRUE	650	42	0.5004427221684011
ENSG00000175602	chr11:65708904-65709205	398	55156	TRUE	0.0021071788706905556	-0.4949697274032445	TRUE	650	42	1.5986541246080608
ENSG00000172531	chr11:65708904-65709205	648	92345	TRUE	1.627694990108877e-20	-0.7179422078536848	TRUE	650	43	19.914945258706002
ENSG00000175334	chr11:65708904-65709205	650	92617	TRUE	6.495194081720463e-14	-0.5286673378751745	TRUE	650	43	30.385824557017408
ENSG00000172757	chr11:65708904-65709205	650	92617	TRUE	1.1515807889385518e-13	-0.6233093602860897	TRUE	650	43	47.93282081731721
ENSG00000174851	chr11:65708904-65709205	644	91666	TRUE	6.077632035804928e-11	-0.560724277965504	TRUE	650	43	11.07171057428878
ENSG00000174903	chr11:65708904-65709205	639	89804	TRUE	1.0884934498553382e-10	-0.5402857226734041	TRUE	650	43	6.175057553881892
ENSG00000142186	chr11:65708904-65709205	571	79826	TRUE	5.138649789732943e-10	-0.5745473738592182	TRUE	650	43	2.797785347458775
ENSG00000173465	chr11:65708904-65709205	618	85945	TRUE	5.782628709270761e-10	-0.6282484946182183	TRUE	650	43	5.40783566153109
ENSG00000174744	chr11:65708904-65709205	560	75214	TRUE	2.4552950082027887e-9	-0.6851493224827997	TRUE	650	43	2.6230819713116036
ENSG00000239306	chr11:65708904-65709205	589	82675	TRUE	1.7239298550508373e-8	-0.5820009022673189	TRUE	650	43	3.9567486483952625
ENSG00000110711	chr11:65708904-65709205	575	80015	TRUE	3.444358297442242e-8	-0.5097267017388498	TRUE	650	43	2.931508276300301
ENSG00000174547	chr11:65708904-65709205	646	91731	TRUE	6.933089742865465e-8	-0.506086528278046	TRUE	650	43	13.077158661208163
ENSG00000172500	chr11:65708904-65709205	637	88213	TRUE	7.862561049370238e-8	-0.4948367572895984	TRUE	650	43	5.479389980936904
ENSG00000087365	chr11:65708904-65709205	641	91355	TRUE	2.117552377468141e-7	-0.46510544486321637	TRUE	650	43	8.829453003739701
ENSG00000167797	chr11:65708904-65709205	609	87180	TRUE	2.7526480732677563e-7	-0.44019032059286056	TRUE	650	43	5.157213246247278
ENSG00000175550	chr11:65708904-65709205	643	91646	TRUE	4.831506926759096e-7	-0.40887043311935445	TRUE	650	43	9.296175922164235
ENSG00000175634	chr11:65708904-65709205	636	90035	TRUE	5.027529183826321e-7	-0.46179111788116556	TRUE	650	43	6.5861849849474465
ENSG00000175602	chr11:65708904-65709205	398	55156	TRUE	1.3814124953860532e-6	-0.6870739637119815	TRUE	650	43	1.5986541246080608
ENSG00000175482	chr11:65708904-65709205	612	86282	TRUE	3.783659488202371e-6	-0.3599146286537347	TRUE	650	43	4.8291613279581656
ENSG00000172922	chr11:65708904-65709205	257	33278	TRUE	4.067262274072862e-6	-0.5928524876739534	TRUE	650	43	0.5004427221684011
ENSG00000172725	chr11:65708904-65709205	496	70019	TRUE	4.259494044829299e-6	-0.5070769087826628	TRUE	650	43	2.3943977415960918
ENSG00000176973	chr11:65708904-65709205	436	56251	TRUE	6.70434571118368e-5	-0.5147216587888719	TRUE	650	43	1.183401564632228
ENSG00000172663	chr11:65708904-65709205	487	66108	TRUE	4.914363899558676e-4	-0.29171728634028504	TRUE	650	43	1.8816942196110296
ENSG00000172757	chr11:65708904-65709205	650	92617	TRUE	1.1647357159175037e-16	-0.6933724537381245	TRUE	650	44	47.93282081731721
ENSG00000175634	chr11:65708904-65709205	636	90035	TRUE	2.342481233124977e-16	-0.6279562718046785	TRUE	650	44	6.5861849849474465
ENSG00000175334	chr11:65708904-65709205	650	92617	TRUE	1.5908210855725259e-12	-0.4977704971635992	TRUE	650	44	30.385824557017408
ENSG00000174903	chr11:65708904-65709205	639	89804	TRUE	6.473938293915558e-11	-0.546456166536526	TRUE	650	44	6.175057553881892
ENSG00000172531	chr11:65708904-65709205	648	92345	TRUE	1.9504614180682707e-9	-0.534688534668466	TRUE	650	44	19.914945258706002
ENSG00000174851	chr11:65708904-65709205	644	91666	TRUE	2.4238672968702676e-9	-0.5026390479080924	TRUE	650	44	11.07171057428878
ENSG00000173465	chr11:65708904-65709205	618	85945	TRUE	3.002959802765365e-9	-0.6105324683678626	TRUE	650	44	5.40783566153109
ENSG00000239306	chr11:65708904-65709205	589	82675	TRUE	2.1011473089682046e-8	-0.5412739258679256	TRUE	650	44	3.9567486483952625
ENSG00000175550	chr11:65708904-65709205	643	91646	TRUE	2.4607997195807594e-8	-0.4260577151253222	TRUE	650	44	9.296175922164235
ENSG00000174547	chr11:65708904-65709205	646	91731	TRUE	3.696913140484423e-8	-0.49990795334892146	TRUE	650	44	13.077158661208163
ENSG00000172922	chr11:65708904-65709205	257	33278	TRUE	2.1353067076326586e-7	-0.6760464232003518	TRUE	650	44	0.5004427221684011
ENSG00000172500	chr11:65708904-65709205	637	88213	TRUE	3.749357809776431e-7	-0.4677646805163991	TRUE	650	44	5.479389980936904
ENSG00000172725	chr11:65708904-65709205	496	70019	TRUE	4.870480586076955e-7	-0.5628646869684097	TRUE	650	44	2.3943977415960918
ENSG00000175482	chr11:65708904-65709205	612	86282	TRUE	6.183113053323964e-7	-0.3777121717493306	TRUE	650	44	4.8291613279581656
ENSG00000087365	chr11:65708904-65709205	641	91355	TRUE	7.307513586065186e-7	-0.44722639935976094	TRUE	650	44	8.829453003739701
ENSG00000142186	chr11:65708904-65709205	571	79826	TRUE	2.8806865007607787e-6	-0.46347609706540016	TRUE	650	44	2.797785347458775
ENSG00000174744	chr11:65708904-65709205	560	75214	TRUE	1.1336762571765528e-5	-0.5566964743768268	TRUE	650	44	2.6230819713116036
ENSG00000176973	chr11:65708904-65709205	436	56251	TRUE	3.35570310452905e-5	-0.5026082791367703	TRUE	650	44	1.183401564632228
ENSG00000110711	chr11:65708904-65709205	575	80015	TRUE	4.385110189372601e-5	-0.4200064383506752	TRUE	650	44	2.931508276300301
ENSG00000175602	chr11:65708904-65709205	398	55156	TRUE	6.410069031725432e-4	-0.5313985143579703	TRUE	650	44	1.5986541246080608
ENSG00000167797	chr11:65708904-65709205	609	87180	TRUE	0.0016493517749672556	-0.3265583037558111	TRUE	650	44	5.157213246247278
ENSG00000172663	chr11:65708904-65709205	487	66108	TRUE	0.024	-0.21709018770323185	TRUE	650	44	1.8816942196110296
ENSG00000174851	chr11:65708904-65709205	644	91666	TRUE	6.64424555227094e-20	-0.6643067845791202	TRUE	650	45	11.07171057428878
ENSG00000172500	chr11:65708904-65709205	637	88213	TRUE	3.2346701061414566e-15	-0.643520809471803	TRUE	650	45	5.479389980936904
ENSG00000175634	chr11:65708904-65709205	636	90035	TRUE	3.231840849627529e-14	-0.5899080636028153	TRUE	650	45	6.5861849849474465
ENSG00000173465	chr11:65708904-65709205	618	85945	TRUE	6.0703360755644465e-12	-0.6773762180655383	TRUE	650	45	5.40783566153109
ENSG00000174903	chr11:65708904-65709205	639	89804	TRUE	2.891991122976337e-11	-0.5641640407019457	TRUE	650	45	6.175057553881892
ENSG00000142186	chr11:65708904-65709205	571	79826	TRUE	4.920934756778695e-11	-0.5919163727057435	TRUE	650	45	2.797785347458775
ENSG00000172725	chr11:65708904-65709205	496	70019	TRUE	2.796199254920152e-10	-0.6632316454981801	TRUE	650	45	2.3943977415960918
ENSG00000172757	chr11:65708904-65709205	650	92617	TRUE	9.182680861356818e-10	-0.5605899390144522	TRUE	650	45	47.93282081731721
ENSG00000239306	chr11:65708904-65709205	589	82675	TRUE	1.4771218372090817e-9	-0.5743716140441566	TRUE	650	45	3.9567486483952625
ENSG00000175550	chr11:65708904-65709205	643	91646	TRUE	1.6138422219278597e-9	-0.4508865154833921	TRUE	650	45	9.296175922164235
ENSG00000174547	chr11:65708904-65709205	646	91731	TRUE	1.34453544956524e-7	-0.4895958925759958	TRUE	650	45	13.077158661208163
ENSG00000172531	chr11:65708904-65709205	648	92345	TRUE	2.564520702243731e-7	-0.48376628267918287	TRUE	650	45	19.914945258706002
ENSG00000110711	chr11:65708904-65709205	575	80015	TRUE	4.1774374763255216e-7	-0.4940557257596123	TRUE	650	45	2.931508276300301
ENSG00000167797	chr11:65708904-65709205	609	87180	TRUE	4.876144597078572e-7	-0.4632563588319436	TRUE	650	45	5.157213246247278
ENSG00000175334	chr11:65708904-65709205	650	92617	TRUE	4.331553674045844e-6	-0.4023726198815387	TRUE	650	45	30.385824557017408
ENSG00000172663	chr11:65708904-65709205	487	66108	TRUE	9.112518869846533e-6	-0.3896623367522446	TRUE	650	45	1.8816942196110296
ENSG00000174744	chr11:65708904-65709205	560	75214	TRUE	2.6824075476937145e-5	-0.5555896887138838	TRUE	650	45	2.6230819713116036
ENSG00000087365	chr11:65708904-65709205	641	91355	TRUE	1.383286722594695e-4	-0.39698735567846555	TRUE	650	45	8.829453003739701
ENSG00000176973	chr11:65708904-65709205	436	56251	TRUE	0.00265166800310861	-0.4274019349475966	TRUE	650	45	1.183401564632228
ENSG00000175482	chr11:65708904-65709205	612	86282	TRUE	0.0033423591219876106	-0.23908984605043004	TRUE	650	45	4.8291613279581656
ENSG00000172922	chr11:65708904-65709205	257	33278	TRUE	0.007603705268480879	-0.3686844414476538	TRUE	650	45	0.5004427221684011
ENSG00000175602	chr11:65708904-65709205	398	55156	TRUE	0.052	-0.4429080718321013	TRUE	650	45	1.5986541246080608
ENSG00000172757	chr11:65708904-65709205	650	92617	TRUE	1.1078529205596206e-15	-0.7009138619576261	TRUE	650	46	47.93282081731721
ENSG00000175550	chr11:65708904-65709205	643	91646	TRUE	1.582325645182913e-15	-0.5805702124615375	TRUE	650	46	9.296175922164235
ENSG00000174547	chr11:65708904-65709205	646	91731	TRUE	1.3646464084999813e-13	-0.6396812346137266	TRUE	650	46	13.077158661208163
ENSG00000175634	chr11:65708904-65709205	636	90035	TRUE	3.695513121081443e-13	-0.5678255655245423	TRUE	650	46	6.5861849849474465
ENSG00000110711	chr11:65708904-65709205	575	80015	TRUE	4.716839387794474e-13	-0.6170207149107583	TRUE	650	46	2.931508276300301
ENSG00000167797	chr11:65708904-65709205	609	87180	TRUE	5.774143662698168e-12	-0.5499581937371734	TRUE	650	46	5.157213246247278
ENSG00000142186	chr11:65708904-65709205	571	79826	TRUE	6.743954825449028e-12	-0.6272945755909201	TRUE	650	46	2.797785347458775
ENSG00000175334	chr11:65708904-65709205	650	92617	TRUE	8.336257079327291e-12	-0.4831681018356484	TRUE	650	46	30.385824557017408
ENSG00000174851	chr11:65708904-65709205	644	91666	TRUE	1.0649524257870525e-10	-0.5521287877640266	TRUE	650	46	11.07171057428878
ENSG00000173465	chr11:65708904-65709205	618	85945	TRUE	1.7219158966965038e-10	-0.6537733187621169	TRUE	650	46	5.40783566153109
ENSG00000174903	chr11:65708904-65709205	639	89804	TRUE	5.935853848025832e-10	-0.5483600863653244	TRUE	650	46	6.175057553881892
ENSG00000172725	chr11:65708904-65709205	496	70019	TRUE	1.9290043938683136e-9	-0.6048369574437259	TRUE	650	46	2.3943977415960918
ENSG00000172531	chr11:65708904-65709205	648	92345	TRUE	2.8912607822760734e-9	-0.5409627176806548	TRUE	650	46	19.914945258706002
ENSG00000175482	chr11:65708904-65709205	612	86282	TRUE	4.718945711295643e-9	-0.42492461988635877	TRUE	650	46	4.8291613279581656
ENSG00000172500	chr11:65708904-65709205	637	88213	TRUE	8.139561688070077e-9	-0.501037461853099	TRUE	650	46	5.479389980936904
ENSG00000239306	chr11:65708904-65709205	589	82675	TRUE	1.946421389315651e-8	-0.5584802412742651	TRUE	650	46	3.9567486483952625
ENSG00000087365	chr11:65708904-65709205	641	91355	TRUE	1.210646841226222e-7	-0.4781042135336535	TRUE	650	46	8.829453003739701
ENSG00000172663	chr11:65708904-65709205	487	66108	TRUE	2.0326552689901747e-6	-0.4152240431662755	TRUE	650	46	1.8816942196110296
ENSG00000176973	chr11:65708904-65709205	436	56251	TRUE	2.3031895739098526e-5	-0.519595633157343	TRUE	650	46	1.183401564632228
ENSG00000174744	chr11:65708904-65709205	560	75214	TRUE	7.222929343445495e-5	-0.5533786613985303	TRUE	650	46	2.6230819713116036
ENSG00000172922	chr11:65708904-65709205	257	33278	TRUE	9.840159631584883e-5	-0.5319702455269308	TRUE	650	46	0.5004427221684011
ENSG00000175602	chr11:65708904-65709205	398	55156	TRUE	0.0013263984134193434	-0.5197950064378155	TRUE	650	46	1.5986541246080608
ENSG00000172531	chr11:65708904-65709205	648	92345	TRUE	8.080978873289491e-13	-0.5779911089639618	TRUE	650	47	19.914945258706002
ENSG00000239306	chr11:65708904-65709205	589	82675	TRUE	2.9265417192614546e-10	-0.6066893343168851	TRUE	650	47	3.9567486483952625
ENSG00000167797	chr11:65708904-65709205	609	87180	TRUE	2.5789980337432834e-9	-0.5014013735589724	TRUE	650	47	5.157213246247278
ENSG00000175550	chr11:65708904-65709205	643	91646	TRUE	1.999789051823804e-8	-0.42635079690203126	TRUE	650	47	9.296175922164235
ENSG00000142186	chr11:65708904-65709205	571	79826	TRUE	8.907822012206073e-8	-0.532018279817607	TRUE	650	47	2.797785347458775
ENSG00000172757	chr11:65708904-65709205	650	92617	TRUE	9.330993149339346e-8	-0.536776334381436	TRUE	650	47	47.93282081731721
ENSG00000087365	chr11:65708904-65709205	641	91355	TRUE	2.0328109190339996e-7	-0.4685814394151473	TRUE	650	47	8.829453003739701
ENSG00000172500	chr11:65708904-65709205	637	88213	TRUE	2.68486243544091e-7	-0.4825147318570875	TRUE	650	47	5.479389980936904
ENSG00000172922	chr11:65708904-65709205	257	33278	TRUE	3.607681768959302e-7	-0.6370522915844883	TRUE	650	47	0.5004427221684011
ENSG00000175634	chr11:65708904-65709205	636	90035	TRUE	3.765852570947382e-7	-0.4609429726239993	TRUE	650	47	6.5861849849474465
ENSG00000174851	chr11:65708904-65709205	644	91666	TRUE	4.560228217070049e-7	-0.4425761499702805	TRUE	650	47	11.07171057428878
ENSG00000174744	chr11:65708904-65709205	560	75214	TRUE	2.702418035292616e-6	-0.5790123878552789	TRUE	650	47	2.6230819713116036
ENSG00000175334	chr11:65708904-65709205	650	92617	TRUE	3.0241057308441274e-6	-0.4015853374385969	TRUE	650	47	30.385824557017408
ENSG00000172663	chr11:65708904-65709205	487	66108	TRUE	4.814062251646883e-6	-0.38817271861175784	TRUE	650	47	1.8816942196110296
ENSG00000110711	chr11:65708904-65709205	575	80015	TRUE	6.450941962125292e-6	-0.4489828230127113	TRUE	650	47	2.931508276300301
ENSG00000172725	chr11:65708904-65709205	496	70019	TRUE	4.605866359484604e-5	-0.4714529990519416	TRUE	650	47	2.3943977415960918
ENSG00000173465	chr11:65708904-65709205	618	85945	TRUE	8.433368571562905e-5	-0.4938324058924266	TRUE	650	47	5.40783566153109
ENSG00000174547	chr11:65708904-65709205	646	91731	TRUE	8.68821449773162e-4	-0.38118233592807993	TRUE	650	47	13.077158661208163
ENSG00000174903	chr11:65708904-65709205	639	89804	TRUE	0.011075804078265208	-0.3316262356360369	TRUE	650	47	6.175057553881892
ENSG00000175602	chr11:65708904-65709205	398	55156	TRUE	0.024	-0.474292310971719	TRUE	650	47	1.5986541246080608
ENSG00000176973	chr11:65708904-65709205	436	56251	TRUE	0.024	-0.37567077178844455	TRUE	650	47	1.183401564632228
ENSG00000175482	chr11:65708904-65709205	612	86282	TRUE	0.072	-0.19404888182693947	TRUE	650	47	4.8291613279581656
ENSG00000087365	chr11:65708904-65709205	641	91355	TRUE	3.836687164542939e-17	-0.6471934583186525	TRUE	650	48	8.829453003739701
ENSG00000110711	chr11:65708904-65709205	575	80015	TRUE	9.429976297994891e-17	-0.6932563007378436	TRUE	650	48	2.931508276300301
ENSG00000174851	chr11:65708904-65709205	644	91666	TRUE	9.148742512196206e-16	-0.6285699172034231	TRUE	650	48	11.07171057428878
ENSG00000172531	chr11:65708904-65709205	648	92345	TRUE	2.2911061782789332e-14	-0.6377227126094915	TRUE	650	48	19.914945258706002
ENSG00000175550	chr11:65708904-65709205	643	91646	TRUE	9.213630349599667e-12	-0.518327281586076	TRUE	650	48	9.296175922164235
ENSG00000173465	chr11:65708904-65709205	618	85945	TRUE	1.537502568582503e-11	-0.6690712072312068	TRUE	650	48	5.40783566153109
ENSG00000174744	chr11:65708904-65709205	560	75214	TRUE	1.9850940126852426e-11	-0.7660460427727402	TRUE	650	48	2.6230819713116036
ENSG00000175634	chr11:65708904-65709205	636	90035	TRUE	6.346856198809198e-11	-0.5388983800610401	TRUE	650	48	6.5861849849474465
ENSG00000172663	chr11:65708904-65709205	487	66108	TRUE	8.631729693977922e-9	-0.48197708673592393	TRUE	650	48	1.8816942196110296
ENSG00000175482	chr11:65708904-65709205	612	86282	TRUE	1.5121046243577428e-8	-0.4002723662698757	TRUE	650	48	4.8291613279581656
ENSG00000174547	chr11:65708904-65709205	646	91731	TRUE	2.267740776629515e-8	-0.5187466999420534	TRUE	650	48	13.077158661208163
ENSG00000175334	chr11:65708904-65709205	650	92617	TRUE	4.1999064125951865e-8	-0.4525862533294456	TRUE	650	48	30.385824557017408
ENSG00000174903	chr11:65708904-65709205	639	89804	TRUE	4.1333548418903774e-7	-0.473645240508465	TRUE	650	48	6.175057553881892
ENSG00000172500	chr11:65708904-65709205	637	88213	TRUE	2.663579909604032e-6	-0.4571769706313007	TRUE	650	48	5.479389980936904
ENSG00000167797	chr11:65708904-65709205	609	87180	TRUE	2.886751734680268e-6	-0.4434629761532505	TRUE	650	48	5.157213246247278
ENSG00000172757	chr11:65708904-65709205	650	92617	TRUE	1.183924163458e-5	-0.5073155160817162	TRUE	650	48	47.93282081731721
ENSG00000142186	chr11:65708904-65709205	571	79826	TRUE	1.6342657765166472e-5	-0.44659066114907264	TRUE	650	48	2.797785347458775
ENSG00000176973	chr11:65708904-65709205	436	56251	TRUE	3.0284128018788492e-5	-0.5122908325341096	TRUE	650	48	1.183401564632228
ENSG00000175602	chr11:65708904-65709205	398	55156	TRUE	4.6845796994623295e-5	-0.6132896945920057	TRUE	650	48	1.5986541246080608
ENSG00000172725	chr11:65708904-65709205	496	70019	TRUE	5.796589308637856e-4	-0.420199458102696	TRUE	650	48	2.3943977415960918
ENSG00000172922	chr11:65708904-65709205	257	33278	TRUE	0.003895460115037941	-0.4064393634430721	TRUE	650	48	0.5004427221684011
ENSG00000239306	chr11:65708904-65709205	589	82675	TRUE	0.004119346331398807	-0.3956805021858938	TRUE	650	48	3.9567486483952625
ENSG00000175334	chr11:65708904-65709205	650	92617	TRUE	4.739309746752197e-16	-0.5319181598080123	TRUE	650	49	30.385824557017408
ENSG00000174547	chr11:65708904-65709205	646	91731	TRUE	4.948784113079094e-16	-0.6435679385395661	TRUE	650	49	13.077158661208163
ENSG00000172500	chr11:65708904-65709205	637	88213	TRUE	1.611191294285456e-15	-0.6219622441127053	TRUE	650	49	5.479389980936904
ENSG00000175634	chr11:65708904-65709205	636	90035	TRUE	3.906410098764717e-13	-0.570567463798497	TRUE	650	49	6.5861849849474465
ENSG00000174744	chr11:65708904-65709205	560	75214	TRUE	6.119517385202579e-12	-0.7356457248127308	TRUE	650	49	2.6230819713116036
ENSG00000175482	chr11:65708904-65709205	612	86282	TRUE	1.8702698807427138e-10	-0.4773277929349051	TRUE	650	49	4.8291613279581656
ENSG00000175550	chr11:65708904-65709205	643	91646	TRUE	2.1552972431515018e-10	-0.46918860090385905	TRUE	650	49	9.296175922164235
ENSG00000172531	chr11:65708904-65709205	648	92345	TRUE	2.325701097823747e-9	-0.5148787300033177	TRUE	650	49	19.914945258706002
ENSG00000174851	chr11:65708904-65709205	644	91666	TRUE	2.4074324462652723e-9	-0.48157368195934724	TRUE	650	49	11.07171057428878
ENSG00000239306	chr11:65708904-65709205	589	82675	TRUE	2.064422146739412e-8	-0.526476923939845	TRUE	650	49	3.9567486483952625
ENSG00000087365	chr11:65708904-65709205	641	91355	TRUE	2.1410521539524268e-8	-0.48320884527541486	TRUE	650	49	8.829453003739701
ENSG00000172663	chr11:65708904-65709205	487	66108	TRUE	6.019718799590824e-8	-0.43816085444343456	TRUE	650	49	1.8816942196110296
ENSG00000110711	chr11:65708904-65709205	575	80015	TRUE	8.425071314276128e-8	-0.5126840550960228	TRUE	650	49	2.931508276300301
ENSG00000172757	chr11:65708904-65709205	650	92617	TRUE	1.3116159176547026e-7	-0.5427534854495333	TRUE	650	49	47.93282081731721
ENSG00000142186	chr11:65708904-65709205	571	79826	TRUE	4.930563683928739e-7	-0.49682885135530697	TRUE	650	49	2.797785347458775
ENSG00000175602	chr11:65708904-65709205	398	55156	TRUE	1.2648914177791713e-6	-0.6256734190478384	TRUE	650	49	1.5986541246080608
ENSG00000174903	chr11:65708904-65709205	639	89804	TRUE	9.596377881145816e-6	-0.4264854219774783	TRUE	650	49	6.175057553881892
ENSG00000172922	chr11:65708904-65709205	257	33278	TRUE	1.634973768926181e-5	-0.5620902339032663	TRUE	650	49	0.5004427221684011
ENSG00000173465	chr11:65708904-65709205	618	85945	TRUE	1.664711090313461e-5	-0.5149402446085367	TRUE	650	49	5.40783566153109
ENSG00000167797	chr11:65708904-65709205	609	87180	TRUE	2.088357868232577e-5	-0.40095648615039936	TRUE	650	49	5.157213246247278
ENSG00000172725	chr11:65708904-65709205	496	70019	TRUE	1.772811777555356e-4	-0.4390584853540118	TRUE	650	49	2.3943977415960918
ENSG00000176973	chr11:65708904-65709205	436	56251	TRUE	0.0010268113808957861	-0.438897573785426	TRUE	650	49	1.183401564632228
ENSG00000172500	chr11:65708904-65709205	637	88213	TRUE	1.8281115952161985e-19	-0.704225672292395	TRUE	650	50	5.479389980936904
ENSG00000174903	chr11:65708904-65709205	639	89804	TRUE	3.6085780990885157e-19	-0.7014749611486257	TRUE	650	50	6.175057553881892
ENSG00000172531	chr11:65708904-65709205	648	92345	TRUE	1.1368536035057223e-14	-0.650602601460669	TRUE	650	50	19.914945258706002
ENSG00000174851	chr11:65708904-65709205	644	91666	TRUE	1.4773258389744031e-13	-0.592594793252526	TRUE	650	50	11.07171057428878
ENSG00000175334	chr11:65708904-65709205	650	92617	TRUE	1.7911791163516287e-12	-0.5163048368574552	TRUE	650	50	30.385824557017408
ENSG00000175634	chr11:65708904-65709205	636	90035	TRUE	6.451621995353087e-11	-0.5483263258143238	TRUE	650	50	6.5861849849474465
ENSG00000142186	chr11:65708904-65709205	571	79826	TRUE	7.500642880915166e-11	-0.61614540850469	TRUE	650	50	2.797785347458775
ENSG00000173465	chr11:65708904-65709205	618	85945	TRUE	4.238120073774134e-9	-0.6213648471688509	TRUE	650	50	5.40783566153109
ENSG00000239306	chr11:65708904-65709205	589	82675	TRUE	1.6134592819482378e-8	-0.5889019281115415	TRUE	650	50	3.9567486483952625
ENSG00000110711	chr11:65708904-65709205	575	80015	TRUE	3.924315487572114e-8	-0.5166366467215229	TRUE	650	50	2.931508276300301
ENSG00000087365	chr11:65708904-65709205	641	91355	TRUE	4.9551510346189574e-8	-0.5008950641533465	TRUE	650	50	8.829453003739701
ENSG00000172757	chr11:65708904-65709205	650	92617	TRUE	6.441359992436754e-8	-0.5466307231328518	TRUE	650	50	47.93282081731721
ENSG00000174744	chr11:65708904-65709205	560	75214	TRUE	7.24087561335639e-8	-0.6410486425722997	TRUE	650	50	2.6230819713116036
ENSG00000172725	chr11:65708904-65709205	496	70019	TRUE	1.853152093003567e-6	-0.5095664608083608	TRUE	650	50	2.3943977415960918
ENSG00000167797	chr11:65708904-65709205	609	87180	TRUE	4.399257882335369e-6	-0.43475233812390357	TRUE	650	50	5.157213246247278
ENSG00000175550	chr11:65708904-65709205	643	91646	TRUE	1.3818549270551428e-5	-0.38076695770066316	TRUE	650	50	9.296175922164235
ENSG00000172922	chr11:65708904-65709205	257	33278	TRUE	1.8035149295625354e-5	-0.5499666748207768	TRUE	650	50	0.5004427221684011
ENSG00000175602	chr11:65708904-65709205	398	55156	TRUE	2.8972304419602746e-5	-0.6402567421922751	TRUE	650	50	1.5986541246080608
ENSG00000175482	chr11:65708904-65709205	612	86282	TRUE	8.297278598486547e-5	-0.3083358413968038	TRUE	650	50	4.8291613279581656
ENSG00000172663	chr11:65708904-65709205	487	66108	TRUE	1.5458165949136862e-4	-0.335545787960548	TRUE	650	50	1.8816942196110296
ENSG00000174547	chr11:65708904-65709205	646	91731	TRUE	0.0034880687160499663	-0.38179085405628177	TRUE	650	50	13.077158661208163
ENSG00000176973	chr11:65708904-65709205	436	56251	TRUE	0.024	-0.37567077178844455	TRUE	650	50	1.183401564632228
ENSG00000175334	chr11:65708904-65709205	650	92617	TRUE	3.315631282408004e-19	-0.586642086253776	TRUE	650	51	30.385824557017408
ENSG00000087365	chr11:65708904-65709205	641	91355	TRUE	2.312730583329967e-15	-0.6045039273456014	TRUE	650	51	8.829453003739701
ENSG00000173465	chr11:65708904-65709205	618	85945	TRUE	1.6130456099567968e-11	-0.6531881656245517	TRUE	650	51	5.40783566153109
ENSG00000172725	chr11:65708904-65709205	496	70019	TRUE	9.727757218047335e-11	-0.6535629972601471	TRUE	650	51	2.3943977415960918
ENSG00000172757	chr11:65708904-65709205	650	92617	TRUE	1.145806010022319e-10	-0.5757374524752343	TRUE	650	51	47.93282081731721
ENSG00000172531	chr11:65708904-65709205	648	92345	TRUE	3.5341463225273135e-10	-0.5415477521740284	TRUE	650	51	19.914945258706002
ENSG00000175550	chr11:65708904-65709205	643	91646	TRUE	2.3661553928076276e-9	-0.45297500003511226	TRUE	650	51	9.296175922164235
ENSG00000175634	chr11:65708904-65709205	636	90035	TRUE	1.927690484754426e-7	-0.4567097094901422	TRUE	650	51	6.5861849849474465
ENSG00000172500	chr11:65708904-65709205	637	88213	TRUE	3.2247815597952027e-7	-0.45868475168568734	TRUE	650	51	5.479389980936904
ENSG00000176973	chr11:65708904-65709205	436	56251	TRUE	9.982441826336327e-7	-0.5896188412546458	TRUE	650	51	1.183401564632228
ENSG00000174547	chr11:65708904-65709205	646	91731	TRUE	1.1208473580414432e-6	-0.46188005215857597	TRUE	650	51	13.077158661208163
ENSG00000172663	chr11:65708904-65709205	487	66108	TRUE	1.7186392727850438e-6	-0.3911534945499978	TRUE	650	51	1.8816942196110296
ENSG00000110711	chr11:65708904-65709205	575	80015	TRUE	2.4072416177288143e-6	-0.44615308354867245	TRUE	650	51	2.931508276300301
ENSG00000239306	chr11:65708904-65709205	589	82675	TRUE	4.409933308900139e-6	-0.46522973511330457	TRUE	650	51	3.9567486483952625
ENSG00000174851	chr11:65708904-65709205	644	91666	TRUE	4.963356944818857e-5	-0.39833247903269164	TRUE	650	51	11.07171057428878
ENSG00000174903	chr11:65708904-65709205	639	89804	TRUE	4.63390673423332e-4	-0.3736272417273021	TRUE	650	51	6.175057553881892
ENSG00000142186	chr11:65708904-65709205	571	79826	TRUE	8.95255093788805e-4	-0.3932770857814796	TRUE	650	51	2.797785347458775
ENSG00000167797	chr11:65708904-65709205	609	87180	TRUE	0.002961603243825127	-0.31652212386723333	TRUE	650	51	5.157213246247278
ENSG00000175482	chr11:65708904-65709205	612	86282	TRUE	0.00460504101052768	-0.26628710788358756	TRUE	650	51	4.8291613279581656
ENSG00000174744	chr11:65708904-65709205	560	75214	TRUE	0.01730966958783095	-0.4235276418491447	TRUE	650	51	2.6230819713116036
ENSG00000172922	chr11:65708904-65709205	257	33278	TRUE	0.024	-0.3164071625805993	TRUE	650	51	0.5004427221684011
ENSG00000175602	chr11:65708904-65709205	398	55156	TRUE	0.032	-0.45390707078135833	TRUE	650	51	1.5986541246080608
ENSG00000172500	chr11:65708904-65709205	637	88213	TRUE	2.33726281344021e-12	-0.5951829129971049	TRUE	650	52	5.479389980936904
ENSG00000175550	chr11:65708904-65709205	643	91646	TRUE	2.574253010497569e-10	-0.4901747320606633	TRUE	650	52	9.296175922164235
ENSG00000172531	chr11:65708904-65709205	648	92345	TRUE	3.256980209488871e-10	-0.5506462557852143	TRUE	650	52	19.914945258706002
ENSG00000087365	chr11:65708904-65709205	641	91355	TRUE	4.5051253011751406e-10	-0.5270138140145999	TRUE	650	52	8.829453003739701
ENSG00000172663	chr11:65708904-65709205	487	66108	TRUE	5.7292064760203046e-9	-0.49474438280980193	TRUE	650	52	1.8816942196110296
ENSG00000173465	chr11:65708904-65709205	618	85945	TRUE	1.3898452081619124e-8	-0.6167939283641521	TRUE	650	52	5.40783566153109
ENSG00000174744	chr11:65708904-65709205	560	75214	TRUE	3.4359416739796244e-8	-0.655204390231233	TRUE	650	52	2.6230819713116036
ENSG00000142186	chr11:65708904-65709205	571	79826	TRUE	7.719229836060447e-8	-0.5247028963158467	TRUE	650	52	2.797785347458775
ENSG00000175634	chr11:65708904-65709205	636	90035	TRUE	5.403127367398708e-7	-0.45586454541155463	TRUE	650	52	6.5861849849474465
ENSG00000110711	chr11:65708904-65709205	575	80015	TRUE	7.844150328304073e-7	-0.48434710876501774	TRUE	650	52	2.931508276300301
ENSG00000174547	chr11:65708904-65709205	646	91731	TRUE	9.088719296938504e-7	-0.4839228557646442	TRUE	650	52	13.077158661208163
ENSG00000172725	chr11:65708904-65709205	496	70019	TRUE	2.166071383727169e-6	-0.5359694599053495	TRUE	650	52	2.3943977415960918
ENSG00000174851	chr11:65708904-65709205	644	91666	TRUE	4.802604078895777e-6	-0.4383624512966211	TRUE	650	52	11.07171057428878
ENSG00000174903	chr11:65708904-65709205	639	89804	TRUE	5.730034530158131e-5	-0.4155839416579883	TRUE	650	52	6.175057553881892
ENSG00000167797	chr11:65708904-65709205	609	87180	TRUE	1.1617979997685136e-4	-0.3746867319186613	TRUE	650	52	5.157213246247278
ENSG00000175602	chr11:65708904-65709205	398	55156	TRUE	1.2184719142119185e-4	-0.5450549588395537	TRUE	650	52	1.5986541246080608
ENSG00000239306	chr11:65708904-65709205	589	82675	TRUE	1.267818225176541e-4	-0.4497921895169681	TRUE	650	52	3.9567486483952625
ENSG00000175482	chr11:65708904-65709205	612	86282	TRUE	2.91072861296357e-4	-0.3088692838287974	TRUE	650	52	4.8291613279581656
ENSG00000172757	chr11:65708904-65709205	650	92617	TRUE	6.694322629417146e-4	-0.4423871774629733	TRUE	650	52	47.93282081731721
ENSG00000175334	chr11:65708904-65709205	650	92617	TRUE	0.0011588015844894405	-0.3403742844724853	TRUE	650	52	30.385824557017408
ENSG00000176973	chr11:65708904-65709205	436	56251	TRUE	0.0025388279974676645	-0.4274019349475966	TRUE	650	52	1.183401564632228
ENSG00000172922	chr11:65708904-65709205	257	33278	TRUE	0.0190392884756046	-0.34230902602335633	TRUE	650	52	0.5004427221684011
ENSG00000172531	chr11:65708904-65709205	648	92345	TRUE	1.3081615818281781e-18	-0.6712605549597885	TRUE	650	53	19.914945258706002
ENSG00000174547	chr11:65708904-65709205	646	91731	TRUE	8.461407735100554e-18	-0.7054444788003891	TRUE	650	53	13.077158661208163
ENSG00000087365	chr11:65708904-65709205	641	91355	TRUE	3.940969489359351e-16	-0.6241041614438405	TRUE	650	53	8.829453003739701
ENSG00000172500	chr11:65708904-65709205	637	88213	TRUE	4.674547259122925e-16	-0.656150930288532	TRUE	650	53	5.479389980936904
ENSG00000175334	chr11:65708904-65709205	650	92617	TRUE	9.996633543530744e-16	-0.5611192037686434	TRUE	650	53	30.385824557017408
ENSG00000239306	chr11:65708904-65709205	589	82675	TRUE	3.411663581848848e-12	-0.6445326854615574	TRUE	650	53	3.9567486483952625
ENSG00000175482	chr11:65708904-65709205	612	86282	TRUE	1.0774834476861704e-11	-0.5009047293763671	TRUE	650	53	4.8291613279581656
ENSG00000174903	chr11:65708904-65709205	639	89804	TRUE	2.2732420960320305e-10	-0.530843967501919	TRUE	650	53	6.175057553881892
ENSG00000167797	chr11:65708904-65709205	609	87180	TRUE	6.795506702601215e-10	-0.5128151596810617	TRUE	650	53	5.157213246247278
ENSG00000172663	chr11:65708904-65709205	487	66108	TRUE	8.665481292018053e-10	-0.4995613991075778	TRUE	650	53	1.8816942196110296
ENSG00000172757	chr11:65708904-65709205	650	92617	TRUE	3.5176105973329087e-9	-0.5756136584953326	TRUE	650	53	47.93282081731721
ENSG00000175550	chr11:65708904-65709205	643	91646	TRUE	4.795053526774969e-9	-0.4407852321678756	TRUE	650	53	9.296175922164235
ENSG00000173465	chr11:65708904-65709205	618	85945	TRUE	1.497875863726533e-8	-0.5796264267821476	TRUE	650	53	5.40783566153109
ENSG00000174744	chr11:65708904-65709205	560	75214	TRUE	5.491875372070883e-8	-0.6235470728143588	TRUE	650	53	2.6230819713116036
ENSG00000110711	chr11:65708904-65709205	575	80015	TRUE	1.3099349935492832e-7	-0.47374255353418815	TRUE	650	53	2.931508276300301
ENSG00000142186	chr11:65708904-65709205	571	79826	TRUE	5.148868063884566e-7	-0.4907070810345524	TRUE	650	53	2.797785347458775
ENSG00000174851	chr11:65708904-65709205	644	91666	TRUE	5.932073898898878e-7	-0.4582998221896184	TRUE	650	53	11.07171057428878
ENSG00000172725	chr11:65708904-65709205	496	70019	TRUE	9.22740282339107e-7	-0.5372388792929153	TRUE	650	53	2.3943977415960918
ENSG00000176973	chr11:65708904-65709205	436	56251	TRUE	4.108204327530436e-6	-0.554182444689393	TRUE	650	53	1.183401564632228
ENSG00000172922	chr11:65708904-65709205	257	33278	TRUE	4.881660460397293e-5	-0.5200961452386392	TRUE	650	53	0.5004427221684011
ENSG00000175602	chr11:65708904-65709205	398	55156	TRUE	5.977209790532494e-5	-0.6050925416253861	TRUE	650	53	1.5986541246080608
ENSG00000175634	chr11:65708904-65709205	636	90035	TRUE	1.742822877188804e-4	-0.3877905364373886	TRUE	650	53	6.5861849849474465
ENSG00000175334	chr11:65708904-65709205	650	92617	TRUE	2.962298375047443e-17	-0.5828690344436502	TRUE	650	54	30.385824557017408
ENSG00000110711	chr11:65708904-65709205	575	80015	TRUE	2.7835957030785533e-13	-0.6330211936044734	TRUE	650	54	2.931508276300301
ENSG00000172531	chr11:65708904-65709205	648	92345	TRUE	6.641264320154358e-13	-0.5815963462609237	TRUE	650	54	19.914945258706002
ENSG00000175634	chr11:65708904-65709205	636	90035	TRUE	3.497410045072079e-11	-0.5197836691509443	TRUE	650	54	6.5861849849474465
ENSG00000167797	chr11:65708904-65709205	609	87180	TRUE	9.636135131471247e-11	-0.5105251670718585	TRUE	650	54	5.157213246247278
ENSG00000174851	chr11:65708904-65709205	644	91666	TRUE	2.1863180981849682e-10	-0.4985045079738599	TRUE	650	54	11.07171057428878
ENSG00000087365	chr11:65708904-65709205	641	91355	TRUE	7.212218130220908e-10	-0.5041341652914642	TRUE	650	54	8.829453003739701
ENSG00000174547	chr11:65708904-65709205	646	91731	TRUE	2.4212180694504598e-8	-0.5131803104419586	TRUE	650	54	13.077158661208163
ENSG00000172663	chr11:65708904-65709205	487	66108	TRUE	1.2230964747143104e-7	-0.4366203363676523	TRUE	650	54	1.8816942196110296
ENSG00000175550	chr11:65708904-65709205	643	91646	TRUE	3.1166200301942356e-7	-0.4022253856368354	TRUE	650	54	9.296175922164235
ENSG00000174903	chr11:65708904-65709205	639	89804	TRUE	6.81634495017015e-7	-0.4538819856870351	TRUE	650	54	6.175057553881892
ENSG00000142186	chr11:65708904-65709205	571	79826	TRUE	1.2590930016743236e-6	-0.4765231672259034	TRUE	650	54	2.797785347458775
ENSG00000175482	chr11:65708904-65709205	612	86282	TRUE	1.5946437016737224e-6	-0.3777121717493306	TRUE	650	54	4.8291613279581656
ENSG00000172757	chr11:65708904-65709205	650	92617	TRUE	5.124798386932318e-6	-0.46967583185314066	TRUE	650	54	47.93282081731721
ENSG00000172922	chr11:65708904-65709205	257	33278	TRUE	1.324465495308215e-5	-0.5319702455269308	TRUE	650	54	0.5004427221684011
ENSG00000172500	chr11:65708904-65709205	637	88213	TRUE	2.430663024311435e-5	-0.4263638487809618	TRUE	650	54	5.479389980936904
ENSG00000176973	chr11:65708904-65709205	436	56251	TRUE	3.4290420548792333e-4	-0.4551469254305008	TRUE	650	54	1.183401564632228
ENSG00000175602	chr11:65708904-65709205	398	55156	TRUE	7.681724961513883e-4	-0.5411399088361704	TRUE	650	54	1.5986541246080608
ENSG00000172725	chr11:65708904-65709205	496	70019	TRUE	0.0015593376192569851	-0.4108615935233597	TRUE	650	54	2.3943977415960918
ENSG00000173465	chr11:65708904-65709205	618	85945	TRUE	0.0019252366991042158	-0.41335060982869454	TRUE	650	54	5.40783566153109
ENSG00000239306	chr11:65708904-65709205	589	82675	TRUE	0.002877679713185999	-0.3730024432781269	TRUE	650	54	3.9567486483952625
ENSG00000174744	chr11:65708904-65709205	560	75214	TRUE	0.004381128631029466	-0.45413759578020785	TRUE	650	54	2.6230819713116036
ENSG00000172757	chr11:65708904-65709205	650	92617	TRUE	5.485615219231562e-19	-0.7291374028357396	TRUE	650	55	47.93282081731721
ENSG00000175334	chr11:65708904-65709205	650	92617	TRUE	1.9715570610939392e-15	-0.5532289509350363	TRUE	650	55	30.385824557017408
ENSG00000174547	chr11:65708904-65709205	646	91731	TRUE	9.683403874645263e-13	-0.6187286138432282	TRUE	650	55	13.077158661208163
ENSG00000172531	chr11:65708904-65709205	648	92345	TRUE	3.8296067451779785e-12	-0.5868701864260348	TRUE	650	55	19.914945258706002
ENSG00000174903	chr11:65708904-65709205	639	89804	TRUE	6.122704080151677e-11	-0.546456166536526	TRUE	650	55	6.175057553881892
ENSG00000175634	chr11:65708904-65709205	636	90035	TRUE	8.230439161930855e-11	-0.545176826579342	TRUE	650	55	6.5861849849474465
ENSG00000172663	chr11:65708904-65709205	487	66108	TRUE	5.072771456281162e-10	-0.5238907284693184	TRUE	650	55	1.8816942196110296
ENSG00000173465	chr11:65708904-65709205	618	85945	TRUE	5.640220361761201e-10	-0.6293989691934516	TRUE	650	55	5.40783566153109
ENSG00000174851	chr11:65708904-65709205	644	91666	TRUE	6.850406420998856e-10	-0.5101632365636433	TRUE	650	55	11.07171057428878
ENSG00000175550	chr11:65708904-65709205	643	91646	TRUE	4.487291593857634e-9	-0.44671859459599306	TRUE	650	55	9.296175922164235
ENSG00000087365	chr11:65708904-65709205	641	91355	TRUE	4.637623222195086e-9	-0.5018660311272192	TRUE	650	55	8.829453003739701
ENSG00000174744	chr11:65708904-65709205	560	75214	TRUE	2.246220158739511e-8	-0.6270304428146046	TRUE	650	55	2.6230819713116036
ENSG00000142186	chr11:65708904-65709205	571	79826	TRUE	4.690648648912886e-8	-0.5309709512482796	TRUE	650	55	2.797785347458775
ENSG00000175482	chr11:65708904-65709205	612	86282	TRUE	7.462973603640163e-7	-0.3805129783771817	TRUE	650	55	4.8291613279581656
ENSG00000110711	chr11:65708904-65709205	575	80015	TRUE	1.688295096815163e-6	-0.4556072133239635	TRUE	650	55	2.931508276300301
ENSG00000172500	chr11:65708904-65709205	637	88213	TRUE	2.608068046983412e-6	-0.4531639081246772	TRUE	650	55	5.479389980936904
ENSG00000167797	chr11:65708904-65709205	609	87180	TRUE	4.286521267489072e-6	-0.41641503278976133	TRUE	650	55	5.157213246247278
ENSG00000172725	chr11:65708904-65709205	496	70019	TRUE	1.0043853234413351e-5	-0.49839715309024923	TRUE	650	55	2.3943977415960918
ENSG00000176973	chr11:65708904-65709205	436	56251	TRUE	3.671991648705958e-5	-0.5220388090856718	TRUE	650	55	1.183401564632228
ENSG00000172922	chr11:65708904-65709205	257	33278	TRUE	5.420106706036402e-5	-0.5260209791957444	TRUE	650	55	0.5004427221684011
ENSG00000239306	chr11:65708904-65709205	589	82675	TRUE	6.218698111185809e-5	-0.46452443319708703	TRUE	650	55	3.9567486483952625
ENSG00000175602	chr11:65708904-65709205	398	55156	TRUE	2.950905063960306e-4	-0.5470164751728398	TRUE	650	55	1.5986541246080608
ENSG00000172500	chr11:65708904-65709205	637	88213	TRUE	1.3677273548736698e-15	-0.6469544367353353	TRUE	650	56	5.479389980936904
ENSG00000172531	chr11:65708904-65709205	648	92345	TRUE	4.5847897878191105e-15	-0.6465062711927305	TRUE	650	56	19.914945258706002
ENSG00000175550	chr11:65708904-65709205	643	91646	TRUE	1.1499956043648524e-13	-0.5289884106032865	TRUE	650	56	9.296175922164235
ENSG00000142186	chr11:65708904-65709205	571	79826	TRUE	1.6664198460181697e-11	-0.6295347857318694	TRUE	650	56	2.797785347458775
ENSG00000175334	chr11:65708904-65709205	650	92617	TRUE	1.2459703469211706e-10	-0.4928244826056689	TRUE	650	56	30.385824557017408
ENSG00000174851	chr11:65708904-65709205	644	91666	TRUE	1.6171431152330585e-10	-0.5518610021408188	TRUE	650	56	11.07171057428878
ENSG00000239306	chr11:65708904-65709205	589	82675	TRUE	5.571272413682816e-8	-0.564513475538478	TRUE	650	56	3.9567486483952625
ENSG00000174903	chr11:65708904-65709205	639	89804	TRUE	2.6256721644238616e-7	-0.4822637870568576	TRUE	650	56	6.175057553881892
ENSG00000175482	chr11:65708904-65709205	612	86282	TRUE	3.2436911897662117e-7	-0.39290153650850934	TRUE	650	56	4.8291613279581656
ENSG00000172757	chr11:65708904-65709205	650	92617	TRUE	3.8309163026938454e-7	-0.5385849786311319	TRUE	650	56	47.93282081731721
ENSG00000087365	chr11:65708904-65709205	641	91355	TRUE	2.878824845631029e-6	-0.4447346974607793	TRUE	650	56	8.829453003739701
ENSG00000175634	chr11:65708904-65709205	636	90035	TRUE	1.0813339571574127e-5	-0.42452308749199297	TRUE	650	56	6.5861849849474465
ENSG00000174547	chr11:65708904-65709205	646	91731	TRUE	1.0585970874772005e-4	-0.4405915584497011	TRUE	650	56	13.077158661208163
ENSG00000110711	chr11:65708904-65709205	575	80015	TRUE	1.1446764247344862e-4	-0.4237127860304952	TRUE	650	56	2.931508276300301
ENSG00000167797	chr11:65708904-65709205	609	87180	TRUE	1.4779741715195954e-4	-0.3867114385819783	TRUE	650	56	5.157213246247278
ENSG00000173465	chr11:65708904-65709205	618	85945	TRUE	2.4529544159687753e-4	-0.4813143660459982	TRUE	650	56	5.40783566153109
ENSG00000172663	chr11:65708904-65709205	487	66108	TRUE	3.392048751531835e-4	-0.3170037279511436	TRUE	650	56	1.8816942196110296
ENSG00000176973	chr11:65708904-65709205	436	56251	TRUE	6.31812255840386e-4	-0.4504855480606378	TRUE	650	56	1.183401564632228
ENSG00000172922	chr11:65708904-65709205	257	33278	TRUE	0.0015038309334792777	-0.4340251951149714	TRUE	650	56	0.5004427221684011
ENSG00000175602	chr11:65708904-65709205	398	55156	TRUE	0.0020513081822478157	-0.5121108602246384	TRUE	650	56	1.5986541246080608
ENSG00000174744	chr11:65708904-65709205	560	75214	TRUE	0.009932135128671152	-0.4624111384027221	TRUE	650	56	2.6230819713116036
ENSG00000172725	chr11:65708904-65709205	496	70019	TRUE	0.011597929703081836	-0.3616805437079149	TRUE	650	56	2.3943977415960918
ENSG00000175334	chr11:65708904-65709205	650	92617	TRUE	5.3254459288720225e-17	-0.5837617606138386	TRUE	650	57	30.385824557017408
ENSG00000175550	chr11:65708904-65709205	643	91646	TRUE	3.2356602623760894e-16	-0.6042484378196615	TRUE	650	57	9.296175922164235
ENSG00000174903	chr11:65708904-65709205	639	89804	TRUE	8.250058831073963e-14	-0.6027162782625188	TRUE	650	57	6.175057553881892
ENSG00000142186	chr11:65708904-65709205	571	79826	TRUE	1.1305527236366596e-13	-0.6589785636243514	TRUE	650	57	2.797785347458775
ENSG00000174851	chr11:65708904-65709205	644	91666	TRUE	1.1905874930255172e-11	-0.5650413039386102	TRUE	650	57	11.07171057428878
ENSG00000174744	chr11:65708904-65709205	560	75214	TRUE	1.509982881501781e-11	-0.7368996971132238	TRUE	650	57	2.6230819713116036
ENSG00000172500	chr11:65708904-65709205	637	88213	TRUE	2.3143975878453e-11	-0.5526995816755917	TRUE	650	57	5.479389980936904
ENSG00000174547	chr11:65708904-65709205	646	91731	TRUE	1.2790170070302708e-10	-0.5854041736305278	TRUE	650	57	13.077158661208163
ENSG00000173465	chr11:65708904-65709205	618	85945	TRUE	9.112222703999914e-9	-0.6116688961862848	TRUE	650	57	5.40783566153109
ENSG00000172725	chr11:65708904-65709205	496	70019	TRUE	1.2299706280985674e-8	-0.6168650543207748	TRUE	650	57	2.3943977415960918
ENSG00000172531	chr11:65708904-65709205	648	92345	TRUE	1.729843592423086e-8	-0.5168906568731084	TRUE	650	57	19.914945258706002
ENSG00000167797	chr11:65708904-65709205	609	87180	TRUE	2.5909302940758103e-8	-0.5122423206658373	TRUE	650	57	5.157213246247278
ENSG00000239306	chr11:65708904-65709205	589	82675	TRUE	2.6423653502506965e-8	-0.5524721324727895	TRUE	650	57	3.9567486483952625
ENSG00000087365	chr11:65708904-65709205	641	91355	TRUE	3.761993654247608e-8	-0.47428755776036313	TRUE	650	57	8.829453003739701
ENSG00000175482	chr11:65708904-65709205	612	86282	TRUE	2.0565845587915176e-7	-0.4093961597827618	TRUE	650	57	4.8291613279581656
ENSG00000110711	chr11:65708904-65709205	575	80015	TRUE	6.559153379318201e-7	-0.4814472182592229	TRUE	650	57	2.931508276300301
ENSG00000175634	chr11:65708904-65709205	636	90035	TRUE	1.197209062343008e-6	-0.4634889057098066	TRUE	650	57	6.5861849849474465
ENSG00000172757	chr11:65708904-65709205	650	92617	TRUE	1.3626299155064525e-6	-0.5115721287235129	TRUE	650	57	47.93282081731721
ENSG00000172663	chr11:65708904-65709205	487	66108	TRUE	2.0167891895202955e-6	-0.4152240431662755	TRUE	650	57	1.8816942196110296
ENSG00000175602	chr11:65708904-65709205	398	55156	TRUE	7.174554136514652e-6	-0.6256734190478384	TRUE	650	57	1.5986541246080608
ENSG00000176973	chr11:65708904-65709205	436	56251	TRUE	8.711297076431819e-6	-0.5147216587888719	TRUE	650	57	1.183401564632228
ENSG00000172922	chr11:65708904-65709205	257	33278	TRUE	0.0028548609473864513	-0.42846566977307066	TRUE	650	57	0.5004427221684011
ENSG00000175550	chr11:65708904-65709205	643	91646	TRUE	1.1306615698188363e-16	-0.5727630500086831	TRUE	650	58	9.296175922164235
ENSG00000174903	chr11:65708904-65709205	639	89804	TRUE	5.442574630869336e-15	-0.634216329684933	TRUE	650	58	6.175057553881892
ENSG00000172531	chr11:65708904-65709205	648	92345	TRUE	1.0203502932871954e-12	-0.6093866053008918	TRUE	650	58	19.914945258706002
ENSG00000174547	chr11:65708904-65709205	646	91731	TRUE	3.742310440141131e-12	-0.6201638933921063	TRUE	650	58	13.077158661208163
ENSG00000167797	chr11:65708904-65709205	609	87180	TRUE	4.1894507941657596e-12	-0.549370418198023	TRUE	650	58	5.157213246247278
ENSG00000175482	chr11:65708904-65709205	612	86282	TRUE	4.912484999597683e-11	-0.48393877948743924	TRUE	650	58	4.8291613279581656
ENSG00000142186	chr11:65708904-65709205	571	79826	TRUE	1.734536145785004e-9	-0.5723908786282605	TRUE	650	58	2.797785347458775
ENSG00000172663	chr11:65708904-65709205	487	66108	TRUE	3.996131175412824e-9	-0.48197708673592393	TRUE	650	58	1.8816942196110296
ENSG00000174744	chr11:65708904-65709205	560	75214	TRUE	1.1743071207771247e-8	-0.6815229400768504	TRUE	650	58	2.6230819713116036
ENSG00000174851	chr11:65708904-65709205	644	91666	TRUE	1.943719865635463e-8	-0.5091230814782914	TRUE	650	58	11.07171057428878
ENSG00000087365	chr11:65708904-65709205	641	91355	TRUE	4.601790867362097e-8	-0.48001633447743064	TRUE	650	58	8.829453003739701
ENSG00000172757	chr11:65708904-65709205	650	92617	TRUE	9.841703163490734e-8	-0.5338872115517166	TRUE	650	58	47.93282081731721
ENSG00000172725	chr11:65708904-65709205	496	70019	TRUE	3.7068381069678543e-7	-0.5667481214556379	TRUE	650	58	2.3943977415960918
ENSG00000175334	chr11:65708904-65709205	650	92617	TRUE	7.553951801138657e-7	-0.4220182074923011	TRUE	650	58	30.385824557017408
ENSG00000172500	chr11:65708904-65709205	637	88213	TRUE	1.1121303401966424e-6	-0.47181862077682446	TRUE	650	58	5.479389980936904
ENSG00000175634	chr11:65708904-65709205	636	90035	TRUE	2.8525470302992245e-6	-0.44744002488354484	TRUE	650	58	6.5861849849474465
ENSG00000239306	chr11:65708904-65709205	589	82675	TRUE	5.712959361520566e-6	-0.49733057828032856	TRUE	650	58	3.9567486483952625
ENSG00000175602	chr11:65708904-65709205	398	55156	TRUE	1.014459234362626e-5	-0.6360750145083081	TRUE	650	58	1.5986541246080608
ENSG00000110711	chr11:65708904-65709205	575	80015	TRUE	1.0480638381048864e-5	-0.4414491503273037	TRUE	650	58	2.931508276300301
ENSG00000173465	chr11:65708904-65709205	618	85945	TRUE	6.963895647595607e-5	-0.5075173210032182	TRUE	650	58	5.40783566153109
ENSG00000172922	chr11:65708904-65709205	257	33278	TRUE	1.3678249159054627e-4	-0.5141955437989547	TRUE	650	58	0.5004427221684011
ENSG00000176973	chr11:65708904-65709205	436	56251	TRUE	0.0045222600820363085	-0.4182709231954681	TRUE	650	58	1.183401564632228
ENSG00000174851	chr11:65708904-65709205	644	91666	TRUE	6.397973850633443e-20	-0.7116800428412264	TRUE	650	59	11.07171057428878
ENSG00000174547	chr11:65708904-65709205	646	91731	TRUE	4.805901247296591e-16	-0.6648871321864318	TRUE	650	59	13.077158661208163
ENSG00000172757	chr11:65708904-65709205	650	92617	TRUE	1.5211212590249712e-14	-0.6584071734680661	TRUE	650	59	47.93282081731721
ENSG00000172531	chr11:65708904-65709205	648	92345	TRUE	2.0495428929773657e-12	-0.587927271864674	TRUE	650	59	19.914945258706002
ENSG00000174744	chr11:65708904-65709205	560	75214	TRUE	2.0471596094688056e-10	-0.707101149834909	TRUE	650	59	2.6230819713116036
ENSG00000087365	chr11:65708904-65709205	641	91355	TRUE	2.7109772928911813e-10	-0.5224087643744895	TRUE	650	59	8.829453003739701
ENSG00000173465	chr11:65708904-65709205	618	85945	TRUE	2.804341929843728e-10	-0.6173645018502878	TRUE	650	59	5.40783566153109
ENSG00000172500	chr11:65708904-65709205	637	88213	TRUE	6.134485430956261e-10	-0.5266372850893957	TRUE	650	59	5.479389980936904
ENSG00000175550	chr11:65708904-65709205	643	91646	TRUE	1.5865874548805786e-9	-0.47190867196583364	TRUE	650	59	9.296175922164235
ENSG00000142186	chr11:65708904-65709205	571	79826	TRUE	9.685419884478403e-9	-0.5457031949283988	TRUE	650	59	2.797785347458775
ENSG00000175334	chr11:65708904-65709205	650	92617	TRUE	7.030624056837326e-8	-0.43959866337532905	TRUE	650	59	30.385824557017408
ENSG00000239306	chr11:65708904-65709205	589	82675	TRUE	1.1464155998886969e-7	-0.5147476313577379	TRUE	650	59	3.9567486483952625
ENSG00000175482	chr11:65708904-65709205	612	86282	TRUE	1.792109556506146e-6	-0.3715694702108705	TRUE	650	59	4.8291613279581656
ENSG00000167797	chr11:65708904-65709205	609	87180	TRUE	9.660924092771365e-6	-0.41053193086538364	TRUE	650	59	5.157213246247278
ENSG00000174903	chr11:65708904-65709205	639	89804	TRUE	2.780788543395047e-5	-0.4208063728481579	TRUE	650	59	6.175057553881892
ENSG00000175634	chr11:65708904-65709205	636	90035	TRUE	0.00012812142009953603	-0.39830644256032954	TRUE	650	59	6.5861849849474465
ENSG00000175602	chr11:65708904-65709205	398	55156	TRUE	4.5372529750963356e-4	-0.5489806620533537	TRUE	650	59	1.5986541246080608
ENSG00000110711	chr11:65708904-65709205	575	80015	TRUE	6.535856477205872e-4	-0.3834574275681282	TRUE	650	59	2.931508276300301
ENSG00000172725	chr11:65708904-65709205	496	70019	TRUE	0.004974698550493845	-0.3820643292159249	TRUE	650	59	2.3943977415960918
ENSG00000172663	chr11:65708904-65709205	487	66108	TRUE	0.00702650676826172	-0.2614016619128132	TRUE	650	59	1.8816942196110296
ENSG00000176973	chr11:65708904-65709205	436	56251	TRUE	0.024	-0.3668603930125457	TRUE	650	59	1.183401564632228
ENSG00000172922	chr11:65708904-65709205	257	33278	TRUE	0.152	-0.2610089239215081	FALSE	650	59	0.5004427221684011
ENSG00000174851	chr11:65708904-65709205	644	91666	TRUE	1.0914312334126553e-11	-0.5680167705318597	TRUE	650	60	11.07171057428878
ENSG00000087365	chr11:65708904-65709205	641	91355	TRUE	8.600389155427865e-10	-0.5270138140145999	TRUE	650	60	8.829453003739701
ENSG00000172531	chr11:65708904-65709205	648	92345	TRUE	9.327661458303512e-10	-0.5733476385931171	TRUE	650	60	19.914945258706002
ENSG00000175334	chr11:65708904-65709205	650	92617	TRUE	1.6164585252107197e-9	-0.47642846535171124	TRUE	650	60	30.385824557017408
ENSG00000167797	chr11:65708904-65709205	609	87180	TRUE	1.4902219547068257e-8	-0.48894963251271584	TRUE	650	60	5.157213246247278
ENSG00000172757	chr11:65708904-65709205	650	92617	TRUE	2.3901844824008277e-8	-0.5679591035024787	TRUE	650	60	47.93282081731721
ENSG00000173465	chr11:65708904-65709205	618	85945	TRUE	5.5396100004777445e-8	-0.6020376742024072	TRUE	650	60	5.40783566153109
ENSG00000175634	chr11:65708904-65709205	636	90035	TRUE	1.1765047885881844e-7	-0.47371780557088083	TRUE	650	60	6.5861849849474465
ENSG00000110711	chr11:65708904-65709205	575	80015	TRUE	2.637706484972312e-6	-0.4747033894277717	TRUE	650	60	2.931508276300301
ENSG00000175602	chr11:65708904-65709205	398	55156	TRUE	3.319627728946297e-6	-0.6656048913215697	TRUE	650	60	1.5986541246080608
ENSG00000175482	chr11:65708904-65709205	612	86282	TRUE	3.73336548172812e-6	-0.3827575452101648	TRUE	650	60	4.8291613279581656
ENSG00000175550	chr11:65708904-65709205	643	91646	TRUE	7.555900897146777e-6	-0.40337884965261805	TRUE	650	60	9.296175922164235
ENSG00000172500	chr11:65708904-65709205	637	88213	TRUE	1.5161570675145458e-5	-0.43722236425565564	TRUE	650	60	5.479389980936904
ENSG00000239306	chr11:65708904-65709205	589	82675	TRUE	2.0902080037478975e-5	-0.4930089723302351	TRUE	650	60	3.9567486483952625
ENSG00000174547	chr11:65708904-65709205	646	91731	TRUE	3.002312934055791e-5	-0.4599511719235343	TRUE	650	60	13.077158661208163
ENSG00000172725	chr11:65708904-65709205	496	70019	TRUE	3.120980590404481e-5	-0.49592678426594095	TRUE	650	60	2.3943977415960918
ENSG00000176973	chr11:65708904-65709205	436	56251	TRUE	0.003134389983499103	-0.4319892044432484	TRUE	650	60	1.183401564632228
ENSG00000174744	chr11:65708904-65709205	560	75214	TRUE	0.00371087381243837	-0.4707324017944672	TRUE	650	60	2.6230819713116036
ENSG00000172663	chr11:65708904-65709205	487	66108	TRUE	0.003861866447437433	-0.2573166331120742	TRUE	650	60	1.8816942196110296
ENSG00000174903	chr11:65708904-65709205	639	89804	TRUE	0.005470835183050193	-0.3506039104503036	TRUE	650	60	6.175057553881892
ENSG00000142186	chr11:65708904-65709205	571	79826	TRUE	0.08	-0.3011196412007766	TRUE	650	60	2.797785347458775
ENSG00000172922	chr11:65708904-65709205	257	33278	TRUE	0.176	-0.2610089239215081	FALSE	650	60	0.5004427221684011
ENSG00000167797	chr11:65708904-65709205	609	87180	TRUE	4.061504834043486e-11	-0.5330091812232376	TRUE	650	61	5.157213246247278
ENSG00000172531	chr11:65708904-65709205	648	92345	TRUE	7.923076301495258e-10	-0.544769689448545	TRUE	650	61	19.914945258706002
ENSG00000174851	chr11:65708904-65709205	644	91666	TRUE	1.8081232114817416e-9	-0.5161587255320592	TRUE	650	61	11.07171057428878
ENSG00000175550	chr11:65708904-65709205	643	91646	TRUE	2.7260262105776407e-9	-0.44701590423968085	TRUE	650	61	9.296175922164235
ENSG00000175334	chr11:65708904-65709205	650	92617	TRUE	5.080008809619997e-9	-0.4443652317587494	TRUE	650	61	30.385824557017408
ENSG00000175634	chr11:65708904-65709205	636	90035	TRUE	1.152851167245903e-8	-0.49092880647875914	TRUE	650	61	6.5861849849474465
ENSG00000174744	chr11:65708904-65709205	560	75214	TRUE	2.640369867584194e-7	-0.614298996012343	TRUE	650	61	2.6230819713116036
ENSG00000087365	chr11:65708904-65709205	641	91355	TRUE	1.972045827527497e-6	-0.4375949333587936	TRUE	650	61	8.829453003739701
ENSG00000172757	chr11:65708904-65709205	650	92617	TRUE	2.0441193465078108e-6	-0.4982530357887729	TRUE	650	61	47.93282081731721
ENSG00000174547	chr11:65708904-65709205	646	91731	TRUE	2.4069516065626908e-6	-0.47156332765496023	TRUE	650	61	13.077158661208163
ENSG00000172922	chr11:65708904-65709205	257	33278	TRUE	4.760311516535101e-5	-0.5319702455269308	TRUE	650	61	0.5004427221684011
ENSG00000110711	chr11:65708904-65709205	575	80015	TRUE	5.287697489951646e-5	-0.41908133729884933	TRUE	650	61	2.931508276300301
ENSG00000172725	chr11:65708904-65709205	496	70019	TRUE	8.133597344571909e-5	-0.4726668779968315	TRUE	650	61	2.3943977415960918
ENSG00000239306	chr11:65708904-65709205	589	82675	TRUE	1.1263382716862006e-4	-0.4428293620977679	TRUE	650	61	3.9567486483952625
ENSG00000175482	chr11:65708904-65709205	612	86282	TRUE	1.4490511027457492e-4	-0.3040753878291156	TRUE	650	61	4.8291613279581656
ENSG00000172500	chr11:65708904-65709205	637	88213	TRUE	1.5837371440012224e-4	-0.3995698227762574	TRUE	650	61	5.479389980936904
ENSG00000172663	chr11:65708904-65709205	487	66108	TRUE	2.951635507236327e-4	-0.308525574026839	TRUE	650	61	1.8816942196110296
ENSG00000173465	chr11:65708904-65709205	618	85945	TRUE	3.843147850446649e-4	-0.45048637596683916	TRUE	650	61	5.40783566153109
ENSG00000142186	chr11:65708904-65709205	571	79826	TRUE	0.001137578486490532	-0.38190229591682234	TRUE	650	61	2.797785347458775
ENSG00000176973	chr11:65708904-65709205	436	56251	TRUE	0.0021230362652322303	-0.4319892044432484	TRUE	650	61	1.183401564632228
ENSG00000175602	chr11:65708904-65709205	398	55156	TRUE	0.0028053098823628345	-0.47990227931430274	TRUE	650	61	1.5986541246080608
ENSG00000174903	chr11:65708904-65709205	639	89804	TRUE	0.028	-0.33121643729756567	TRUE	650	61	6.175057553881892
ENSG00000167797	chr11:65708904-65709205	609	87180	TRUE	2.3534534560829814e-13	-0.5429206429972393	TRUE	650	62	5.157213246247278
ENSG00000172757	chr11:65708904-65709205	650	92617	TRUE	2.9147658471512055e-11	-0.593424934611793	TRUE	650	62	47.93282081731721
ENSG00000173465	chr11:65708904-65709205	618	85945	TRUE	4.8447983731870694e-11	-0.6322791758615709	TRUE	650	62	5.40783566153109
ENSG00000172531	chr11:65708904-65709205	648	92345	TRUE	7.291917580144009e-10	-0.5303273008729765	TRUE	650	62	19.914945258706002
ENSG00000142186	chr11:65708904-65709205	571	79826	TRUE	8.431437443826049e-10	-0.5659406665085844	TRUE	650	62	2.797785347458775
ENSG00000174547	chr11:65708904-65709205	646	91731	TRUE	3.4254789697901825e-9	-0.5339968439282026	TRUE	650	62	13.077158661208163
ENSG00000175334	chr11:65708904-65709205	650	92617	TRUE	4.0692490470436125e-9	-0.4440049408057902	TRUE	650	62	30.385824557017408
ENSG00000175634	chr11:65708904-65709205	636	90035	TRUE	1.5705141052419934e-8	-0.47714361909132785	TRUE	650	62	6.5861849849474465
ENSG00000172500	chr11:65708904-65709205	637	88213	TRUE	3.866023324383542e-7	-0.47080406726040724	TRUE	650	62	5.479389980936904
ENSG00000174851	chr11:65708904-65709205	644	91666	TRUE	4.992534028996692e-6	-0.4160136770868097	TRUE	650	62	11.07171057428878
ENSG00000176973	chr11:65708904-65709205	436	56251	TRUE	6.671100619287741e-6	-0.526937608498511	TRUE	650	62	1.183401564632228
ENSG00000174903	chr11:65708904-65709205	639	89804	TRUE	1.990624776795685e-5	-0.4247356400275186	TRUE	650	62	6.175057553881892
ENSG00000172663	chr11:65708904-65709205	487	66108	TRUE	2.2821273673667188e-5	-0.33985878083163057	TRUE	650	62	1.8816942196110296
ENSG00000175550	chr11:65708904-65709205	643	91646	TRUE	2.7764149000488597e-5	-0.35236487111011083	TRUE	650	62	9.296175922164235
ENSG00000174744	chr11:65708904-65709205	560	75214	TRUE	5.769588504133012e-5	-0.5249394758736989	TRUE	650	62	2.6230819713116036
ENSG00000175602	chr11:65708904-65709205	398	55156	TRUE	7.838226477928714e-5	-0.5868174832308146	TRUE	650	62	1.5986541246080608
ENSG00000175482	chr11:65708904-65709205	612	86282	TRUE	2.734426021624714e-4	-0.30460725697463786	TRUE	650	62	4.8291613279581656
ENSG00000087365	chr11:65708904-65709205	641	91355	TRUE	4.359504073506923e-4	-0.3680758584591137	TRUE	650	62	8.829453003739701
ENSG00000172725	chr11:65708904-65709205	496	70019	TRUE	5.828104321572367e-4	-0.42959815610494556	TRUE	650	62	2.3943977415960918
ENSG00000110711	chr11:65708904-65709205	575	80015	TRUE	0.002484945843793114	-0.3407868113221053	TRUE	650	62	2.931508276300301
ENSG00000239306	chr11:65708904-65709205	589	82675	TRUE	0.003623421910315422	-0.374989170754209	TRUE	650	62	3.9567486483952625
ENSG00000172922	chr11:65708904-65709205	257	33278	TRUE	0.048	-0.29096214602313597	TRUE	650	62	0.5004427221684011
ENSG00000175334	chr11:65708904-65709205	650	92617	TRUE	1.1251091753781752e-15	-0.5560488996767488	TRUE	650	63	30.385824557017408
ENSG00000175482	chr11:65708904-65709205	612	86282	TRUE	9.924208095931395e-14	-0.5580978901375606	TRUE	650	63	4.8291613279581656
ENSG00000172531	chr11:65708904-65709205	648	92345	TRUE	5.991969773157075e-13	-0.6152249957559652	TRUE	650	63	19.914945258706002
ENSG00000174851	chr11:65708904-65709205	644	91666	TRUE	1.223847696507661e-12	-0.5797073813330766	TRUE	650	63	11.07171057428878
ENSG00000239306	chr11:65708904-65709205	589	82675	TRUE	1.5192086438268468e-12	-0.6801166540220018	TRUE	650	63	3.9567486483952625
ENSG00000174547	chr11:65708904-65709205	646	91731	TRUE	8.002263276808695e-12	-0.600907069909685	TRUE	650	63	13.077158661208163
ENSG00000175550	chr11:65708904-65709205	643	91646	TRUE	9.771945361906343e-12	-0.5108489320157088	TRUE	650	63	9.296175922164235
ENSG00000110711	chr11:65708904-65709205	575	80015	TRUE	1.4601762068093056e-10	-0.5680050378119272	TRUE	650	63	2.931508276300301
ENSG00000172663	chr11:65708904-65709205	487	66108	TRUE	3.1315341539637576e-10	-0.528806218883435	TRUE	650	63	1.8816942196110296
ENSG00000087365	chr11:65708904-65709205	641	91355	TRUE	2.6448188217878652e-8	-0.49927823663806326	TRUE	650	63	8.829453003739701
ENSG00000175634	chr11:65708904-65709205	636	90035	TRUE	4.6657957504600155e-8	-0.479718328354509	TRUE	650	63	6.5861849849474465
ENSG00000142186	chr11:65708904-65709205	571	79826	TRUE	7.459827741667551e-8	-0.5101824785771347	TRUE	650	63	2.797785347458775
ENSG00000174903	chr11:65708904-65709205	639	89804	TRUE	6.220594729070494e-7	-0.4628317354856031	TRUE	650	63	6.175057553881892
ENSG00000176973	chr11:65708904-65709205	436	56251	TRUE	4.294825127199432e-6	-0.554182444689393	TRUE	650	63	1.183401564632228
ENSG00000167797	chr11:65708904-65709205	609	87180	TRUE	6.352854922860637e-6	-0.4277134667649687	TRUE	650	63	5.157213246247278
ENSG00000172757	chr11:65708904-65709205	650	92617	TRUE	6.493293086965932e-6	-0.4918145126674718	TRUE	650	63	47.93282081731721
ENSG00000172500	chr11:65708904-65709205	637	88213	TRUE	5.8798615837689534e-5	-0.4165628936895627	TRUE	650	63	5.479389980936904
ENSG00000173465	chr11:65708904-65709205	618	85945	TRUE	8.160574809785407e-5	-0.5154719177455247	TRUE	650	63	5.40783566153109
ENSG00000172725	chr11:65708904-65709205	496	70019	TRUE	9.098238111795297e-5	-0.4787516404578088	TRUE	650	63	2.3943977415960918
ENSG00000175602	chr11:65708904-65709205	398	55156	TRUE	1.4321879006821275e-4	-0.5807768810735152	TRUE	650	63	1.5986541246080608
ENSG00000174744	chr11:65708904-65709205	560	75214	TRUE	4e-4	-0.575642915617014	TRUE	650	63	2.6230819713116036
ENSG00000172922	chr11:65708904-65709205	257	33278	TRUE	0.0011420726517070035	-0.43960622737827126	TRUE	650	63	0.5004427221684011
ENSG00000175334	chr11:65708904-65709205	650	92617	TRUE	2.4082955734439412e-17	-0.5990232394846489	TRUE	650	64	30.385824557017408
ENSG00000173465	chr11:65708904-65709205	618	85945	TRUE	2.1793800076499892e-14	-0.7393718112185832	TRUE	650	64	5.40783566153109
ENSG00000142186	chr11:65708904-65709205	571	79826	TRUE	1.3379553788301163e-13	-0.6601231055652923	TRUE	650	64	2.797785347458775
ENSG00000167797	chr11:65708904-65709205	609	87180	TRUE	8.117185513142673e-13	-0.5965586065993125	TRUE	650	64	5.157213246247278
ENSG00000172531	chr11:65708904-65709205	648	92345	TRUE	2.0310667175012557e-11	-0.5889851324144777	TRUE	650	64	19.914945258706002
ENSG00000174851	chr11:65708904-65709205	644	91666	TRUE	1.9525213685929256e-10	-0.5569574480425845	TRUE	650	64	11.07171057428878
ENSG00000239306	chr11:65708904-65709205	589	82675	TRUE	3.7159387681999003e-10	-0.6325996559655773	TRUE	650	64	3.9567486483952625
ENSG00000172757	chr11:65708904-65709205	650	92617	TRUE	3.714291610505693e-9	-0.5844918098417855	TRUE	650	64	47.93282081731721
ENSG00000174903	chr11:65708904-65709205	639	89804	TRUE	4.126957149127718e-9	-0.5200617935330589	TRUE	650	64	6.175057553881892
ENSG00000175634	chr11:65708904-65709205	636	90035	TRUE	1.3083578965933785e-8	-0.5057213460240764	TRUE	650	64	6.5861849849474465
ENSG00000087365	chr11:65708904-65709205	641	91355	TRUE	2.694640981975151e-7	-0.4692143392019541	TRUE	650	64	8.829453003739701
ENSG00000174547	chr11:65708904-65709205	646	91731	TRUE	2.8166955033610613e-7	-0.5234391219303851	TRUE	650	64	13.077158661208163
ENSG00000175482	chr11:65708904-65709205	612	86282	TRUE	3.1450208039631236e-7	-0.38500560961656527	TRUE	650	64	4.8291613279581656
ENSG00000172500	chr11:65708904-65709205	637	88213	TRUE	6.249367249442507e-7	-0.4891760953279536	TRUE	650	64	5.479389980936904
ENSG00000175550	chr11:65708904-65709205	643	91646	TRUE	4.231096878064321e-6	-0.39934575386064797	TRUE	650	64	9.296175922164235
ENSG00000174744	chr11:65708904-65709205	560	75214	TRUE	1.835015447210816e-5	-0.5511710174468787	TRUE	650	64	2.6230819713116036
ENSG00000172725	chr11:65708904-65709205	496	70019	TRUE	2.0775487903463403e-5	-0.5108128496901074	TRUE	650	64	2.3943977415960918
ENSG00000175602	chr11:65708904-65709205	398	55156	TRUE	7.106939144015719e-5	-0.5687710278133611	TRUE	650	64	1.5986541246080608
ENSG00000176973	chr11:65708904-65709205	436	56251	TRUE	1.2075149350885758e-4	-0.4810572470791933	TRUE	650	64	1.183401564632228
ENSG00000110711	chr11:65708904-65709205	575	80015	TRUE	1.7145247624415424e-4	-0.4025301610350016	TRUE	650	64	2.931508276300301
ENSG00000172922	chr11:65708904-65709205	257	33278	TRUE	0.002099590936884041	-0.43960622737827126	TRUE	650	64	0.5004427221684011
ENSG00000172663	chr11:65708904-65709205	487	66108	TRUE	0.028	-0.21841315436255027	TRUE	650	64	1.8816942196110296
ENSG00000173465	chr11:65708904-65709205	618	85945	TRUE	9.237430438554399e-22	-0.8496828874707667	TRUE	650	65	5.40783566153109
ENSG00000172531	chr11:65708904-65709205	648	92345	TRUE	3.749444280580364e-19	-0.6899469064993604	TRUE	650	65	19.914945258706002
ENSG00000110711	chr11:65708904-65709205	575	80015	TRUE	4.329834885293948e-18	-0.7214899814667877	TRUE	650	65	2.931508276300301
ENSG00000175334	chr11:65708904-65709205	650	92617	TRUE	4.807898467957963e-15	-0.548186252910897	TRUE	650	65	30.385824557017408
ENSG00000174547	chr11:65708904-65709205	646	91731	TRUE	1.5563846997657683e-14	-0.6428383835096634	TRUE	650	65	13.077158661208163
ENSG00000175482	chr11:65708904-65709205	612	86282	TRUE	3.8746662576643316e-13	-0.5304616154649782	TRUE	650	65	4.8291613279581656
ENSG00000175550	chr11:65708904-65709205	643	91646	TRUE	7.589929695690458e-13	-0.5211416870235421	TRUE	650	65	9.296175922164235
ENSG00000239306	chr11:65708904-65709205	589	82675	TRUE	1.8020668281655065e-10	-0.6191938116533813	TRUE	650	65	3.9567486483952625
ENSG00000174851	chr11:65708904-65709205	644	91666	TRUE	6.109609933430577e-10	-0.5052291653737999	TRUE	650	65	11.07171057428878
ENSG00000172757	chr11:65708904-65709205	650	92617	TRUE	1.7797271801024673e-9	-0.5731400069983401	TRUE	650	65	47.93282081731721
ENSG00000087365	chr11:65708904-65709205	641	91355	TRUE	2.005375255494208e-9	-0.5122638782325439	TRUE	650	65	8.829453003739701
ENSG00000172500	chr11:65708904-65709205	637	88213	TRUE	5.476475372744993e-9	-0.528219476848292	TRUE	650	65	5.479389980936904
ENSG00000174903	chr11:65708904-65709205	639	89804	TRUE	4.2109855736294243e-08	-0.4909341297043204	TRUE	650	65	6.175057553881892
ENSG00000142186	chr11:65708904-65709205	571	79826	TRUE	5.065127623261141e-8	-0.5414786090666732	TRUE	650	65	2.797785347458775
ENSG00000175602	chr11:65708904-65709205	398	55156	TRUE	1.839227817577527e-7	-0.700110453388875	TRUE	650	65	1.5986541246080608
ENSG00000172663	chr11:65708904-65709205	487	66108	TRUE	5.218234297835666e-6	-0.3645456596831005	TRUE	650	65	1.8816942196110296
ENSG00000167797	chr11:65708904-65709205	609	87180	TRUE	5.2439475156037824e-6	-0.40520439511821227	TRUE	650	65	5.157213246247278
ENSG00000174744	chr11:65708904-65709205	560	75214	TRUE	6.938570113392646e-6	-0.5823897480575989	TRUE	650	65	2.6230819713116036
ENSG00000172725	chr11:65708904-65709205	496	70019	TRUE	1.805835220107456e-5	-0.4946931843268305	TRUE	650	65	2.3943977415960918
ENSG00000172922	chr11:65708904-65709205	257	33278	TRUE	4.395405139223565e-5	-0.5260209791957444	TRUE	650	65	0.5004427221684011
ENSG00000175634	chr11:65708904-65709205	636	90035	TRUE	3.4249297144824456e-4	-0.37335544617381977	TRUE	650	65	6.5861849849474465
ENSG00000176973	chr11:65708904-65709205	436	56251	TRUE	0.0019203176715264017	-0.43428832053283645	TRUE	650	65	1.183401564632228
ENSG00000174851	chr11:65708904-65709205	644	91666	TRUE	6.278242417239009e-16	-0.6359306221546772	TRUE	650	66	11.07171057428878
ENSG00000087365	chr11:65708904-65709205	641	91355	TRUE	1.6699102188449699e-15	-0.6051993696540254	TRUE	650	66	8.829453003739701
ENSG00000175334	chr11:65708904-65709205	650	92617	TRUE	3.881521774965337e-12	-0.5036718648426612	TRUE	650	66	30.385824557017408
ENSG00000172500	chr11:65708904-65709205	637	88213	TRUE	2.7247535875182487e-11	-0.5532363984411859	TRUE	650	66	5.479389980936904
ENSG00000172757	chr11:65708904-65709205	650	92617	TRUE	9.744834728378764e-11	-0.585301630262089	TRUE	650	66	47.93282081731721
ENSG00000175634	chr11:65708904-65709205	636	90035	TRUE	1.3727074562795932e-10	-0.5330927583798344	TRUE	650	66	6.5861849849474465
ENSG00000142186	chr11:65708904-65709205	571	79826	TRUE	1.4609317742208868e-10	-0.5941022747010263	TRUE	650	66	2.797785347458775
ENSG00000174903	chr11:65708904-65709205	639	89804	TRUE	7.150935165908461e-10	-0.5322562975617391	TRUE	650	66	6.175057553881892
ENSG00000172725	chr11:65708904-65709205	496	70019	TRUE	2.9568034122745643e-9	-0.6008497737702883	TRUE	650	66	2.3943977415960918
ENSG00000110711	chr11:65708904-65709205	575	80015	TRUE	1.6691040598995323e-8	-0.529557873660419	TRUE	650	66	2.931508276300301
ENSG00000173465	chr11:65708904-65709205	618	85945	TRUE	2.1583778850705e-8	-0.5779595345795097	TRUE	650	66	5.40783566153109
ENSG00000175550	chr11:65708904-65709205	643	91646	TRUE	5.18127815781963e-8	-0.4240078080949172	TRUE	650	66	9.296175922164235
ENSG00000172922	chr11:65708904-65709205	257	33278	TRUE	1.2439495533723478e-7	-0.6892822503570459	TRUE	650	66	0.5004427221684011
ENSG00000175602	chr11:65708904-65709205	398	55156	TRUE	2.334402213820079e-7	-0.6720121337147081	TRUE	650	66	1.5986541246080608
ENSG00000172531	chr11:65708904-65709205	648	92345	TRUE	2.40905381476426e-7	-0.4905282677136227	TRUE	650	66	19.914945258706002
ENSG00000239306	chr11:65708904-65709205	589	82675	TRUE	1.0139215461048463e-5	-0.46029984733536167	TRUE	650	66	3.9567486483952625
ENSG00000174744	chr11:65708904-65709205	560	75214	TRUE	8.432710614523012e-5	-0.5292784115980367	TRUE	650	66	2.6230819713116036
ENSG00000175482	chr11:65708904-65709205	612	86282	TRUE	1.5704852013526116e-4	-0.2903151694056034	TRUE	650	66	4.8291613279581656
ENSG00000174547	chr11:65708904-65709205	646	91731	TRUE	1.7257197015617572e-4	-0.42315759971430955	TRUE	650	66	13.077158661208163
ENSG00000172663	chr11:65708904-65709205	487	66108	TRUE	9.575294428003644e-4	-0.2972983186035849	TRUE	650	66	1.8816942196110296
ENSG00000176973	chr11:65708904-65709205	436	56251	TRUE	9.922242351397756e-4	-0.4365911064022571	TRUE	650	66	1.183401564632228
ENSG00000167797	chr11:65708904-65709205	609	87180	TRUE	0.00206240017225931	-0.33920251300803406	TRUE	650	66	5.157213246247278
ENSG00000239306	chr11:65708904-65709205	589	82675	TRUE	4.4487868955552895e-13	-0.647731567128877	TRUE	650	67	3.9567486483952625
ENSG00000175334	chr11:65708904-65709205	650	92617	TRUE	2.649541737524521e-12	-0.4989862646183987	TRUE	650	67	30.385824557017408
ENSG00000142186	chr11:65708904-65709205	571	79826	TRUE	4.4864024477274616e-12	-0.6183683597008717	TRUE	650	67	2.797785347458775
ENSG00000174851	chr11:65708904-65709205	644	91666	TRUE	2.9363412487363205e-11	-0.5245419416588577	TRUE	650	67	11.07171057428878
ENSG00000174903	chr11:65708904-65709205	639	89804	TRUE	6.961876561917508e-11	-0.5488364591749653	TRUE	650	67	6.175057553881892
ENSG00000172531	chr11:65708904-65709205	648	92345	TRUE	1.8403569465406735e-10	-0.5612847762315618	TRUE	650	67	19.914945258706002
ENSG00000174744	chr11:65708904-65709205	560	75214	TRUE	2.2018933493576185e-10	-0.7009698399651987	TRUE	650	67	2.6230819713116036
ENSG00000175550	chr11:65708904-65709205	643	91646	TRUE	7.407299212438862e-9	-0.4387143069099424	TRUE	650	67	9.296175922164235
ENSG00000175634	chr11:65708904-65709205	636	90035	TRUE	2.388240018372695e-8	-0.49222794663038316	TRUE	650	67	6.5861849849474465
ENSG00000173465	chr11:65708904-65709205	618	85945	TRUE	2.6504167490392326e-8	-0.5846386902171365	TRUE	650	67	5.40783566153109
ENSG00000172757	chr11:65708904-65709205	650	92617	TRUE	1.21416414795069e-7	-0.504720421894433	TRUE	650	67	47.93282081731721
ENSG00000167797	chr11:65708904-65709205	609	87180	TRUE	1.4362154187238792e-7	-0.4582824962657748	TRUE	650	67	5.157213246247278
ENSG00000174547	chr11:65708904-65709205	646	91731	TRUE	1.5549129690826773e-7	-0.4791399564322387	TRUE	650	67	13.077158661208163
ENSG00000176973	chr11:65708904-65709205	436	56251	TRUE	4.1536803137997734e-7	-0.5768628338301933	TRUE	650	67	1.183401564632228
ENSG00000175482	chr11:65708904-65709205	612	86282	TRUE	8.640282796836592e-7	-0.3593619777981396	TRUE	650	67	4.8291613279581656
ENSG00000172663	chr11:65708904-65709205	487	66108	TRUE	9.623217707752487e-7	-0.4076587660460904	TRUE	650	67	1.8816942196110296
ENSG00000175602	chr11:65708904-65709205	398	55156	TRUE	1.4013779935763762e-6	-0.6720121337147081	TRUE	650	67	1.5986541246080608
ENSG00000087365	chr11:65708904-65709205	641	91355	TRUE	1.6170849386125212e-6	-0.4317234021148235	TRUE	650	67	8.829453003739701
ENSG00000172500	chr11:65708904-65709205	637	88213	TRUE	1.650618312788732e-6	-0.45266305929448114	TRUE	650	67	5.479389980936904
ENSG00000110711	chr11:65708904-65709205	575	80015	TRUE	2.225772254615629e-6	-0.45655604271751216	TRUE	650	67	2.931508276300301
ENSG00000172725	chr11:65708904-65709205	496	70019	TRUE	8.283375228383509e-6	-0.5083211477911256	TRUE	650	67	2.3943977415960918
ENSG00000172922	chr11:65708904-65709205	257	33278	TRUE	4.008124714716399e-4	-0.44520893360764724	TRUE	650	67	0.5004427221684011
ENSG00000175550	chr11:65708904-65709205	643	91646	TRUE	2.8793525024504758e-21	-0.6330497131545387	TRUE	650	68	9.296175922164235
ENSG00000174744	chr11:65708904-65709205	560	75214	TRUE	1.4708125704576384e-13	-0.7827843256049296	TRUE	650	68	2.6230819713116036
ENSG00000172531	chr11:65708904-65709205	648	92345	TRUE	2.3508302450335136e-12	-0.595348636925801	TRUE	650	68	19.914945258706002
ENSG00000175334	chr11:65708904-65709205	650	92617	TRUE	3.844655173727641e-12	-0.5122389068021054	TRUE	650	68	30.385824557017408
ENSG00000172725	chr11:65708904-65709205	496	70019	TRUE	1.1090085126052974e-10	-0.6660060598933857	TRUE	650	68	2.3943977415960918
ENSG00000174547	chr11:65708904-65709205	646	91731	TRUE	1.1738595615932458e-9	-0.542136188738219	TRUE	650	68	13.077158661208163
ENSG00000173465	chr11:65708904-65709205	618	85945	TRUE	3.758365177251729e-9	-0.606562005753196	TRUE	650	68	5.40783566153109
ENSG00000142186	chr11:65708904-65709205	571	79826	TRUE	9.560896542131059e-9	-0.5404243926946717	TRUE	650	68	2.797785347458775
ENSG00000174903	chr11:65708904-65709205	639	89804	TRUE	1.0825726571753492e-8	-0.5135379676319776	TRUE	650	68	6.175057553881892
ENSG00000176973	chr11:65708904-65709205	436	56251	TRUE	6.858678675206848e-8	-0.6312129305423189	TRUE	650	68	1.183401564632228
ENSG00000172500	chr11:65708904-65709205	637	88213	TRUE	9.652261227358668e-8	-0.48763612538181667	TRUE	650	68	5.479389980936904
ENSG00000175482	chr11:65708904-65709205	612	86282	TRUE	9.908962730839643e-8	-0.4157024068394817	TRUE	650	68	4.8291613279581656
ENSG00000174851	chr11:65708904-65709205	644	91666	TRUE	3.057969406804504e-7	-0.47318220040917724	TRUE	650	68	11.07171057428878
ENSG00000087365	chr11:65708904-65709205	641	91355	TRUE	5.272291496334625e-7	-0.45065953141788473	TRUE	650	68	8.829453003739701
ENSG00000172757	chr11:65708904-65709205	650	92617	TRUE	6.519557177596023e-7	-0.5194086874510369	TRUE	650	68	47.93282081731721
ENSG00000167797	chr11:65708904-65709205	609	87180	TRUE	1.0211792316984145e-6	-0.4314993603288162	TRUE	650	68	5.157213246247278
ENSG00000175602	chr11:65708904-65709205	398	55156	TRUE	1.1068870371465475e-6	-0.6613491506518345	TRUE	650	68	1.5986541246080608
ENSG00000175634	chr11:65708904-65709205	636	90035	TRUE	9.809788786949928e-6	-0.417512693336195	TRUE	650	68	6.5861849849474465
ENSG00000239306	chr11:65708904-65709205	589	82675	TRUE	1.3552714337247349e-5	-0.47798448947551675	TRUE	650	68	3.9567486483952625
ENSG00000172663	chr11:65708904-65709205	487	66108	TRUE	1.6346921911296417e-5	-0.34852364195875796	TRUE	650	68	1.8816942196110296
ENSG00000110711	chr11:65708904-65709205	575	80015	TRUE	0.001283864448758082	-0.3664157586184824	TRUE	650	68	2.931508276300301
ENSG00000172922	chr11:65708904-65709205	257	33278	TRUE	0.0031391339378539843	-0.41191449350922293	TRUE	650	68	0.5004427221684011
ENSG00000175334	chr11:65708904-65709205	650	92617	TRUE	3.6578004622066965e-13	-0.5106346014400467	TRUE	650	69	30.385824557017408
ENSG00000172500	chr11:65708904-65709205	637	88213	TRUE	3.784160141480206e-12	-0.6146602874964087	TRUE	650	69	5.479389980936904
ENSG00000173465	chr11:65708904-65709205	618	85945	TRUE	7.474228442781005e-12	-0.7092569554813872	TRUE	650	69	5.40783566153109
ENSG00000174903	chr11:65708904-65709205	639	89804	TRUE	8.126852318263706e-12	-0.5694707330085294	TRUE	650	69	6.175057553881892
ENSG00000087365	chr11:65708904-65709205	641	91355	TRUE	2.2147438598876957e-11	-0.551937185910627	TRUE	650	69	8.829453003739701
ENSG00000172531	chr11:65708904-65709205	648	92345	TRUE	3.0122502040027843e-11	-0.5721517458371346	TRUE	650	69	19.914945258706002
ENSG00000239306	chr11:65708904-65709205	589	82675	TRUE	1.0468936761502226e-10	-0.6493336717253786	TRUE	650	69	3.9567486483952625
ENSG00000110711	chr11:65708904-65709205	575	80015	TRUE	1.2552339961675155e-10	-0.5649322037623044	TRUE	650	69	2.931508276300301
ENSG00000174547	chr11:65708904-65709205	646	91731	TRUE	2.2296002975105478e-10	-0.5903188666563852	TRUE	650	69	13.077158661208163
ENSG00000174851	chr11:65708904-65709205	644	91666	TRUE	3.2472379142504796e-10	-0.5284884063452222	TRUE	650	69	11.07171057428878
ENSG00000175634	chr11:65708904-65709205	636	90035	TRUE	7.079520476078826e-9	-0.5030998521939534	TRUE	650	69	6.5861849849474465
ENSG00000172725	chr11:65708904-65709205	496	70019	TRUE	7.471798264741577e-8	-0.5836981903855754	TRUE	650	69	2.3943977415960918
ENSG00000172757	chr11:65708904-65709205	650	92617	TRUE	2.8489650085426494e-7	-0.5428744915339729	TRUE	650	69	47.93282081731721
ENSG00000167797	chr11:65708904-65709205	609	87180	TRUE	8.217283175572759e-7	-0.4571795183520435	TRUE	650	69	5.157213246247278
ENSG00000174744	chr11:65708904-65709205	560	75214	TRUE	1.4709508037006626e-6	-0.6154517687791415	TRUE	650	69	2.6230819713116036
ENSG00000176973	chr11:65708904-65709205	436	56251	TRUE	1.988904331137449e-6	-0.5617030266591876	TRUE	650	69	1.183401564632228
ENSG00000175482	chr11:65708904-65709205	612	86282	TRUE	2.1316361200249246e-6	-0.3693422292576869	TRUE	650	69	4.8291613279581656
ENSG00000175550	chr11:65708904-65709205	643	91646	TRUE	5.061822671181067e-6	-0.405977520497943	TRUE	650	69	9.296175922164235
ENSG00000142186	chr11:65708904-65709205	571	79826	TRUE	2.2286164822871114e-5	-0.45749393905027436	TRUE	650	69	2.797785347458775
ENSG00000175602	chr11:65708904-65709205	398	55156	TRUE	0.044	-0.4374398591925881	TRUE	650	69	1.5986541246080608
ENSG00000172663	chr11:65708904-65709205	487	66108	TRUE	0.064	-0.20000111724866998	TRUE	650	69	1.8816942196110296
ENSG00000172922	chr11:65708904-65709205	257	33278	TRUE	0.26	-0.22683180860342023	FALSE	650	69	0.5004427221684011
ENSG00000175334	chr11:65708904-65709205	650	92617	TRUE	1.291642223578965e-22	-0.640527869919219	TRUE	650	70	30.385824557017408
ENSG00000174851	chr11:65708904-65709205	644	91666	TRUE	5.0216046841723754e-21	-0.6976890806334173	TRUE	650	70	11.07171057428878
ENSG00000175634	chr11:65708904-65709205	636	90035	TRUE	2.7727694474859023e-19	-0.7036864481497096	TRUE	650	70	6.5861849849474465
ENSG00000172757	chr11:65708904-65709205	650	92617	TRUE	5.09242172772693e-16	-0.6887459557886002	TRUE	650	70	47.93282081731721
ENSG00000172531	chr11:65708904-65709205	648	92345	TRUE	5.587209594177704e-15	-0.6248018074252721	TRUE	650	70	19.914945258706002
ENSG00000175550	chr11:65708904-65709205	643	91646	TRUE	3.3218038023265057e-14	-0.5662892000569353	TRUE	650	70	9.296175922164235
ENSG00000174547	chr11:65708904-65709205	646	91731	TRUE	3.880033026422789e-14	-0.6297690889315133	TRUE	650	70	13.077158661208163
ENSG00000087365	chr11:65708904-65709205	641	91355	TRUE	6.457214573627373e-14	-0.5961846633074162	TRUE	650	70	8.829453003739701
ENSG00000172500	chr11:65708904-65709205	637	88213	TRUE	1.072829540523369e-12	-0.5841699202746873	TRUE	650	70	5.479389980936904
ENSG00000174903	chr11:65708904-65709205	639	89804	TRUE	1.949033059036741e-12	-0.5689874990261554	TRUE	650	70	6.175057553881892
ENSG00000175482	chr11:65708904-65709205	612	86282	TRUE	1.7616676994991267e-11	-0.49179102224686755	TRUE	650	70	4.8291613279581656
ENSG00000174744	chr11:65708904-65709205	560	75214	TRUE	9.067652088493576e-11	-0.7182036034033187	TRUE	650	70	2.6230819713116036
ENSG00000167797	chr11:65708904-65709205	609	87180	TRUE	1.4036971096008388e-9	-0.4906412821584294	TRUE	650	70	5.157213246247278
ENSG00000172725	chr11:65708904-65709205	496	70019	TRUE	1.548100552607154e-9	-0.6048369574437259	TRUE	650	70	2.3943977415960918
ENSG00000142186	chr11:65708904-65709205	571	79826	TRUE	2.9221144378412512e-9	-0.5670137011738108	TRUE	650	70	2.797785347458775
ENSG00000239306	chr11:65708904-65709205	589	82675	TRUE	7.065591011914065e-9	-0.5630027999649592	TRUE	650	70	3.9567486483952625
ENSG00000173465	chr11:65708904-65709205	618	85945	TRUE	2.765054052617042e-8	-0.6031674276202719	TRUE	650	70	5.40783566153109
ENSG00000172663	chr11:65708904-65709205	487	66108	TRUE	3.031831425579092e-8	-0.4536571907666026	TRUE	650	70	1.8816942196110296
ENSG00000110711	chr11:65708904-65709205	575	80015	TRUE	1.3641942688680372e-7	-0.4921087685938297	TRUE	650	70	2.931508276300301
ENSG00000176973	chr11:65708904-65709205	436	56251	TRUE	6.906089314910819e-7	-0.5717918442827714	TRUE	650	70	1.183401564632228
ENSG00000175602	chr11:65708904-65709205	398	55156	TRUE	8.196538629004144e-4	-0.5255850946413285	TRUE	650	70	1.5986541246080608
ENSG00000172922	chr11:65708904-65709205	257	33278	TRUE	0.002382350169778537	-0.422927486231641	TRUE	650	70	0.5004427221684011
ENSG00000175334	chr11:65708904-65709205	650	92617	TRUE	2.6816161483203466e-22	-0.609489995143301	TRUE	650	71	30.385824557017408
ENSG00000172725	chr11:65708904-65709205	496	70019	TRUE	3.524399868767962e-18	-0.8135418862822208	TRUE	650	71	2.3943977415960918
ENSG00000087365	chr11:65708904-65709205	641	91355	TRUE	3.524879097510206e-15	-0.5951481203044584	TRUE	650	71	8.829453003739701
ENSG00000174547	chr11:65708904-65709205	646	91731	TRUE	1.3528797845688831e-14	-0.5976046272360551	TRUE	650	71	13.077158661208163
ENSG00000174903	chr11:65708904-65709205	639	89804	TRUE	4.311849785987416e-13	-0.5859977437286896	TRUE	650	71	6.175057553881892
ENSG00000172531	chr11:65708904-65709205	648	92345	TRUE	1.2492115064342076e-12	-0.5666336002238008	TRUE	650	71	19.914945258706002
ENSG00000173465	chr11:65708904-65709205	618	85945	TRUE	1.8264144434601015e-12	-0.6744046515342474	TRUE	650	71	5.40783566153109
ENSG00000172663	chr11:65708904-65709205	487	66108	TRUE	6.643743778846832e-12	-0.5857180428572923	TRUE	650	71	1.8816942196110296
ENSG00000174744	chr11:65708904-65709205	560	75214	TRUE	3.8864500616452087e-10	-0.6912136233030546	TRUE	650	71	2.6230819713116036
ENSG00000175550	chr11:65708904-65709205	643	91646	TRUE	1.2175739630004308e-9	-0.4490987890577478	TRUE	650	71	9.296175922164235
ENSG00000172500	chr11:65708904-65709205	637	88213	TRUE	1.2936627881200882e-9	-0.5198011011549677	TRUE	650	71	5.479389980936904
ENSG00000175634	chr11:65708904-65709205	636	90035	TRUE	2.641770475572886e-8	-0.4681681506933657	TRUE	650	71	6.5861849849474465
ENSG00000175602	chr11:65708904-65709205	398	55156	TRUE	3.1957418615064697e-8	-0.7287669120119418	TRUE	650	71	1.5986541246080608
ENSG00000142186	chr11:65708904-65709205	571	79826	TRUE	4.5464776985487204e-8	-0.5278335196945201	TRUE	650	71	2.797785347458775
ENSG00000172757	chr11:65708904-65709205	650	92617	TRUE	4.8668785030119444e-8	-0.5131123305230432	TRUE	650	71	47.93282081731721
ENSG00000174851	chr11:65708904-65709205	644	91666	TRUE	7.73230328348219e-8	-0.46181736669993434	TRUE	650	71	11.07171057428878
ENSG00000167797	chr11:65708904-65709205	609	87180	TRUE	1.3672223765631838e-7	-0.44510209207381024	TRUE	650	71	5.157213246247278
ENSG00000175482	chr11:65708904-65709205	612	86282	TRUE	7.36937576631771e-7	-0.38331923298867854	TRUE	650	71	4.8291613279581656
ENSG00000239306	chr11:65708904-65709205	589	82675	TRUE	3.1665187222387065e-5	-0.45398607340315933	TRUE	650	71	3.9567486483952625
ENSG00000176973	chr11:65708904-65709205	436	56251	TRUE	4.898332708312648e-5	-0.5098640951395697	TRUE	650	71	1.183401564632228
ENSG00000110711	chr11:65708904-65709205	575	80015	TRUE	1.4773894957999245e-4	-0.3717756225204927	TRUE	650	71	2.931508276300301
ENSG00000172922	chr11:65708904-65709205	257	33278	TRUE	0.00476827003058642	-0.3740178857506944	TRUE	650	71	0.5004427221684011
ENSG00000175550	chr11:65708904-65709205	643	91646	TRUE	1.7572409455008492e-13	-0.5337170121517429	TRUE	650	72	9.296175922164235
ENSG00000174903	chr11:65708904-65709205	639	89804	TRUE	7.43167086275645e-12	-0.5704376868254841	TRUE	650	72	6.175057553881892
ENSG00000167797	chr11:65708904-65709205	609	87180	TRUE	6.380969699431053e-11	-0.5452626809156209	TRUE	650	72	5.157213246247278
ENSG00000142186	chr11:65708904-65709205	571	79826	TRUE	1.2309560070373007e-9	-0.5648684293422541	TRUE	650	72	2.797785347458775
ENSG00000174547	chr11:65708904-65709205	646	91731	TRUE	3.7071660877669745e-9	-0.524110715568499	TRUE	650	72	13.077158661208163
ENSG00000172531	chr11:65708904-65709205	648	92345	TRUE	1.0756233270711643e-8	-0.5161717894304161	TRUE	650	72	19.914945258706002
ENSG00000110711	chr11:65708904-65709205	575	80015	TRUE	1.3530889451547002e-8	-0.5315560665572618	TRUE	650	72	2.931508276300301
ENSG00000174851	chr11:65708904-65709205	644	91666	TRUE	3.956507422372824e-8	-0.4726751910766396	TRUE	650	72	11.07171057428878
ENSG00000087365	chr11:65708904-65709205	641	91355	TRUE	1.0324625608836703e-7	-0.4784227244171393	TRUE	650	72	8.829453003739701
ENSG00000175334	chr11:65708904-65709205	650	92617	TRUE	3.286063428510039e-7	-0.41343992378437555	TRUE	650	72	30.385824557017408
ENSG00000239306	chr11:65708904-65709205	589	82675	TRUE	3.7721470307253537e-6	-0.4858349394424992	TRUE	650	72	3.9567486483952625
ENSG00000175482	chr11:65708904-65709205	612	86282	TRUE	1.6022761892980214e-5	-0.3336233308348069	TRUE	650	72	4.8291613279581656
ENSG00000173465	chr11:65708904-65709205	618	85945	TRUE	1.8729092436077987e-5	-0.5288278272486306	TRUE	650	72	5.40783566153109
ENSG00000175634	chr11:65708904-65709205	636	90035	TRUE	9.59012090032841e-5	-0.39303890812219544	TRUE	650	72	6.5861849849474465
ENSG00000176973	chr11:65708904-65709205	436	56251	TRUE	1.2088337533152499e-4	-0.48343596986192455	TRUE	650	72	1.183401564632228
ENSG00000172725	chr11:65708904-65709205	496	70019	TRUE	2.6198829823052177e-4	-0.4307773102702106	TRUE	650	72	2.3943977415960918
ENSG00000172757	chr11:65708904-65709205	650	92617	TRUE	2.854466576656632e-4	-0.448041707868879	TRUE	650	72	47.93282081731721
ENSG00000174744	chr11:65708904-65709205	560	75214	TRUE	5.094424904961183e-4	-0.5034384066627768	TRUE	650	72	2.6230819713116036
ENSG00000175602	chr11:65708904-65709205	398	55156	TRUE	0.0011884823054016634	-0.5255850946413285	TRUE	650	72	1.5986541246080608
ENSG00000172922	chr11:65708904-65709205	257	33278	TRUE	0.00242686384514941	-0.40098493335096386	TRUE	650	72	0.5004427221684011
ENSG00000172663	chr11:65708904-65709205	487	66108	TRUE	0.0037767410355049463	-0.25459969249573433	TRUE	650	72	1.8816942196110296
ENSG00000172500	chr11:65708904-65709205	637	88213	TRUE	0.003975820737658342	-0.3492933103527247	TRUE	650	72	5.479389980936904
ENSG00000175334	chr11:65708904-65709205	650	92617	TRUE	1.576042165278272e-20	-0.6198297593409894	TRUE	650	73	30.385824557017408
ENSG00000175550	chr11:65708904-65709205	643	91646	TRUE	2.982787964537894e-20	-0.6350807248098538	TRUE	650	73	9.296175922164235
ENSG00000172531	chr11:65708904-65709205	648	92345	TRUE	1.0978592852562971e-16	-0.6403835016137962	TRUE	650	73	19.914945258706002
ENSG00000110711	chr11:65708904-65709205	575	80015	TRUE	1.867426986313893e-15	-0.6492011206599082	TRUE	650	73	2.931508276300301
ENSG00000087365	chr11:65708904-65709205	641	91355	TRUE	1.962546113835428e-14	-0.595839066218474	TRUE	650	73	8.829453003739701
ENSG00000174547	chr11:65708904-65709205	646	91731	TRUE	1.7830804488956545e-13	-0.6199245809521634	TRUE	650	73	13.077158661208163
ENSG00000167797	chr11:65708904-65709205	609	87180	TRUE	4.098975781838811e-13	-0.5748635354999936	TRUE	650	73	5.157213246247278
ENSG00000174903	chr11:65708904-65709205	639	89804	TRUE	6.724273744861648e-13	-0.5762530593252824	TRUE	650	73	6.175057553881892
ENSG00000174851	chr11:65708904-65709205	644	91666	TRUE	1.2971277435201733e-12	-0.552664508171552	TRUE	650	73	11.07171057428878
ENSG00000172663	chr11:65708904-65709205	487	66108	TRUE	1.9172730839704136e-12	-0.5738159538010008	TRUE	650	73	1.8816942196110296
ENSG00000175482	chr11:65708904-65709205	612	86282	TRUE	2.0375434633046466e-12	-0.4911854839207108	TRUE	650	73	4.8291613279581656
ENSG00000239306	chr11:65708904-65709205	589	82675	TRUE	8.768786871230225e-11	-0.6176248119980403	TRUE	650	73	3.9567486483952625
ENSG00000175634	chr11:65708904-65709205	636	90035	TRUE	1.5267056412146345e-10	-0.5264228665139798	TRUE	650	73	6.5861849849474465
ENSG00000172500	chr11:65708904-65709205	637	88213	TRUE	1.062912152692048e-9	-0.5366872636869604	TRUE	650	73	5.479389980936904
ENSG00000172757	chr11:65708904-65709205	650	92617	TRUE	1.781527240455012e-9	-0.5743144626332386	TRUE	650	73	47.93282081731721
ENSG00000142186	chr11:65708904-65709205	571	79826	TRUE	4.0375869075958624e-9	-0.5435893556624807	TRUE	650	73	2.797785347458775
ENSG00000175602	chr11:65708904-65709205	398	55156	TRUE	1.401323507658537e-8	-0.7309950129040589	TRUE	650	73	1.5986541246080608
ENSG00000172725	chr11:65708904-65709205	496	70019	TRUE	8.061150828109079e-8	-0.5693428974085053	TRUE	650	73	2.3943977415960918
ENSG00000173465	chr11:65708904-65709205	618	85945	TRUE	1.2493584499478796e-7	-0.573523881459256	TRUE	650	73	5.40783566153109
ENSG00000172922	chr11:65708904-65709205	257	33278	TRUE	2.6611641399016967e-7	-0.6434785607439213	TRUE	650	73	0.5004427221684011
ENSG00000174744	chr11:65708904-65709205	560	75214	TRUE	3.9050837454554597e-7	-0.5971170338041517	TRUE	650	73	2.6230819713116036
ENSG00000176973	chr11:65708904-65709205	436	56251	TRUE	9.657903260701199e-6	-0.5098640951395697	TRUE	650	73	1.183401564632228
ENSG00000172757	chr11:65708904-65709205	650	92617	TRUE	2.570737579371857e-19	-0.7481948231728799	TRUE	650	74	47.93282081731721
ENSG00000087365	chr11:65708904-65709205	641	91355	TRUE	8.901816225316869e-16	-0.6237518119388801	TRUE	650	74	8.829453003739701
ENSG00000239306	chr11:65708904-65709205	589	82675	TRUE	3.329037347475889e-14	-0.7157610334643545	TRUE	650	74	3.9567486483952625
ENSG00000174903	chr11:65708904-65709205	639	89804	TRUE	8.665251106357655e-13	-0.5958086964711553	TRUE	650	74	6.175057553881892
ENSG00000174547	chr11:65708904-65709205	646	91731	TRUE	6.708267975265158e-12	-0.5835363047295177	TRUE	650	74	13.077158661208163
ENSG00000175334	chr11:65708904-65709205	650	92617	TRUE	1.5229331072099147e-11	-0.4931971757208622	TRUE	650	74	30.385824557017408
ENSG00000110711	chr11:65708904-65709205	575	80015	TRUE	4.164401493968951e-11	-0.5907413901119094	TRUE	650	74	2.931508276300301
ENSG00000174851	chr11:65708904-65709205	644	91666	TRUE	4.340965479767883e-11	-0.5350899326478498	TRUE	650	74	11.07171057428878
ENSG00000175550	chr11:65708904-65709205	643	91646	TRUE	4.482144546760766e-11	-0.48192637373124114	TRUE	650	74	9.296175922164235
ENSG00000173465	chr11:65708904-65709205	618	85945	TRUE	4.763969035611378e-11	-0.6397947350463551	TRUE	650	74	5.40783566153109
ENSG00000175482	chr11:65708904-65709205	612	86282	TRUE	5.701420810237274e-11	-0.5033448061371348	TRUE	650	74	4.8291613279581656
ENSG00000172531	chr11:65708904-65709205	648	92345	TRUE	4.510856048867144e-10	-0.5558079609009932	TRUE	650	74	19.914945258706002
ENSG00000176973	chr11:65708904-65709205	436	56251	TRUE	3.100662151465678e-9	-0.6659140216473214	TRUE	650	74	1.183401564632228
ENSG00000172500	chr11:65708904-65709205	637	88213	TRUE	8.418839706833472e-9	-0.5245303916285766	TRUE	650	74	5.479389980936904
ENSG00000167797	chr11:65708904-65709205	609	87180	TRUE	8.60473199632136e-9	-0.48951329536063204	TRUE	650	74	5.157213246247278
ENSG00000175634	chr11:65708904-65709205	636	90035	TRUE	4.483058219106623e-8	-0.4750015325197867	TRUE	650	74	6.5861849849474465
ENSG00000142186	chr11:65708904-65709205	571	79826	TRUE	1.439705289891808e-7	-0.507089883521753	TRUE	650	74	2.797785347458775
ENSG00000174744	chr11:65708904-65709205	560	75214	TRUE	5.172795906238482e-7	-0.6131471436231009	TRUE	650	74	2.6230819713116036
ENSG00000172922	chr11:65708904-65709205	257	33278	TRUE	1.555564882880123e-5	-0.5743165362365257	TRUE	650	74	0.5004427221684011
ENSG00000172663	chr11:65708904-65709205	487	66108	TRUE	3.19439129817696e-5	-0.33985878083163057	TRUE	650	74	1.8816942196110296
ENSG00000172725	chr11:65708904-65709205	496	70019	TRUE	1.6648282324592187e-4	-0.4450028491032686	TRUE	650	74	2.3943977415960918
ENSG00000175602	chr11:65708904-65709205	398	55156	TRUE	0.004585936141391467	-0.5178701295133235	TRUE	650	74	1.5986541246080608
ENSG00000175550	chr11:65708904-65709205	643	91646	TRUE	2.8080770390193593e-21	-0.6507475387979369	TRUE	650	75	9.296175922164235
ENSG00000172757	chr11:65708904-65709205	650	92617	TRUE	4.239205017255456e-17	-0.6976096441490816	TRUE	650	75	47.93282081731721
ENSG00000174851	chr11:65708904-65709205	644	91666	TRUE	9.212399984798232e-13	-0.5623416492569708	TRUE	650	75	11.07171057428878
ENSG00000087365	chr11:65708904-65709205	641	91355	TRUE	7.484845298372766e-12	-0.5552930726084777	TRUE	650	75	8.829453003739701
ENSG00000175334	chr11:65708904-65709205	650	92617	TRUE	3.053639740547442e-10	-0.4536738485870515	TRUE	650	75	30.385824557017408
ENSG00000174744	chr11:65708904-65709205	560	75214	TRUE	5.135691111884203e-9	-0.6730966622337758	TRUE	650	75	2.6230819713116036
ENSG00000174903	chr11:65708904-65709205	639	89804	TRUE	2.836572469355433e-7	-0.4646283671510312	TRUE	650	75	6.175057553881892
ENSG00000174547	chr11:65708904-65709205	646	91731	TRUE	4.6767103355519965e-7	-0.4915648450945165	TRUE	650	75	13.077158661208163
ENSG00000110711	chr11:65708904-65709205	575	80015	TRUE	9.521720761439701e-7	-0.46416922682738737	TRUE	650	75	2.931508276300301
ENSG00000167797	chr11:65708904-65709205	609	87180	TRUE	1.467097744779506e-6	-0.4099982911178941	TRUE	650	75	5.157213246247278
ENSG00000172500	chr11:65708904-65709205	637	88213	TRUE	1.7662254981781235e-6	-0.44816322706631073	TRUE	650	75	5.479389980936904
ENSG00000172531	chr11:65708904-65709205	648	92345	TRUE	2.0109358287473834e-6	-0.46380704295735153	TRUE	650	75	19.914945258706002
ENSG00000173465	chr11:65708904-65709205	618	85945	TRUE	2.498813358079756e-6	-0.5342050047030802	TRUE	650	75	5.40783566153109
ENSG00000172663	chr11:65708904-65709205	487	66108	TRUE	4.391919398402319e-6	-0.37188763502426836	TRUE	650	75	1.8816942196110296
ENSG00000172725	chr11:65708904-65709205	496	70019	TRUE	1.5820936572558814e-5	-0.4714529990519416	TRUE	650	75	2.3943977415960918
ENSG00000142186	chr11:65708904-65709205	571	79826	TRUE	2.0231173761937893e-5	-0.43674959269774094	TRUE	650	75	2.797785347458775
ENSG00000175634	chr11:65708904-65709205	636	90035	TRUE	8.98976340286935e-5	-0.39790056408222974	TRUE	650	75	6.5861849849474465
ENSG00000175482	chr11:65708904-65709205	612	86282	TRUE	2.3287909510960603e-4	-0.29664973519571847	TRUE	650	75	4.8291613279581656
ENSG00000239306	chr11:65708904-65709205	589	82675	TRUE	0.0011363487423614801	-0.40783242744122594	TRUE	650	75	3.9567486483952625
ENSG00000172922	chr11:65708904-65709205	257	33278	TRUE	0.00589151671376055	-0.3686844414476538	TRUE	650	75	0.5004427221684011
ENSG00000176973	chr11:65708904-65709205	436	56251	TRUE	0.036	-0.34723158626361317	TRUE	650	75	1.183401564632228
ENSG00000175602	chr11:65708904-65709205	398	55156	TRUE	0.116	-0.3768733957252917	FALSE	650	75	1.5986541246080608
ENSG00000172531	chr11:65708904-65709205	648	92345	TRUE	6.71054389787569e-27	-0.7955406756165102	TRUE	650	76	19.914945258706002
ENSG00000087365	chr11:65708904-65709205	641	91355	TRUE	5.039404573949525e-18	-0.670658301280763	TRUE	650	76	8.829453003739701
ENSG00000167797	chr11:65708904-65709205	609	87180	TRUE	1.0446785398318225e-16	-0.6503759798443915	TRUE	650	76	5.157213246247278
ENSG00000175334	chr11:65708904-65709205	650	92617	TRUE	1.0232997006957382e-15	-0.5477023056919457	TRUE	650	76	30.385824557017408
ENSG00000174903	chr11:65708904-65709205	639	89804	TRUE	7.710755050904612e-14	-0.6086635008688055	TRUE	650	76	6.175057553881892
ENSG00000174851	chr11:65708904-65709205	644	91666	TRUE	4.674872615262332e-13	-0.5802534430507573	TRUE	650	76	11.07171057428878
ENSG00000174744	chr11:65708904-65709205	560	75214	TRUE	6.706389547064556e-13	-0.7431859599606551	TRUE	650	76	2.6230819713116036
ENSG00000172500	chr11:65708904-65709205	637	88213	TRUE	7.18965299608762e-13	-0.5896659080295392	TRUE	650	76	5.479389980936904
ENSG00000173465	chr11:65708904-65709205	618	85945	TRUE	3.929464260198381e-10	-0.625376315606883	TRUE	650	76	5.40783566153109
ENSG00000175482	chr11:65708904-65709205	612	86282	TRUE	8.46682478841058e-10	-0.41283251323169234	TRUE	650	76	4.8291613279581656
ENSG00000175550	chr11:65708904-65709205	643	91646	TRUE	1.0809739944524568e-9	-0.4479082009638611	TRUE	650	76	9.296175922164235
ENSG00000175634	chr11:65708904-65709205	636	90035	TRUE	1.033965448395798e-8	-0.5026633992966936	TRUE	650	76	6.5861849849474465
ENSG00000172757	chr11:65708904-65709205	650	92617	TRUE	1.4044988398240614e-8	-0.549606292197927	TRUE	650	76	47.93282081731721
ENSG00000176973	chr11:65708904-65709205	436	56251	TRUE	2.0478220818284898e-8	-0.6312129305423189	TRUE	650	76	1.183401564632228
ENSG00000239306	chr11:65708904-65709205	589	82675	TRUE	1.7297040840625472e-6	-0.49805210619778806	TRUE	650	76	3.9567486483952625
ENSG00000174547	chr11:65708904-65709205	646	91731	TRUE	2.3735056975465946e-6	-0.4867565856976164	TRUE	650	76	13.077158661208163
ENSG00000110711	chr11:65708904-65709205	575	80015	TRUE	3.916430564002496e-6	-0.4405102013576887	TRUE	650	76	2.931508276300301
ENSG00000172663	chr11:65708904-65709205	487	66108	TRUE	4.4277587133329e-6	-0.3866846369523489	TRUE	650	76	1.8816942196110296
ENSG00000175602	chr11:65708904-65709205	398	55156	TRUE	8.330129451520783e-5	-0.58480113763231	TRUE	650	76	1.5986541246080608
ENSG00000142186	chr11:65708904-65709205	571	79826	TRUE	2.4870727650678267e-4	-0.4172665816691288	TRUE	650	76	2.797785347458775
ENSG00000172725	chr11:65708904-65709205	496	70019	TRUE	0.004853423393586506	-0.3981199246317776	TRUE	650	76	2.3943977415960918
ENSG00000172922	chr11:65708904-65709205	257	33278	TRUE	0.548	-0.1516254644142465	FALSE	650	76	0.5004427221684011
ENSG00000087365	chr11:65708904-65709205	641	91355	TRUE	8.64012549151767e-17	-0.6361355363947125	TRUE	650	77	8.829453003739701
ENSG00000175334	chr11:65708904-65709205	650	92617	TRUE	2.786676445291659e-16	-0.5585818242967999	TRUE	650	77	30.385824557017408
ENSG00000175634	chr11:65708904-65709205	636	90035	TRUE	6.05497999913389e-15	-0.6227299708645111	TRUE	650	77	6.5861849849474465
ENSG00000175550	chr11:65708904-65709205	643	91646	TRUE	7.468422843907918e-14	-0.5467214965283089	TRUE	650	77	9.296175922164235
ENSG00000172725	chr11:65708904-65709205	496	70019	TRUE	1.876402870246506e-13	-0.7532953438453636	TRUE	650	77	2.3943977415960918
ENSG00000174903	chr11:65708904-65709205	639	89804	TRUE	3.55229030234994e-13	-0.6086635008688055	TRUE	650	77	6.175057553881892
ENSG00000172757	chr11:65708904-65709205	650	92617	TRUE	8.34273802626587e-11	-0.6017833070617504	TRUE	650	77	47.93282081731721
ENSG00000174744	chr11:65708904-65709205	560	75214	TRUE	1.5283310036865737e-10	-0.7157289972376132	TRUE	650	77	2.6230819713116036
ENSG00000174547	chr11:65708904-65709205	646	91731	TRUE	4.855638030482186e-10	-0.5498657425873148	TRUE	650	77	13.077158661208163
ENSG00000172531	chr11:65708904-65709205	648	92345	TRUE	5.278521402189547e-10	-0.5524139035957578	TRUE	650	77	19.914945258706002
ENSG00000174851	chr11:65708904-65709205	644	91666	TRUE	2.3592399998955223e-9	-0.5138096964526278	TRUE	650	77	11.07171057428878
ENSG00000173465	chr11:65708904-65709205	618	85945	TRUE	2.7475551054960672e-8	-0.5879898997167743	TRUE	650	77	5.40783566153109
ENSG00000175482	chr11:65708904-65709205	612	86282	TRUE	2.665463494525911e-7	-0.3777121717493306	TRUE	650	77	4.8291613279581656
ENSG00000176973	chr11:65708904-65709205	436	56251	TRUE	1.2165373855965624e-6	-0.5947529927260826	TRUE	650	77	1.183401564632228
ENSG00000110711	chr11:65708904-65709205	575	80015	TRUE	1.3996631723996633e-6	-0.4708638794013955	TRUE	650	77	2.931508276300301
ENSG00000167797	chr11:65708904-65709205	609	87180	TRUE	4.547575542951116e-6	-0.4099982911178941	TRUE	650	77	5.157213246247278
ENSG00000142186	chr11:65708904-65709205	571	79826	TRUE	9.392757466289555e-6	-0.4644755394613729	TRUE	650	77	2.797785347458775
ENSG00000172500	chr11:65708904-65709205	637	88213	TRUE	1.3085808703938457e-4	-0.4141230232604305	TRUE	650	77	5.479389980936904
ENSG00000239306	chr11:65708904-65709205	589	82675	TRUE	2.627863212494013e-4	-0.43936050964299844	TRUE	650	77	3.9567486483952625
ENSG00000172663	chr11:65708904-65709205	487	66108	TRUE	0.002081370653016175	-0.2614016619128132	TRUE	650	77	1.8816942196110296
ENSG00000172922	chr11:65708904-65709205	257	33278	TRUE	0.002900359520968031	-0.422927486231641	TRUE	650	77	0.5004427221684011
ENSG00000175602	chr11:65708904-65709205	398	55156	TRUE	0.004864701529736039	-0.4780298649815322	TRUE	650	77	1.5986541246080608
ENSG00000175550	chr11:65708904-65709205	643	91646	TRUE	1.0533486846040974e-18	-0.6394910834548133	TRUE	650	78	9.296175922164235
ENSG00000175634	chr11:65708904-65709205	636	90035	TRUE	1.2065973509203711e-18	-0.6916972236867105	TRUE	650	78	6.5861849849474465
ENSG00000172725	chr11:65708904-65709205	496	70019	TRUE	6.130852968598728e-17	-0.8258990928022036	TRUE	650	78	2.3943977415960918
ENSG00000167797	chr11:65708904-65709205	609	87180	TRUE	7.516370460924219e-16	-0.6491159840954033	TRUE	650	78	5.157213246247278
ENSG00000174851	chr11:65708904-65709205	644	91666	TRUE	5.715960517579784e-14	-0.5862738028683325	TRUE	650	78	11.07171057428878
ENSG00000172500	chr11:65708904-65709205	637	88213	TRUE	8.766063866901433e-12	-0.5880149121893674	TRUE	650	78	5.479389980936904
ENSG00000172531	chr11:65708904-65709205	648	92345	TRUE	1.0849461969937135e-11	-0.5923148958417745	TRUE	650	78	19.914945258706002
ENSG00000087365	chr11:65708904-65709205	641	91355	TRUE	2.1666820901588288e-11	-0.551937185910627	TRUE	650	78	8.829453003739701
ENSG00000174744	chr11:65708904-65709205	560	75214	TRUE	6.332966160055454e-11	-0.7634880721719604	TRUE	650	78	2.6230819713116036
ENSG00000172757	chr11:65708904-65709205	650	92617	TRUE	1.169647314149902e-10	-0.616161920330625	TRUE	650	78	47.93282081731721
ENSG00000174903	chr11:65708904-65709205	639	89804	TRUE	1.8998185316810047e-10	-0.5636825806471224	TRUE	650	78	6.175057553881892
ENSG00000173465	chr11:65708904-65709205	618	85945	TRUE	2.2482784736156772e-10	-0.6614019863366094	TRUE	650	78	5.40783566153109
ENSG00000175334	chr11:65708904-65709205	650	92617	TRUE	1.86465683067467e-9	-0.4722895267543983	TRUE	650	78	30.385824557017408
ENSG00000175482	chr11:65708904-65709205	612	86282	TRUE	2.5144655648083407e-8	-0.42550297028131157	TRUE	650	78	4.8291613279581656
ENSG00000142186	chr11:65708904-65709205	571	79826	TRUE	5.596245104605427e-8	-0.5425335963465112	TRUE	650	78	2.797785347458775
ENSG00000172663	chr11:65708904-65709205	487	66108	TRUE	1.36192719037251e-6	-0.41068011802132753	TRUE	650	78	1.8816942196110296
ENSG00000175602	chr11:65708904-65709205	398	55156	TRUE	3.40123129803486e-6	-0.6486567370486774	TRUE	650	78	1.5986541246080608
ENSG00000174547	chr11:65708904-65709205	646	91731	TRUE	1.0476510910248718e-5	-0.4728593556273317	TRUE	650	78	13.077158661208163
ENSG00000110711	chr11:65708904-65709205	575	80015	TRUE	1.5865663553727045e-5	-0.4330205282567232	TRUE	650	78	2.931508276300301
ENSG00000239306	chr11:65708904-65709205	589	82675	TRUE	2.3381900452456358e-5	-0.4829752853032585	TRUE	650	78	3.9567486483952625
ENSG00000176973	chr11:65708904-65709205	436	56251	TRUE	6.787752482148926e-5	-0.5147216587888719	TRUE	650	78	1.183401564632228
ENSG00000172922	chr11:65708904-65709205	257	33278	TRUE	0.00837191294489592	-0.3633706415511859	TRUE	650	78	0.5004427221684011
ENSG00000175334	chr11:65708904-65709205	650	92617	TRUE	2.6534092894322883e-20	-0.5956178205617437	TRUE	650	79	30.385824557017408
ENSG00000175482	chr11:65708904-65709205	612	86282	TRUE	4.2615984322696455e-14	-0.5304616154649782	TRUE	650	79	4.8291613279581656
ENSG00000175550	chr11:65708904-65709205	643	91646	TRUE	1.4826907127944258e-13	-0.5381444006707783	TRUE	650	79	9.296175922164235
ENSG00000087365	chr11:65708904-65709205	641	91355	TRUE	1.7211217825947916e-13	-0.5742316760950814	TRUE	650	79	8.829453003739701
ENSG00000239306	chr11:65708904-65709205	589	82675	TRUE	2.787748462106895e-12	-0.6565652409564544	TRUE	650	79	3.9567486483952625
ENSG00000175634	chr11:65708904-65709205	636	90035	TRUE	2.8093927515210636e-10	-0.5206671321552143	TRUE	650	79	6.5861849849474465
ENSG00000174903	chr11:65708904-65709205	639	89804	TRUE	8.047114116036932e-10	-0.5275538975677345	TRUE	650	79	6.175057553881892
ENSG00000173465	chr11:65708904-65709205	618	85945	TRUE	1.103045669113476e-9	-0.5868719647202001	TRUE	650	79	5.40783566153109
ENSG00000172500	chr11:65708904-65709205	637	88213	TRUE	1.790460676517002e-9	-0.522426570561791	TRUE	650	79	5.479389980936904
ENSG00000172757	chr11:65708904-65709205	650	92617	TRUE	1.1533064757500184e-8	-0.5541726536758267	TRUE	650	79	47.93282081731721
ENSG00000110711	chr11:65708904-65709205	575	80015	TRUE	2.3962256290866444e-8	-0.5107118127644177	TRUE	650	79	2.931508276300301
ENSG00000174851	chr11:65708904-65709205	644	91666	TRUE	6.435662600572231e-8	-0.47115523127927084	TRUE	650	79	11.07171057428878
ENSG00000142186	chr11:65708904-65709205	571	79826	TRUE	1.9441213738630343e-7	-0.507089883521753	TRUE	650	79	2.797785347458775
ENSG00000172663	chr11:65708904-65709205	487	66108	TRUE	1.3025539472280492e-6	-0.3822295792457273	TRUE	650	79	1.8816942196110296
ENSG00000174744	chr11:65708904-65709205	560	75214	TRUE	7.3518751087446425e-6	-0.5622431749458227	TRUE	650	79	2.6230819713116036
ENSG00000167797	chr11:65708904-65709205	609	87180	TRUE	1.2596436557992582e-5	-0.40414124470835455	TRUE	650	79	5.157213246247278
ENSG00000172725	chr11:65708904-65709205	496	70019	TRUE	3.276362886040244e-5	-0.48976930568754506	TRUE	650	79	2.3943977415960918
ENSG00000175602	chr11:65708904-65709205	398	55156	TRUE	2.8166456911444225e-4	-0.556864261129187	TRUE	650	79	1.5986541246080608
ENSG00000176973	chr11:65708904-65709205	436	56251	TRUE	0.00046579403727284655	-0.4621673531082732	TRUE	650	79	1.183401564632228
ENSG00000172531	chr11:65708904-65709205	648	92345	TRUE	8.393816035978247e-4	-0.39294254515194016	TRUE	650	79	19.914945258706002
ENSG00000174547	chr11:65708904-65709205	646	91731	TRUE	0.0012101007107005804	-0.3936062706157526	TRUE	650	79	13.077158661208163
ENSG00000172922	chr11:65708904-65709205	257	33278	TRUE	0.076	-0.29096214602313597	TRUE	650	79	0.5004427221684011
ENSG00000175334	chr11:65708904-65709205	650	92617	TRUE	1.3768249056262097e-16	-0.5643461638932674	TRUE	650	80	30.385824557017408
ENSG00000172500	chr11:65708904-65709205	637	88213	TRUE	1.7285883078757864e-16	-0.6573046249049024	TRUE	650	80	5.479389980936904
ENSG00000239306	chr11:65708904-65709205	589	82675	TRUE	1.7146197821308543e-13	-0.6719519743873974	TRUE	650	80	3.9567486483952625
ENSG00000173465	chr11:65708904-65709205	618	85945	TRUE	2.7209509798447146e-13	-0.701976729565229	TRUE	650	80	5.40783566153109
ENSG00000174851	chr11:65708904-65709205	644	91666	TRUE	4.27675260290837e-13	-0.558570599579522	TRUE	650	80	11.07171057428878
ENSG00000087365	chr11:65708904-65709205	641	91355	TRUE	1.2056114434685558e-12	-0.5455824275713472	TRUE	650	80	8.829453003739701
ENSG00000142186	chr11:65708904-65709205	571	79826	TRUE	1.3190559342576749e-12	-0.6419185101877016	TRUE	650	80	2.797785347458775
ENSG00000172531	chr11:65708904-65709205	648	92345	TRUE	4.954504658812996e-12	-0.5694646061182258	TRUE	650	80	19.914945258706002
ENSG00000110711	chr11:65708904-65709205	575	80015	TRUE	4.355092964873499e-11	-0.5803622443319103	TRUE	650	80	2.931508276300301
ENSG00000174744	chr11:65708904-65709205	560	75214	TRUE	4.371778256683405e-11	-0.7331410452931895	TRUE	650	80	2.6230819713116036
ENSG00000174547	chr11:65708904-65709205	646	91731	TRUE	7.36554524039894e-10	-0.5590126747391269	TRUE	650	80	13.077158661208163
ENSG00000172663	chr11:65708904-65709205	487	66108	TRUE	1.6439640478937176e-9	-0.48834661161165127	TRUE	650	80	1.8816942196110296
ENSG00000175482	chr11:65708904-65709205	612	86282	TRUE	8.284632443540901e-9	-0.4111133133767406	TRUE	650	80	4.8291613279581656
ENSG00000175634	chr11:65708904-65709205	636	90035	TRUE	1.8199840250534075e-8	-0.4827279748896558	TRUE	650	80	6.5861849849474465
ENSG00000167797	chr11:65708904-65709205	609	87180	TRUE	1.2561893457526622e-7	-0.47158442721998406	TRUE	650	80	5.157213246247278
ENSG00000174903	chr11:65708904-65709205	639	89804	TRUE	2.287121029189885e-7	-0.469129759385972	TRUE	650	80	6.175057553881892
ENSG00000175602	chr11:65708904-65709205	398	55156	TRUE	4.3832430420996313e-7	-0.6805996295514318	TRUE	650	80	1.5986541246080608
ENSG00000175550	chr11:65708904-65709205	643	91646	TRUE	5.645374754240529e-6	-0.3753811167316319	TRUE	650	80	9.296175922164235
ENSG00000172757	chr11:65708904-65709205	650	92617	TRUE	7.424803559478305e-6	-0.4670900987367821	TRUE	650	80	47.93282081731721
ENSG00000172725	chr11:65708904-65709205	496	70019	TRUE	8.591183202636722e-6	-0.4811927494004401	TRUE	650	80	2.3943977415960918
ENSG00000172922	chr11:65708904-65709205	257	33278	TRUE	1.437783953757328e-4	-0.5083189774622854	TRUE	650	80	0.5004427221684011
ENSG00000176973	chr11:65708904-65709205	436	56251	TRUE	0.0020027369823033894	-0.42282920515777245	TRUE	650	80	1.183401564632228
ENSG00000087365	chr11:65708904-65709205	641	91355	TRUE	1.8621857801148064e-15	-0.6258672009408857	TRUE	650	81	8.829453003739701
ENSG00000174903	chr11:65708904-65709205	639	89804	TRUE	6.716735870289737e-15	-0.6321957480648801	TRUE	650	81	6.175057553881892
ENSG00000175334	chr11:65708904-65709205	650	92617	TRUE	4.6216819951625e-14	-0.5501236668069609	TRUE	650	81	30.385824557017408
ENSG00000172531	chr11:65708904-65709205	648	92345	TRUE	1.2380170633108785e-12	-0.611995596565095	TRUE	650	81	19.914945258706002
ENSG00000172757	chr11:65708904-65709205	650	92617	TRUE	1.2365884397119958e-11	-0.6283080421342753	TRUE	650	81	47.93282081731721
ENSG00000174547	chr11:65708904-65709205	646	91731	TRUE	2.5893718889096937e-9	-0.5453139324038037	TRUE	650	81	13.077158661208163
ENSG00000175634	chr11:65708904-65709205	636	90035	TRUE	1.0449899037090509e-08	-0.49743623763314426	TRUE	650	81	6.5861849849474465
ENSG00000175550	chr11:65708904-65709205	643	91646	TRUE	5.14241165775137e-8	-0.4339918966675391	TRUE	650	81	9.296175922164235
ENSG00000174851	chr11:65708904-65709205	644	91666	TRUE	2.589478141766413e-7	-0.4716617066367239	TRUE	650	81	11.07171057428878
ENSG00000172500	chr11:65708904-65709205	637	88213	TRUE	4.638423787972222e-7	-0.46979022671208615	TRUE	650	81	5.479389980936904
ENSG00000167797	chr11:65708904-65709205	609	87180	TRUE	6.574719734537453e-7	-0.45662834545483744	TRUE	650	81	5.157213246247278
ENSG00000175602	chr11:65708904-65709205	398	55156	TRUE	8.260956325191514e-7	-0.6720121337147081	TRUE	650	81	1.5986541246080608
ENSG00000172922	chr11:65708904-65709205	257	33278	TRUE	1.7237510189933565e-6	-0.6306545203863376	TRUE	650	81	0.5004427221684011
ENSG00000175482	chr11:65708904-65709205	612	86282	TRUE	7.39239219207672e-6	-0.3510975192180945	TRUE	650	81	4.8291613279581656
ENSG00000142186	chr11:65708904-65709205	571	79826	TRUE	1.311357252778856e-5	-0.4564993198858267	TRUE	650	81	2.797785347458775
ENSG00000173465	chr11:65708904-65709205	618	85945	TRUE	1.8349324897669935e-5	-0.5288278272486306	TRUE	650	81	5.40783566153109
ENSG00000172725	chr11:65708904-65709205	496	70019	TRUE	5.886234743522102e-5	-0.46298432459949224	TRUE	650	81	2.3943977415960918
ENSG00000176973	chr11:65708904-65709205	436	56251	TRUE	1.1043109347308715e-4	-0.4905957614347906	TRUE	650	81	1.183401564632228
ENSG00000239306	chr11:65708904-65709205	589	82675	TRUE	1.3869205717731816e-4	-0.45468624087183507	TRUE	650	81	3.9567486483952625
ENSG00000174744	chr11:65708904-65709205	560	75214	TRUE	3.093033280125012e-4	-0.5260229870330695	TRUE	650	81	2.6230819713116036
ENSG00000172663	chr11:65708904-65709205	487	66108	TRUE	0.0017154547547615778	-0.27235196147335405	TRUE	650	81	1.8816942196110296
ENSG00000110711	chr11:65708904-65709205	575	80015	TRUE	0.002393961153367645	-0.3619643665004886	TRUE	650	81	2.931508276300301
ENSG00000175334	chr11:65708904-65709205	650	92617	TRUE	6.596195599840014e-19	-0.6103993522745048	TRUE	650	82	30.385824557017408
ENSG00000175550	chr11:65708904-65709205	643	91646	TRUE	8.90690415536204e-19	-0.613896382500684	TRUE	650	82	9.296175922164235
ENSG00000172531	chr11:65708904-65709205	648	92345	TRUE	6.309844554756577e-18	-0.6746255363107823	TRUE	650	82	19.914945258706002
ENSG00000142186	chr11:65708904-65709205	571	79826	TRUE	8.480049559419381e-14	-0.6820437238222145	TRUE	650	82	2.797785347458775
ENSG00000167797	chr11:65708904-65709205	609	87180	TRUE	3.303966033046802e-13	-0.5953447276544226	TRUE	650	82	5.157213246247278
ENSG00000174547	chr11:65708904-65709205	646	91731	TRUE	6.610310987242725e-13	-0.6158623313622229	TRUE	650	82	13.077158661208163
ENSG00000087365	chr11:65708904-65709205	641	91355	TRUE	1.9870628411243264e-12	-0.5681171129660614	TRUE	650	82	8.829453003739701
ENSG00000174851	chr11:65708904-65709205	644	91666	TRUE	1.6204771827344085e-11	-0.5382694271378079	TRUE	650	82	11.07171057428878
ENSG00000174903	chr11:65708904-65709205	639	89804	TRUE	1.668226815448847e-11	-0.5689874990261554	TRUE	650	82	6.175057553881892
ENSG00000239306	chr11:65708904-65709205	589	82675	TRUE	3.603079268762182e-11	-0.6389516531982578	TRUE	650	82	3.9567486483952625
ENSG00000175634	chr11:65708904-65709205	636	90035	TRUE	1.224129285764832e-10	-0.5299763043717345	TRUE	650	82	6.5861849849474465
ENSG00000172500	chr11:65708904-65709205	637	88213	TRUE	3.7703872256776493e-10	-0.5521629645814787	TRUE	650	82	5.479389980936904
ENSG00000173465	chr11:65708904-65709205	618	85945	TRUE	9.55350411545883e-10	-0.6265245011357639	TRUE	650	82	5.40783566153109
ENSG00000172757	chr11:65708904-65709205	650	92617	TRUE	4.059042533503666e-9	-0.5719047699342337	TRUE	650	82	47.93282081731721
ENSG00000174744	chr11:65708904-65709205	560	75214	TRUE	1.1639175082471553e-7	-0.6247072618924764	TRUE	650	82	2.6230819713116036
ENSG00000172663	chr11:65708904-65709205	487	66108	TRUE	1.5834925393875187e-7	-0.4443394293725589	TRUE	650	82	1.8816942196110296
ENSG00000176973	chr11:65708904-65709205	436	56251	TRUE	4.7682108377945895e-7	-0.59990548049168535	TRUE	650	82	1.183401564632228
ENSG00000175482	chr11:65708904-65709205	612	86282	TRUE	8.17292199118292e-6	-0.3682298968657385	TRUE	650	82	4.8291613279581656
ENSG00000110711	chr11:65708904-65709205	575	80015	TRUE	8.90319324581626e-6	-0.44615308354867245	TRUE	650	82	2.931508276300301
ENSG00000175602	chr11:65708904-65709205	398	55156	TRUE	4.2366743172611663e-4	-0.5767638185668917	TRUE	650	82	1.5986541246080608
ENSG00000172725	chr11:65708904-65709205	496	70019	TRUE	8.070543322603041e-4	-0.4248911534274179	TRUE	650	82	2.3943977415960918
ENSG00000172922	chr11:65708904-65709205	257	33278	TRUE	0.18	-0.2610089239215081	FALSE	650	82	0.5004427221684011
ENSG00000110711	chr11:65708904-65709205	575	80015	TRUE	2.139005053531167e-22	-0.802409976850355	TRUE	650	83	2.931508276300301
ENSG00000175634	chr11:65708904-65709205	636	90035	TRUE	9.601284894914028e-22	-0.7137541445599078	TRUE	650	83	6.5861849849474465
ENSG00000174547	chr11:65708904-65709205	646	91731	TRUE	3.291699245912034e-17	-0.6943156399905774	TRUE	650	83	13.077158661208163
ENSG00000087365	chr11:65708904-65709205	641	91355	TRUE	6.375404739437938e-17	-0.6340050486225186	TRUE	650	83	8.829453003739701
ENSG00000174851	chr11:65708904-65709205	644	91666	TRUE	7.008528091658165e-16	-0.6274408269161786	TRUE	650	83	11.07171057428878
ENSG00000172757	chr11:65708904-65709205	650	92617	TRUE	9.313243808945244e-16	-0.6910238252777976	TRUE	650	83	47.93282081731721
ENSG00000175334	chr11:65708904-65709205	650	92617	TRUE	6.0677261284222754e-15	-0.5594596430284087	TRUE	650	83	30.385824557017408
ENSG00000167797	chr11:65708904-65709205	609	87180	TRUE	1.3929844919373108e-14	-0.6347045782925884	TRUE	650	83	5.157213246247278
ENSG00000175550	chr11:65708904-65709205	643	91646	TRUE	2.936404010737073e-14	-0.5585587325806185	TRUE	650	83	9.296175922164235
ENSG00000172531	chr11:65708904-65709205	648	92345	TRUE	9.046955403629672e-14	-0.6305474386686756	TRUE	650	83	19.914945258706002
ENSG00000176973	chr11:65708904-65709205	436	56251	TRUE	1.1064255549926e-12	-0.7608256686727883	TRUE	650	83	1.183401564632228
ENSG00000173465	chr11:65708904-65709205	618	85945	TRUE	5.2377815908030554e-12	-0.685131058127306	TRUE	650	83	5.40783566153109
ENSG00000172725	chr11:65708904-65709205	496	70019	TRUE	7.297200724468047e-12	-0.7068464211584402	TRUE	650	83	2.3943977415960918
ENSG00000142186	chr11:65708904-65709205	571	79826	TRUE	1.2801406907382695e-11	-0.6028791537308165	TRUE	650	83	2.797785347458775
ENSG00000172500	chr11:65708904-65709205	637	88213	TRUE	1.542770945590143e-11	-0.5748745249589531	TRUE	650	83	5.479389980936904
ENSG00000175482	chr11:65708904-65709205	612	86282	TRUE	2.4428649205111765e-11	-0.5039554707138245	TRUE	650	83	4.8291613279581656
ENSG00000239306	chr11:65708904-65709205	589	82675	TRUE	6.49923626578628e-11	-0.5973815920906569	TRUE	650	83	3.9567486483952625
ENSG00000174903	chr11:65708904-65709205	639	89804	TRUE	1.9477061219591696e-10	-0.5374467023261662	TRUE	650	83	6.175057553881892
ENSG00000175602	chr11:65708904-65709205	398	55156	TRUE	1.3707824463913111e-6	-0.6613491506518345	TRUE	650	83	1.5986541246080608
ENSG00000174744	chr11:65708904-65709205	560	75214	TRUE	8.226258264792214e-6	-0.5622431749458227	TRUE	650	83	2.6230819713116036
ENSG00000172663	chr11:65708904-65709205	487	66108	TRUE	0.002615959974541643	-0.2847712207274218	TRUE	650	83	1.8816942196110296
ENSG00000172922	chr11:65708904-65709205	257	33278	TRUE	0.003847277495710781	-0.40098493335096386	TRUE	650	83	0.5004427221684011
ENSG00000175482	chr11:65708904-65709205	612	86282	TRUE	1.3121863841949197e-17	-0.5999180658321879	TRUE	650	84	4.8291613279581656
ENSG00000174851	chr11:65708904-65709205	644	91666	TRUE	9.447323545162368e-16	-0.6190006992506647	TRUE	650	84	11.07171057428878
ENSG00000172531	chr11:65708904-65709205	648	92345	TRUE	1.530037018515852e-14	-0.6405401715429169	TRUE	650	84	19.914945258706002
ENSG00000174903	chr11:65708904-65709205	639	89804	TRUE	8.002218366840435e-13	-0.5958086964711553	TRUE	650	84	6.175057553881892
ENSG00000142186	chr11:65708904-65709205	571	79826	TRUE	3.812115544113929e-11	-0.5984840397729065	TRUE	650	84	2.797785347458775
ENSG00000110711	chr11:65708904-65709205	575	80015	TRUE	1.4430400891109974e-10	-0.5639093784511959	TRUE	650	84	2.931508276300301
ENSG00000175634	chr11:65708904-65709205	636	90035	TRUE	1.922337031573114e-10	-0.5366626829750265	TRUE	650	84	6.5861849849474465
ENSG00000172757	chr11:65708904-65709205	650	92617	TRUE	2.216305492749472e-9	-0.5777196021712809	TRUE	650	84	47.93282081731721
ENSG00000173465	chr11:65708904-65709205	618	85945	TRUE	7.123890908018846e-9	-0.6059956877710904	TRUE	650	84	5.40783566153109
ENSG00000175550	chr11:65708904-65709205	643	91646	TRUE	1.7145048169571074e-8	-0.4422662866464626	TRUE	650	84	9.296175922164235
ENSG00000174547	chr11:65708904-65709205	646	91731	TRUE	3.967491373443492e-8	-0.5212027317121501	TRUE	650	84	13.077158661208163
ENSG00000175334	chr11:65708904-65709205	650	92617	TRUE	1.6624770498717585e-7	-0.41874005847766416	TRUE	650	84	30.385824557017408
ENSG00000087365	chr11:65708904-65709205	641	91355	TRUE	7.280288797586619e-7	-0.4657368212588029	TRUE	650	84	8.829453003739701
ENSG00000239306	chr11:65708904-65709205	589	82675	TRUE	7.468082521229816e-7	-0.5162085884860179	TRUE	650	84	3.9567486483952625
ENSG00000175602	chr11:65708904-65709205	398	55156	TRUE	1.2286420563038846e-6	-0.6784479586963829	TRUE	650	84	1.5986541246080608
ENSG00000172500	chr11:65708904-65709205	637	88213	TRUE	1.3111112320198393e-6	-0.46473168351798	TRUE	650	84	5.479389980936904
ENSG00000176973	chr11:65708904-65709205	436	56251	TRUE	1.9514347392097283e-6	-0.556684951892563	TRUE	650	84	1.183401564632228
ENSG00000172663	chr11:65708904-65709205	487	66108	TRUE	4.0205876265995066e-5	-0.35287566649846513	TRUE	650	84	1.8816942196110296
ENSG00000174744	chr11:65708904-65709205	560	75214	TRUE	5.160109265331869e-5	-0.5467658383268776	TRUE	650	84	2.6230819713116036
ENSG00000172725	chr11:65708904-65709205	496	70019	TRUE	5.566327081966277e-5	-0.490998700769089	TRUE	650	84	2.3943977415960918
ENSG00000167797	chr11:65708904-65709205	609	87180	TRUE	5.637255269398313e-4	-0.36224515966952575	TRUE	650	84	5.157213246247278
ENSG00000172922	chr11:65708904-65709205	257	33278	TRUE	0.108	-0.28090848135921287	FALSE	650	84	0.5004427221684011
ENSG00000172757	chr11:65708904-65709205	650	92617	TRUE	1.3638113466098136e-17	-0.6944473872261625	TRUE	650	85	47.93282081731721
ENSG00000175634	chr11:65708904-65709205	636	90035	TRUE	3.937032378369215e-14	-0.6236788002580593	TRUE	650	85	6.5861849849474465
ENSG00000142186	chr11:65708904-65709205	571	79826	TRUE	5.2987724624973204e-12	-0.6183683597008717	TRUE	650	85	2.797785347458775
ENSG00000174547	chr11:65708904-65709205	646	91731	TRUE	6.690874569755875e-11	-0.5807390279619664	TRUE	650	85	13.077158661208163
ENSG00000174744	chr11:65708904-65709205	560	75214	TRUE	1.8891022482408432e-10	-0.7306407066415415	TRUE	650	85	2.6230819713116036
ENSG00000175334	chr11:65708904-65709205	650	92617	TRUE	2.0819410156738975e-10	-0.47320826526910587	TRUE	650	85	30.385824557017408
ENSG00000172531	chr11:65708904-65709205	648	92345	TRUE	5.023546638956366e-10	-0.5488807711175454	TRUE	650	85	19.914945258706002
ENSG00000087365	chr11:65708904-65709205	641	91355	TRUE	2.2778575375899737e-9	-0.5256965849425965	TRUE	650	85	8.829453003739701
ENSG00000172663	chr11:65708904-65709205	487	66108	TRUE	2.5072077426488093e-9	-0.5173626854718207	TRUE	650	85	1.8816942196110296
ENSG00000175550	chr11:65708904-65709205	643	91646	TRUE	6.731675470533654e-9	-0.4532736019281143	TRUE	650	85	9.296175922164235
ENSG00000173465	chr11:65708904-65709205	618	85945	TRUE	1.5175430147340005e-8	-0.6009088047857418	TRUE	650	85	5.40783566153109
ENSG00000174851	chr11:65708904-65709205	644	91666	TRUE	2.4029509886521415e-8	-0.4997952793231719	TRUE	650	85	11.07171057428878
ENSG00000110711	chr11:65708904-65709205	575	80015	TRUE	3.327386867225853e-8	-0.5107118127644177	TRUE	650	85	2.931508276300301
ENSG00000167797	chr11:65708904-65709205	609	87180	TRUE	8.030755797345948e-8	-0.4533257227819947	TRUE	650	85	5.157213246247278
ENSG00000176973	chr11:65708904-65709205	436	56251	TRUE	8.24926583539487e-8	-0.6285778703743488	TRUE	650	85	1.183401564632228
ENSG00000172725	chr11:65708904-65709205	496	70019	TRUE	1.5188720992777706e-7	-0.5654524814575657	TRUE	650	85	2.3943977415960918
ENSG00000239306	chr11:65708904-65709205	589	82675	TRUE	2.1565934893257293e-7	-0.5345964876845257	TRUE	650	85	3.9567486483952625
ENSG00000174903	chr11:65708904-65709205	639	89804	TRUE	6.587584321996343e-6	-0.4361473426865432	TRUE	650	85	6.175057553881892
ENSG00000175602	chr11:65708904-65709205	398	55156	TRUE	2.876116817409312e-5	-0.5908586484526784	TRUE	650	85	1.5986541246080608
ENSG00000175482	chr11:65708904-65709205	612	86282	TRUE	5.233437205871567e-5	-0.31047079560201496	TRUE	650	85	4.8291613279581656
ENSG00000172500	chr11:65708904-65709205	637	88213	TRUE	3.0806288204366424e-4	-0.3865962911856875	TRUE	650	85	5.479389980936904
ENSG00000172922	chr11:65708904-65709205	257	33278	TRUE	3.6183743064191823e-4	-0.4678399081072153	TRUE	650	85	0.5004427221684011
ENSG00000172531	chr11:65708904-65709205	648	92345	TRUE	1.9637780488109541e-13	-0.6047939813857126	TRUE	650	86	19.914945258706002
ENSG00000172500	chr11:65708904-65709205	637	88213	TRUE	6.1512956544931184e-12	-0.569977573107427	TRUE	650	86	5.479389980936904
ENSG00000175482	chr11:65708904-65709205	612	86282	TRUE	6.817655375528108e-11	-0.5131465935878115	TRUE	650	86	4.8291613279581656
ENSG00000174547	chr11:65708904-65709205	646	91731	TRUE	1.4978655372002508e-10	-0.5666027976825778	TRUE	650	86	13.077158661208163
ENSG00000175334	chr11:65708904-65709205	650	92617	TRUE	2.091750868079052e-10	-0.47091251506172327	TRUE	650	86	30.385824557017408
ENSG00000172663	chr11:65708904-65709205	487	66108	TRUE	2.5153559276856084e-10	-0.5255273651064253	TRUE	650	86	1.8816942196110296
ENSG00000175634	chr11:65708904-65709205	636	90035	TRUE	2.8118173596376793e-9	-0.4970014945107075	TRUE	650	86	6.5861849849474465
ENSG00000142186	chr11:65708904-65709205	571	79826	TRUE	1.624691901071708e-8	-0.5457031949283988	TRUE	650	86	2.797785347458775
ENSG00000172757	chr11:65708904-65709205	650	92617	TRUE	1.9496055818953983e-8	-0.5507617375260656	TRUE	650	86	47.93282081731721
ENSG00000175550	chr11:65708904-65709205	643	91646	TRUE	3.960173001970425e-8	-0.43723689250444364	TRUE	650	86	9.296175922164235
ENSG00000167797	chr11:65708904-65709205	609	87180	TRUE	8.110169506274551e-8	-0.47492916219778136	TRUE	650	86	5.157213246247278
ENSG00000172725	chr11:65708904-65709205	496	70019	TRUE	5.747049670620669e-7	-0.5525596785766713	TRUE	650	86	2.3943977415960918
ENSG00000110711	chr11:65708904-65709205	575	80015	TRUE	7.907215976815348e-7	-0.4660788168360186	TRUE	650	86	2.931508276300301
ENSG00000239306	chr11:65708904-65709205	589	82675	TRUE	3.388490778982777e-6	-0.49516815712970796	TRUE	650	86	3.9567486483952625
ENSG00000174851	chr11:65708904-65709205	644	91666	TRUE	6.172557986693561e-6	-0.4255493624411901	TRUE	650	86	11.07171057428878
ENSG00000176973	chr11:65708904-65709205	436	56251	TRUE	1.777165590385551e-5	-0.5467008633199408	TRUE	650	86	1.183401564632228
ENSG00000173465	chr11:65708904-65709205	618	85945	TRUE	3.990430270214493e-5	-0.48808148490532144	TRUE	650	86	5.40783566153109
ENSG00000174903	chr11:65708904-65709205	639	89804	TRUE	7.435687184161087e-5	-0.40562681707981385	TRUE	650	86	6.175057553881892
ENSG00000087365	chr11:65708904-65709205	641	91355	TRUE	7.931027352329773e-5	-0.40513904966994696	TRUE	650	86	8.829453003739701
ENSG00000175602	chr11:65708904-65709205	398	55156	TRUE	1.2167194923870008e-4	-0.5470164751728398	TRUE	650	86	1.5986541246080608
ENSG00000174744	chr11:65708904-65709205	560	75214	TRUE	0.0015570499748175821	-0.4928068549328901	TRUE	650	86	2.6230819713116036
ENSG00000172922	chr11:65708904-65709205	257	33278	TRUE	0.011392060419690223	-0.3528013998409987	TRUE	650	86	0.5004427221684011
ENSG00000087365	chr11:65708904-65709205	641	91355	TRUE	5.792397036078873e-17	-0.6514968024217844	TRUE	650	87	8.829453003739701
ENSG00000174851	chr11:65708904-65709205	644	91666	TRUE	1.0821163315024706e-13	-0.6153585892414708	TRUE	650	87	11.07171057428878
ENSG00000142186	chr11:65708904-65709205	571	79826	TRUE	1.120061158976147e-13	-0.6820437238222145	TRUE	650	87	2.797785347458775
ENSG00000175634	chr11:65708904-65709205	636	90035	TRUE	3.559160549900073e-12	-0.5678255655245423	TRUE	650	87	6.5861849849474465
ENSG00000167797	chr11:65708904-65709205	609	87180	TRUE	1.0871039371091753e-11	-0.5570302424126752	TRUE	650	87	5.157213246247278
ENSG00000175550	chr11:65708904-65709205	643	91646	TRUE	1.917797206644708e-11	-0.5040276661596947	TRUE	650	87	9.296175922164235
ENSG00000172531	chr11:65708904-65709205	648	92345	TRUE	5.8046650989574766e-11	-0.5770912055929256	TRUE	650	87	19.914945258706002
ENSG00000174744	chr11:65708904-65709205	560	75214	TRUE	4.5097758031406625e-9	-0.698524593547804	TRUE	650	87	2.6230819713116036
ENSG00000174903	chr11:65708904-65709205	639	89804	TRUE	1.5785711414866855e-8	-0.506580736462912	TRUE	650	87	6.175057553881892
ENSG00000172757	chr11:65708904-65709205	650	92617	TRUE	2.438943084550672e-8	-0.5654370700430773	TRUE	650	87	47.93282081731721
ENSG00000239306	chr11:65708904-65709205	589	82675	TRUE	3.0744719066001325e-8	-0.5607397484563901	TRUE	650	87	3.9567486483952625
ENSG00000172500	chr11:65708904-65709205	637	88213	TRUE	5.092819011029702e-8	-0.5015553922269578	TRUE	650	87	5.479389980936904
ENSG00000175334	chr11:65708904-65709205	650	92617	TRUE	9.164398841692402e-8	-0.44914760078552174	TRUE	650	87	30.385824557017408
ENSG00000174547	chr11:65708904-65709205	646	91731	TRUE	4.1309319859795233e-7	-0.5116255623450301	TRUE	650	87	13.077158661208163
ENSG00000172663	chr11:65708904-65709205	487	66108	TRUE	5.474094656340812e-7	-0.4320086274618393	TRUE	650	87	1.8816942196110296
ENSG00000173465	chr11:65708904-65709205	618	85945	TRUE	5.706005006052717e-7	-0.5499131216577684	TRUE	650	87	5.40783566153109
ENSG00000110711	chr11:65708904-65709205	575	80015	TRUE	3.0651960690789536e-6	-0.45655604271751216	TRUE	650	87	2.931508276300301
ENSG00000172725	chr11:65708904-65709205	496	70019	TRUE	3.2501930516499675e-6	-0.5283763105831191	TRUE	650	87	2.3943977415960918
ENSG00000175602	chr11:65708904-65709205	398	55156	TRUE	1.1336111636904827e-5	-0.6153462808859435	TRUE	650	87	1.5986541246080608
ENSG00000176973	chr11:65708904-65709205	436	56251	TRUE	1.4069616956929182e-4	-0.47631153542854293	TRUE	650	87	1.183401564632228
ENSG00000172922	chr11:65708904-65709205	257	33278	TRUE	3.8195252820373907e-4	-0.4792899288507533	TRUE	650	87	0.5004427221684011
ENSG00000175482	chr11:65708904-65709205	612	86282	TRUE	6.132915290766768e-4	-0.29770820555933053	TRUE	650	87	4.8291613279581656
ENSG00000175334	chr11:65708904-65709205	650	92617	TRUE	1.3067749065890519e-17	-0.5947177300422348	TRUE	650	88	30.385824557017408
ENSG00000087365	chr11:65708904-65709205	641	91355	TRUE	1.4087055636448182e-17	-0.6688397014674181	TRUE	650	88	8.829453003739701
ENSG00000174851	chr11:65708904-65709205	644	91666	TRUE	2.8212825259098527e-16	-0.6305479540006496	TRUE	650	88	11.07171057428878
ENSG00000239306	chr11:65708904-65709205	589	82675	TRUE	2.3564939371748417e-12	-0.6349783787483085	TRUE	650	88	3.9567486483952625
ENSG00000172757	chr11:65708904-65709205	650	92617	TRUE	9.771911331404775e-12	-0.6330020376724708	TRUE	650	88	47.93282081731721
ENSG00000172531	chr11:65708904-65709205	648	92345	TRUE	8.26548927737624e-11	-0.5620264836361506	TRUE	650	88	19.914945258706002
ENSG00000176973	chr11:65708904-65709205	436	56251	TRUE	1.047006454923732e-10	-0.7014703910563672	TRUE	650	88	1.183401564632228
ENSG00000174547	chr11:65708904-65709205	646	91731	TRUE	7.498000674272827e-10	-0.5626877476791945	TRUE	650	88	13.077158661208163
ENSG00000142186	chr11:65708904-65709205	571	79826	TRUE	1.1364338116966386e-9	-0.5702376020480973	TRUE	650	88	2.797785347458775
ENSG00000175634	chr11:65708904-65709205	636	90035	TRUE	1.476904598792978e-9	-0.5162552172768327	TRUE	650	88	6.5861849849474465
ENSG00000175550	chr11:65708904-65709205	643	91646	TRUE	3.5988230698301616e-9	-0.461659646122778	TRUE	650	88	9.296175922164235
ENSG00000172500	chr11:65708904-65709205	637	88213	TRUE	7.621606250876297e-9	-0.5072649321307492	TRUE	650	88	5.479389980936904
ENSG00000175482	chr11:65708904-65709205	612	86282	TRUE	1.1010183159935669e-8	-0.42781869315553833	TRUE	650	88	4.8291613279581656
ENSG00000172922	chr11:65708904-65709205	257	33278	TRUE	4.6304949482352167e-8	-0.6694737692768655	TRUE	650	88	0.5004427221684011
ENSG00000110711	chr11:65708904-65709205	575	80015	TRUE	5.5534175634944075e-8	-0.4999124119118943	TRUE	650	88	2.931508276300301
ENSG00000167797	chr11:65708904-65709205	609	87180	TRUE	2.0801987368377576e-7	-0.47158442721998406	TRUE	650	88	5.157213246247278
ENSG00000173465	chr11:65708904-65709205	618	85945	TRUE	6.610804248408965e-6	-0.5336663841850116	TRUE	650	88	5.40783566153109
ENSG00000172725	chr11:65708904-65709205	496	70019	TRUE	1.0851735335987584e-5	-0.5108128496901074	TRUE	650	88	2.3943977415960918
ENSG00000175602	chr11:65708904-65709205	398	55156	TRUE	2.7685470993374893e-5	-0.6091852962592693	TRUE	650	88	1.5986541246080608
ENSG00000174903	chr11:65708904-65709205	639	89804	TRUE	1.1240024835089228e-4	-0.41167948720207237	TRUE	650	88	6.175057553881892
ENSG00000172663	chr11:65708904-65709205	487	66108	TRUE	2.6167469094116706e-4	-0.30993514428151037	TRUE	650	88	1.8816942196110296
ENSG00000174744	chr11:65708904-65709205	560	75214	TRUE	0.036	-0.42453757891586164	TRUE	650	88	2.6230819713116036
ENSG00000174903	chr11:65708904-65709205	639	89804	TRUE	1.584906515101172e-15	-0.6402951099179166	TRUE	650	89	6.175057553881892
ENSG00000172531	chr11:65708904-65709205	648	92345	TRUE	7.264872740330478e-15	-0.6443053629994595	TRUE	650	89	19.914945258706002
ENSG00000174744	chr11:65708904-65709205	560	75214	TRUE	1.0613335394383478e-14	-0.8195094551405997	TRUE	650	89	2.6230819713116036
ENSG00000175550	chr11:65708904-65709205	643	91646	TRUE	3.0498515632458936e-14	-0.541632619855509	TRUE	650	89	9.296175922164235
ENSG00000087365	chr11:65708904-65709205	641	91355	TRUE	1.7276087377319561e-12	-0.5715108925618733	TRUE	650	89	8.829453003739701
ENSG00000175482	chr11:65708904-65709205	612	86282	TRUE	2.199686884802655e-11	-0.5119177220987849	TRUE	650	89	4.8291613279581656
ENSG00000174547	chr11:65708904-65709205	646	91731	TRUE	1.296472071053576e-10	-0.5735377335207508	TRUE	650	89	13.077158661208163
ENSG00000175634	chr11:65708904-65709205	636	90035	TRUE	2.8309529906727335e-10	-0.5478759761802974	TRUE	650	89	6.5861849849474465
ENSG00000142186	chr11:65708904-65709205	571	79826	TRUE	1.539611015774418e-9	-0.5552539877113372	TRUE	650	89	2.797785347458775
ENSG00000239306	chr11:65708904-65709205	589	82675	TRUE	1.906493843102376e-9	-0.5904399826718101	TRUE	650	89	3.9567486483952625
ENSG00000172757	chr11:65708904-65709205	650	92617	TRUE	1.2373382460881092e-8	-0.5343683304159494	TRUE	650	89	47.93282081731721
ENSG00000174851	chr11:65708904-65709205	644	91666	TRUE	2.011440227819481e-8	-0.4995370326490933	TRUE	650	89	11.07171057428878
ENSG00000173465	chr11:65708904-65709205	618	85945	TRUE	5.6934043687868014e-8	-0.6031674276202719	TRUE	650	89	5.40783566153109
ENSG00000172663	chr11:65708904-65709205	487	66108	TRUE	1.8634361589431152e-7	-0.43508146151146243	TRUE	650	89	1.8816942196110296
ENSG00000175334	chr11:65708904-65709205	650	92617	TRUE	3.687754429043807e-7	-0.41035714679825475	TRUE	650	89	30.385824557017408
ENSG00000172725	chr11:65708904-65709205	496	70019	TRUE	5.652994162846657e-7	-0.5423277559657151	TRUE	650	89	2.3943977415960918
ENSG00000175602	chr11:65708904-65709205	398	55156	TRUE	1.538677067050413e-6	-0.6677374786143822	TRUE	650	89	1.5986541246080608
ENSG00000110711	chr11:65708904-65709205	575	80015	TRUE	7.544401810804092e-6	-0.45940628080142654	TRUE	650	89	2.931508276300301
ENSG00000172922	chr11:65708904-65709205	257	33278	TRUE	1.475715511171016e-5	-0.5499666748207768	TRUE	650	89	0.5004427221684011
ENSG00000176973	chr11:65708904-65709205	436	56251	TRUE	2.1306899395735204e-5	-0.5442155999303465	TRUE	650	89	1.183401564632228
ENSG00000172500	chr11:65708904-65709205	637	88213	TRUE	8.260052271715033e-5	-0.40876978876622383	TRUE	650	89	5.479389980936904
ENSG00000167797	chr11:65708904-65709205	609	87180	TRUE	8.885054779863809e-4	-0.363794501190426	TRUE	650	89	5.157213246247278
ENSG00000172757	chr11:65708904-65709205	650	92617	TRUE	1.490910336065577e-19	-0.6832670221309183	TRUE	650	90	47.93282081731721
ENSG00000175550	chr11:65708904-65709205	643	91646	TRUE	8.541106499232098e-17	-0.591703184500548	TRUE	650	90	9.296175922164235
ENSG00000087365	chr11:65708904-65709205	641	91355	TRUE	8.871740465778876e-15	-0.5961846633074162	TRUE	650	90	8.829453003739701
ENSG00000142186	chr11:65708904-65709205	571	79826	TRUE	1.7002287209443658e-14	-0.6464481686682158	TRUE	650	90	2.797785347458775
ENSG00000173465	chr11:65708904-65709205	618	85945	TRUE	4.61295965370125e-14	-0.705612250281735	TRUE	650	90	5.40783566153109
ENSG00000174903	chr11:65708904-65709205	639	89804	TRUE	9.87610139848445e-13	-0.5762530593252824	TRUE	650	90	6.175057553881892
ENSG00000172500	chr11:65708904-65709205	637	88213	TRUE	2.6609490929141146e-12	-0.5640148949034258	TRUE	650	90	5.479389980936904
ENSG00000172531	chr11:65708904-65709205	648	92345	TRUE	3.813768108813918e-12	-0.5678249256762111	TRUE	650	90	19.914945258706002
ENSG00000175334	chr11:65708904-65709205	650	92617	TRUE	1.3336126764081649e-11	-0.46917018491021967	TRUE	650	90	30.385824557017408
ENSG00000174744	chr11:65708904-65709205	560	75214	TRUE	1.758590012078747e-11	-0.7169657697444648	TRUE	650	90	2.6230819713116036
ENSG00000174851	chr11:65708904-65709205	644	91666	TRUE	2.6694912311400083e-11	-0.5398618059317979	TRUE	650	90	11.07171057428878
ENSG00000175634	chr11:65708904-65709205	636	90035	TRUE	2.2137499129223285e-10	-0.5083476119936599	TRUE	650	90	6.5861849849474465
ENSG00000172663	chr11:65708904-65709205	487	66108	TRUE	2.97840009255763e-10	-0.4995613991075778	TRUE	650	90	1.8816942196110296
ENSG00000239306	chr11:65708904-65709205	589	82675	TRUE	2.8588436458349867e-9	-0.5705720462938637	TRUE	650	90	3.9567486483952625
ENSG00000174547	chr11:65708904-65709205	646	91731	TRUE	3.983709903553306e-9	-0.5205324901015405	TRUE	650	90	13.077158661208163
ENSG00000175482	chr11:65708904-65709205	612	86282	TRUE	3.146517722153112e-8	-0.40482705052930923	TRUE	650	90	4.8291613279581656
ENSG00000110711	chr11:65708904-65709205	575	80015	TRUE	4.9030242740162047e-8	-0.5176264889839475	TRUE	650	90	2.931508276300301
ENSG00000175602	chr11:65708904-65709205	398	55156	TRUE	9.002228741627778e-8	-0.6892385478253042	TRUE	650	90	1.5986541246080608
ENSG00000176973	chr11:65708904-65709205	436	56251	TRUE	4.070152260809382e-6	-0.554182444689393	TRUE	650	90	1.183401564632228
ENSG00000167797	chr11:65708904-65709205	609	87180	TRUE	9.176168534393535e-6	-0.4089316034235413	TRUE	650	90	5.157213246247278
ENSG00000172725	chr11:65708904-65709205	496	70019	TRUE	2.2038983682206963e-4	-0.4319574289788679	TRUE	650	90	2.3943977415960918
ENSG00000172922	chr11:65708904-65709205	257	33278	TRUE	0.006936223965800778	-0.37937112024490127	TRUE	650	90	0.5004427221684011
ENSG00000175550	chr11:65708904-65709205	643	91646	TRUE	5.481186959521048e-19	-0.615566361898737	TRUE	650	91	9.296175922164235
ENSG00000172531	chr11:65708904-65709205	648	92345	TRUE	1.448059313724768e-16	-0.6807345728018239	TRUE	650	91	19.914945258706002
ENSG00000174851	chr11:65708904-65709205	644	91666	TRUE	3.4126657488506134e-16	-0.6410485839146212	TRUE	650	91	11.07171057428878
ENSG00000167797	chr11:65708904-65709205	609	87180	TRUE	1.1927736925452218e-15	-0.6440869766818982	TRUE	650	91	5.157213246247278
ENSG00000175334	chr11:65708904-65709205	650	92617	TRUE	2.1736417177669827e-13	-0.5202873035149667	TRUE	650	91	30.385824557017408
ENSG00000087365	chr11:65708904-65709205	641	91355	TRUE	5.1756868259084405e-12	-0.5671005339169137	TRUE	650	91	8.829453003739701
ENSG00000172500	chr11:65708904-65709205	637	88213	TRUE	2.6260801626568077e-11	-0.5957357756369	TRUE	650	91	5.479389980936904
ENSG00000174903	chr11:65708904-65709205	639	89804	TRUE	3.6697280862865566e-11	-0.5545652358920323	TRUE	650	91	6.175057553881892
ENSG00000172757	chr11:65708904-65709205	650	92617	TRUE	3.128234461901203e-10	-0.5902326454343676	TRUE	650	91	47.93282081731721
ENSG00000175634	chr11:65708904-65709205	636	90035	TRUE	2.5846555815394818e-9	-0.5197836691509443	TRUE	650	91	6.5861849849474465
ENSG00000175482	chr11:65708904-65709205	612	86282	TRUE	2.602534770765959e-9	-0.430718583661333	TRUE	650	91	4.8291613279581656
ENSG00000175602	chr11:65708904-65709205	398	55156	TRUE	8.193955973315788e-9	-0.7309950129040589	TRUE	650	91	1.5986541246080608
ENSG00000172725	chr11:65708904-65709205	496	70019	TRUE	9.61356065790059e-9	-0.6048369574437259	TRUE	650	91	2.3943977415960918
ENSG00000142186	chr11:65708904-65709205	571	79826	TRUE	7.850861810036313e-8	-0.5341152206531867	TRUE	650	91	2.797785347458775
ENSG00000172663	chr11:65708904-65709205	487	66108	TRUE	2.094603805845069e-6	-0.4137078107188954	TRUE	650	91	1.8816942196110296
ENSG00000174547	chr11:65708904-65709205	646	91731	TRUE	2.8861698255657694e-6	-0.48370510690891555	TRUE	650	91	13.077158661208163
ENSG00000174744	chr11:65708904-65709205	560	75214	TRUE	3.0717402667664495e-6	-0.5914348876606059	TRUE	650	91	2.6230819713116036
ENSG00000173465	chr11:65708904-65709205	618	85945	TRUE	1.0338855867803314e-5	-0.5224015580891974	TRUE	650	91	5.40783566153109
ENSG00000239306	chr11:65708904-65709205	589	82675	TRUE	1.2036606282217564e-5	-0.4930089723302351	TRUE	650	91	3.9567486483952625
ENSG00000172922	chr11:65708904-65709205	257	33278	TRUE	3.3159469682882484e-5	-0.5439428871930068	TRUE	650	91	0.5004427221684011
ENSG00000110711	chr11:65708904-65709205	575	80015	TRUE	3.65971245278221e-4	-0.38526305363722746	TRUE	650	91	2.931508276300301
ENSG00000176973	chr11:65708904-65709205	436	56251	TRUE	0.088	-0.33214725872455836	TRUE	650	91	1.183401564632228
ENSG00000087365	chr11:65708904-65709205	641	91355	TRUE	6.571041725006161e-16	-0.6262200675296299	TRUE	650	92	8.829453003739701
ENSG00000175334	chr11:65708904-65709205	650	92617	TRUE	9.709954673845855e-16	-0.5546868569177859	TRUE	650	92	30.385824557017408
ENSG00000174903	chr11:65708904-65709205	639	89804	TRUE	1.8250448043915705e-13	-0.6101541450939525	TRUE	650	92	6.175057553881892
ENSG00000175634	chr11:65708904-65709205	636	90035	TRUE	4.0900226826954324e-13	-0.5820484653480857	TRUE	650	92	6.5861849849474465
ENSG00000172757	chr11:65708904-65709205	650	92617	TRUE	2.2424503769273246e-12	-0.6618198185623214	TRUE	650	92	47.93282081731721
ENSG00000174744	chr11:65708904-65709205	560	75214	TRUE	8.876254373348275e-12	-0.7507658112368494	TRUE	650	92	2.6230819713116036
ENSG00000173465	chr11:65708904-65709205	618	85945	TRUE	1.4190647083510104e-10	-0.6467670967810277	TRUE	650	92	5.40783566153109
ENSG00000172500	chr11:65708904-65709205	637	88213	TRUE	1.501743043546748e-10	-0.5569997191092173	TRUE	650	92	5.479389980936904
ENSG00000175550	chr11:65708904-65709205	643	91646	TRUE	4.387276388165891e-10	-0.4661723024166893	TRUE	650	92	9.296175922164235
ENSG00000174547	chr11:65708904-65709205	646	91731	TRUE	1.708645204577424e-9	-0.556262500675067	TRUE	650	92	13.077158661208163
ENSG00000167797	chr11:65708904-65709205	609	87180	TRUE	2.5772020250025882e-9	-0.508238803612526	TRUE	650	92	5.157213246247278
ENSG00000174851	chr11:65708904-65709205	644	91666	TRUE	6.767883852030598e-9	-0.5065259699922522	TRUE	650	92	11.07171057428878
ENSG00000110711	chr11:65708904-65709205	575	80015	TRUE	6.87626118187667e-9	-0.5325562018076375	TRUE	650	92	2.931508276300301
ENSG00000172531	chr11:65708904-65709205	648	92345	TRUE	1.93046612846029e-8	-0.5278617746941117	TRUE	650	92	19.914945258706002
ENSG00000175482	chr11:65708904-65709205	612	86282	TRUE	4.1347478163674626e-7	-0.38500560961656527	TRUE	650	92	4.8291613279581656
ENSG00000172922	chr11:65708904-65709205	257	33278	TRUE	1.593675263402393e-5	-0.5928524876739534	TRUE	650	92	0.5004427221684011
ENSG00000172663	chr11:65708904-65709205	487	66108	TRUE	3.0466436030895244e-5	-0.33841968341465845	TRUE	650	92	1.8816942196110296
ENSG00000239306	chr11:65708904-65709205	589	82675	TRUE	9.019239640503662e-5	-0.4269412503889307	TRUE	650	92	3.9567486483952625
ENSG00000176973	chr11:65708904-65709205	436	56251	TRUE	1.0245646668193822e-4	-0.5098640951395697	TRUE	650	92	1.183401564632228
ENSG00000172725	chr11:65708904-65709205	496	70019	TRUE	8.799126081527296e-4	-0.40853654057711597	TRUE	650	92	2.3943977415960918
ENSG00000175602	chr11:65708904-65709205	398	55156	TRUE	0.0014815368831974443	-0.49686427139302103	TRUE	650	92	1.5986541246080608
ENSG00000142186	chr11:65708904-65709205	571	79826	TRUE	0.0024880710199133753	-0.38473759661496	TRUE	650	92	2.797785347458775
ENSG00000174547	chr11:65708904-65709205	646	91731	TRUE	1.9317726821248005e-23	-0.7692978542225388	TRUE	650	93	13.077158661208163
ENSG00000172531	chr11:65708904-65709205	648	92345	TRUE	8.276431099130214e-19	-0.6948192348078401	TRUE	650	93	19.914945258706002
ENSG00000172757	chr11:65708904-65709205	650	92617	TRUE	1.9101208014606346e-18	-0.7610176178266617	TRUE	650	93	47.93282081731721
ENSG00000175550	chr11:65708904-65709205	643	91646	TRUE	1.455902977869281e-14	-0.5550293979060354	TRUE	650	93	9.296175922164235
ENSG00000174851	chr11:65708904-65709205	644	91666	TRUE	3.926618232302462e-14	-0.5986669833720444	TRUE	650	93	11.07171057428878
ENSG00000175634	chr11:65708904-65709205	636	90035	TRUE	5.83045698123553e-12	-0.5737729452905835	TRUE	650	93	6.5861849849474465
ENSG00000175334	chr11:65708904-65709205	650	92617	TRUE	7.231621843980184e-11	-0.4723813742820999	TRUE	650	93	30.385824557017408
ENSG00000087365	chr11:65708904-65709205	641	91355	TRUE	1.3741363790589832e-10	-0.5184732446594751	TRUE	650	93	8.829453003739701
ENSG00000110711	chr11:65708904-65709205	575	80015	TRUE	5.513931961743251e-10	-0.5436036943217923	TRUE	650	93	2.931508276300301
ENSG00000173465	chr11:65708904-65709205	618	85945	TRUE	1.367841268258617e-8	-0.609396935022432	TRUE	650	93	5.40783566153109
ENSG00000174744	chr11:65708904-65709205	560	75214	TRUE	6.474326463422674e-8	-0.6340225164729214	TRUE	650	93	2.6230819713116036
ENSG00000167797	chr11:65708904-65709205	609	87180	TRUE	7.93019452417559e-8	-0.4571795183520435	TRUE	650	93	5.157213246247278
ENSG00000176973	chr11:65708904-65709205	436	56251	TRUE	2.2727991626086963e-6	-0.5692630179720325	TRUE	650	93	1.183401564632228
ENSG00000175602	chr11:65708904-65709205	398	55156	TRUE	2.5638115438921145e-6	-0.6613491506518345	TRUE	650	93	1.5986541246080608
ENSG00000142186	chr11:65708904-65709205	571	79826	TRUE	5.3929699765358375e-6	-0.45848924439564187	TRUE	650	93	2.797785347458775
ENSG00000172500	chr11:65708904-65709205	637	88213	TRUE	1.186147177269269e-5	-0.42439832389807197	TRUE	650	93	5.479389980936904
ENSG00000239306	chr11:65708904-65709205	589	82675	TRUE	3.2400074288491294e-5	-0.4673477120646141	TRUE	650	93	3.9567486483952625
ENSG00000174903	chr11:65708904-65709205	639	89804	TRUE	1.4566934815355911e-4	-0.39788193992452925	TRUE	650	93	6.175057553881892
ENSG00000172663	chr11:65708904-65709205	487	66108	TRUE	3.0699507924498645e-4	-0.31134609308921757	TRUE	650	93	1.8816942196110296
ENSG00000175482	chr11:65708904-65709205	612	86282	TRUE	5.665040348356264e-4	-0.28768395393816926	TRUE	650	93	4.8291613279581656
ENSG00000172725	chr11:65708904-65709205	496	70019	TRUE	0.0010292871786806504	-0.41669067232555745	TRUE	650	93	2.3943977415960918
ENSG00000172922	chr11:65708904-65709205	257	33278	TRUE	0.072	-0.3112821304027318	TRUE	650	93	0.5004427221684011
ENSG00000174903	chr11:65708904-65709205	639	89804	TRUE	1.9400784762258197e-11	-0.559836673562149	TRUE	650	94	6.175057553881892
ENSG00000175482	chr11:65708904-65709205	612	86282	TRUE	5.096839359526768e-10	-0.47253875935596024	TRUE	650	94	4.8291613279581656
ENSG00000175334	chr11:65708904-65709205	650	92617	TRUE	7.337441619275098e-10	-0.47504749937961854	TRUE	650	94	30.385824557017408
ENSG00000174547	chr11:65708904-65709205	646	91731	TRUE	8.403109853152705e-10	-0.5387392127376693	TRUE	650	94	13.077158661208163
ENSG00000172663	chr11:65708904-65709205	487	66108	TRUE	1.1314365635953732e-9	-0.4931422782133005	TRUE	650	94	1.8816942196110296
ENSG00000175634	chr11:65708904-65709205	636	90035	TRUE	1.1529890350296004e-9	-0.519342140443324	TRUE	650	94	6.5861849849474465
ENSG00000172500	chr11:65708904-65709205	637	88213	TRUE	2.5086634481577684e-9	-0.5478771982187483	TRUE	650	94	5.479389980936904
ENSG00000239306	chr11:65708904-65709205	589	82675	TRUE	3.3598827018046953e-9	-0.572090672792918	TRUE	650	94	3.9567486483952625
ENSG00000172531	chr11:65708904-65709205	648	92345	TRUE	1.840132500577353e-8	-0.5151659764036474	TRUE	650	94	19.914945258706002
ENSG00000175550	chr11:65708904-65709205	643	91646	TRUE	5.340279943881715e-8	-0.4207923989126803	TRUE	650	94	9.296175922164235
ENSG00000173465	chr11:65708904-65709205	618	85945	TRUE	7.452558683856362e-8	-0.573523881459256	TRUE	650	94	5.40783566153109
ENSG00000172757	chr11:65708904-65709205	650	92617	TRUE	7.513318576362807e-8	-0.5317241599836322	TRUE	650	94	47.93282081731721
ENSG00000172922	chr11:65708904-65709205	257	33278	TRUE	2.1067089473135708e-7	-0.6892822503570459	TRUE	650	94	0.5004427221684011
ENSG00000174851	chr11:65708904-65709205	644	91666	TRUE	1.173103154121025e-6	-0.45303953407027686	TRUE	650	94	11.07171057428878
ENSG00000176973	chr11:65708904-65709205	436	56251	TRUE	1.1913270881751172e-6	-0.5642186245779706	TRUE	650	94	1.183401564632228
ENSG00000172725	chr11:65708904-65709205	496	70019	TRUE	1.928669838526984e-6	-0.5258541158132911	TRUE	650	94	2.3943977415960918
ENSG00000087365	chr11:65708904-65709205	641	91355	TRUE	2.913680045933903e-6	-0.4332662266024516	TRUE	650	94	8.829453003739701
ENSG00000110711	chr11:65708904-65709205	575	80015	TRUE	1.0563828029115001e-5	-0.4508724042139296	TRUE	650	94	2.931508276300301
ENSG00000142186	chr11:65708904-65709205	571	79826	TRUE	1.6095049326761857e-4	-0.42114219190015234	TRUE	650	94	2.797785347458775
ENSG00000167797	chr11:65708904-65709205	609	87180	TRUE	2.2711588862581698e-4	-0.3726056712752479	TRUE	650	94	5.157213246247278
ENSG00000175602	chr11:65708904-65709205	398	55156	TRUE	2.980614042899219e-4	-0.5430961058014967	TRUE	650	94	1.5986541246080608
ENSG00000174744	chr11:65708904-65709205	560	75214	TRUE	0.0032956432275102823	-0.4759576702406698	TRUE	650	94	2.6230819713116036
ENSG00000142186	chr11:65708904-65709205	571	79826	TRUE	1.1780185275999597e-15	-0.6960619235799095	TRUE	650	95	2.797785347458775
ENSG00000175334	chr11:65708904-65709205	650	92617	TRUE	6.150814677421932e-14	-0.5436435454479653	TRUE	650	95	30.385824557017408
ENSG00000175550	chr11:65708904-65709205	643	91646	TRUE	7.197777297596153e-14	-0.570170022950907	TRUE	650	95	9.296175922164235
ENSG00000167797	chr11:65708904-65709205	609	87180	TRUE	1.4083880636967053e-13	-0.6328353985352564	TRUE	650	95	5.157213246247278
ENSG00000175634	chr11:65708904-65709205	636	90035	TRUE	1.9603561037853787e-10	-0.5429313863736978	TRUE	650	95	6.5861849849474465
ENSG00000172757	chr11:65708904-65709205	650	92617	TRUE	6.987157324517799e-10	-0.6245894234026643	TRUE	650	95	47.93282081731721
ENSG00000087365	chr11:65708904-65709205	641	91355	TRUE	1.4912622115127766e-9	-0.5207676596122832	TRUE	650	95	8.829453003739701
ENSG00000175482	chr11:65708904-65709205	612	86282	TRUE	1.1784531701972985e-8	-0.44589270051489915	TRUE	650	95	4.8291613279581656
ENSG00000172500	chr11:65708904-65709205	637	88213	TRUE	3.4011896709203713e-8	-0.515087263101079	TRUE	650	95	5.479389980936904
ENSG00000172531	chr11:65708904-65709205	648	92345	TRUE	1.3899928356462868e-7	-0.5219327835722285	TRUE	650	95	19.914945258706002
ENSG00000174851	chr11:65708904-65709205	644	91666	TRUE	1.5367296309196001e-6	-0.45604306403968753	TRUE	650	95	11.07171057428878
ENSG00000174903	chr11:65708904-65709205	639	89804	TRUE	1.741497270859563e-6	-0.4525442989515236	TRUE	650	95	6.175057553881892
ENSG00000173465	chr11:65708904-65709205	618	85945	TRUE	3.6790031085077307e-6	-0.5537304987805629	TRUE	650	95	5.40783566153109
ENSG00000174547	chr11:65708904-65709205	646	91731	TRUE	3.97132651042912e-6	-0.48152942403406707	TRUE	650	95	13.077158661208163
ENSG00000174744	chr11:65708904-65709205	560	75214	TRUE	8.592643355585438e-6	-0.5869052291800918	TRUE	650	95	2.6230819713116036
ENSG00000172725	chr11:65708904-65709205	496	70019	TRUE	1.1924014055620454e-5	-0.5321678897454933	TRUE	650	95	2.3943977415960918
ENSG00000239306	chr11:65708904-65709205	589	82675	TRUE	3.004666437977238e-5	-0.49733057828032856	TRUE	650	95	3.9567486483952625
ENSG00000175602	chr11:65708904-65709205	398	55156	TRUE	5.2233201004886834e-5	-0.574761465655744	TRUE	650	95	1.5986541246080608
ENSG00000110711	chr11:65708904-65709205	575	80015	TRUE	1.0445061144367593e-4	-0.3988777665756682	TRUE	650	95	2.931508276300301
ENSG00000172663	chr11:65708904-65709205	487	66108	TRUE	3.067735671810623e-4	-0.29590103516177946	TRUE	650	95	1.8816942196110296
ENSG00000172922	chr11:65708904-65709205	257	33278	TRUE	3.3284511485155537e-4	-0.46214879602935954	TRUE	650	95	0.5004427221684011
ENSG00000176973	chr11:65708904-65709205	436	56251	TRUE	8.641594593421648e-4	-0.4551469254305008	TRUE	650	95	1.183401564632228
ENSG00000110711	chr11:65708904-65709205	575	80015	TRUE	6.215020258526718e-18	-0.7410094321862117	TRUE	650	96	2.931508276300301
ENSG00000175634	chr11:65708904-65709205	636	90035	TRUE	2.786494626663246e-17	-0.6621529480726953	TRUE	650	96	6.5861849849474465
ENSG00000174851	chr11:65708904-65709205	644	91666	TRUE	1.9703453626785088e-16	-0.6347957587404931	TRUE	650	96	11.07171057428878
ENSG00000175550	chr11:65708904-65709205	643	91646	TRUE	4.2010036403718875e-16	-0.5969721062789834	TRUE	650	96	9.296175922164235
ENSG00000142186	chr11:65708904-65709205	571	79826	TRUE	5.63095346054401e-16	-0.7185397917906142	TRUE	650	96	2.797785347458775
ENSG00000174547	chr11:65708904-65709205	646	91731	TRUE	2.334949164126399e-15	-0.6445412528223184	TRUE	650	96	13.077158661208163
ENSG00000087365	chr11:65708904-65709205	641	91355	TRUE	2.96746105492525e-15	-0.6160218151459818	TRUE	650	96	8.829453003739701
ENSG00000172531	chr11:65708904-65709205	648	92345	TRUE	1.5915126482560547e-13	-0.6232528540438298	TRUE	650	96	19.914945258706002
ENSG00000172500	chr11:65708904-65709205	637	88213	TRUE	3.751225275348667e-13	-0.59905740805024	TRUE	650	96	5.479389980936904
ENSG00000174903	chr11:65708904-65709205	639	89804	TRUE	1.2626188454515567e-11	-0.5656093856625959	TRUE	650	96	6.175057553881892
ENSG00000174744	chr11:65708904-65709205	560	75214	TRUE	2.4170094028394934e-11	-0.7281446938374714	TRUE	650	96	2.6230819713116036
ENSG00000175482	chr11:65708904-65709205	612	86282	TRUE	5.2616918731179904e-11	-0.47194124638784607	TRUE	650	96	4.8291613279581656
ENSG00000175334	chr11:65708904-65709205	650	92617	TRUE	1.0998075505457049e-8	-0.4445454109822746	TRUE	650	96	30.385824557017408
ENSG00000172757	chr11:65708904-65709205	650	92617	TRUE	1.3524841128539542e-8	-0.5589370516376748	TRUE	650	96	47.93282081731721
ENSG00000172663	chr11:65708904-65709205	487	66108	TRUE	1.3867356613526023e-8	-0.4963482685123916	TRUE	650	96	1.8816942196110296
ENSG00000167797	chr11:65708904-65709205	609	87180	TRUE	2.7530034440740518e-8	-0.47996084928546145	TRUE	650	96	5.157213246247278
ENSG00000173465	chr11:65708904-65709205	618	85945	TRUE	7.332324555571305e-8	-0.5924703226994434	TRUE	650	96	5.40783566153109
ENSG00000239306	chr11:65708904-65709205	589	82675	TRUE	7.453651597002413e-8	-0.5457427834655744	TRUE	650	96	3.9567486483952625
ENSG00000176973	chr11:65708904-65709205	436	56251	TRUE	1.2154127984498222e-7	-0.612867787285687	TRUE	650	96	1.183401564632228
ENSG00000175602	chr11:65708904-65709205	398	55156	TRUE	5.846497448419477e-7	-0.6613491506518345	TRUE	650	96	1.5986541246080608
ENSG00000172725	chr11:65708904-65709205	496	70019	TRUE	3.5394553638749653e-6	-0.5021106558893136	TRUE	650	96	2.3943977415960918
ENSG00000172922	chr11:65708904-65709205	257	33278	TRUE	4.1313537587342464e-4	-0.4735535593016089	TRUE	650	96	0.5004427221684011
ENSG00000174903	chr11:65708904-65709205	639	89804	TRUE	1.2267620645638608e-17	-0.6653860908807467	TRUE	650	97	6.175057553881892
ENSG00000175550	chr11:65708904-65709205	643	91646	TRUE	5.543699902048275e-14	-0.5608091765547645	TRUE	650	97	9.296175922164235
ENSG00000142186	chr11:65708904-65709205	571	79826	TRUE	3.109362021138739e-12	-0.6453144200512132	TRUE	650	97	2.797785347458775
ENSG00000239306	chr11:65708904-65709205	589	82675	TRUE	3.479454986902075e-11	-0.618409098530478	TRUE	650	97	3.9567486483952625
ENSG00000172531	chr11:65708904-65709205	648	92345	TRUE	1.1184461357921667e-10	-0.564997132355654	TRUE	650	97	19.914945258706002
ENSG00000174851	chr11:65708904-65709205	644	91666	TRUE	1.136901972872189e-10	-0.5390653968357304	TRUE	650	97	11.07171057428878
ENSG00000110711	chr11:65708904-65709205	575	80015	TRUE	5.877945893966785e-10	-0.574170410617642	TRUE	650	97	2.931508276300301
ENSG00000172663	chr11:65708904-65709205	487	66108	TRUE	6.904144128015146e-10	-0.47563555986209727	TRUE	650	97	1.8816942196110296
ENSG00000174547	chr11:65708904-65709205	646	91731	TRUE	1.9628410392544e-9	-0.5414561533540092	TRUE	650	97	13.077158661208163
ENSG00000172500	chr11:65708904-65709205	637	88213	TRUE	1.1371828341591754e-8	-0.5093467435178014	TRUE	650	97	5.479389980936904
ENSG00000167797	chr11:65708904-65709205	609	87180	TRUE	1.5116201303129245e-8	-0.4923349176973546	TRUE	650	97	5.157213246247278
ENSG00000087365	chr11:65708904-65709205	641	91355	TRUE	8.54189403795967e-8	-0.48193099307416665	TRUE	650	97	8.829453003739701
ENSG00000175334	chr11:65708904-65709205	650	92617	TRUE	3.1546066589574213e-7	-0.4339531524241709	TRUE	650	97	30.385824557017408
ENSG00000176973	chr11:65708904-65709205	436	56251	TRUE	4.629382706343205e-6	-0.5442155999303465	TRUE	650	97	1.183401564632228
ENSG00000172922	chr11:65708904-65709205	257	33278	TRUE	6.215659804645985e-6	-0.5743165362365257	TRUE	650	97	0.5004427221684011
ENSG00000172725	chr11:65708904-65709205	496	70019	TRUE	6.246303024158833e-6	-0.5095664608083608	TRUE	650	97	2.3943977415960918
ENSG00000174744	chr11:65708904-65709205	560	75214	TRUE	3.26991915743282e-5	-0.5555896887138838	TRUE	650	97	2.6230819713116036
ENSG00000173465	chr11:65708904-65709205	618	85945	TRUE	1.0856415470195634e-4	-0.5011850721795015	TRUE	650	97	5.40783566153109
ENSG00000175634	chr11:65708904-65709205	636	90035	TRUE	2.887230293204812e-4	-0.37895194268273125	TRUE	650	97	6.5861849849474465
ENSG00000175482	chr11:65708904-65709205	612	86282	TRUE	0.010473706624392828	-0.2319904536670938	TRUE	650	97	4.8291613279581656
ENSG00000175602	chr11:65708904-65709205	398	55156	TRUE	0.028	-0.4374398591925881	TRUE	650	97	1.5986541246080608
ENSG00000172757	chr11:65708904-65709205	650	92617	TRUE	0.052	-0.37007497921332266	TRUE	650	97	47.93282081731721
ENSG00000110711	chr11:65708904-65709205	575	80015	TRUE	1.29703380135187e-20	-0.8060333233532321	TRUE	650	98	2.931508276300301
ENSG00000172531	chr11:65708904-65709205	648	92345	TRUE	3.809044000808002e-19	-0.723076064647838	TRUE	650	98	19.914945258706002
ENSG00000175334	chr11:65708904-65709205	650	92617	TRUE	1.6459843339555063e-16	-0.5556596133708549	TRUE	650	98	30.385824557017408
ENSG00000175550	chr11:65708904-65709205	643	91646	TRUE	6.248128502713133e-14	-0.5572743389583814	TRUE	650	98	9.296175922164235
ENSG00000175634	chr11:65708904-65709205	636	90035	TRUE	4.524703843655758e-13	-0.6029473586739731	TRUE	650	98	6.5861849849474465
ENSG00000172500	chr11:65708904-65709205	637	88213	TRUE	8.124962288067537e-13	-0.6029423364552133	TRUE	650	98	5.479389980936904
ENSG00000172757	chr11:65708904-65709205	650	92617	TRUE	5.841224451694346e-11	-0.6137449189913893	TRUE	650	98	47.93282081731721
ENSG00000176973	chr11:65708904-65709205	436	56251	TRUE	3.84082140624084e-10	-0.682215833976422	TRUE	650	98	1.183401564632228
ENSG00000239306	chr11:65708904-65709205	589	82675	TRUE	7.52523105684192e-10	-0.6035800765597625	TRUE	650	98	3.9567486483952625
ENSG00000174547	chr11:65708904-65709205	646	91731	TRUE	2.202047714467282e-9	-0.5510059426315594	TRUE	650	98	13.077158661208163
ENSG00000174903	chr11:65708904-65709205	639	89804	TRUE	1.280949006836886e-8	-0.5266152540467322	TRUE	650	98	6.175057553881892
ENSG00000142186	chr11:65708904-65709205	571	79826	TRUE	2.0311514722445082e-8	-0.5457031949283988	TRUE	650	98	2.797785347458775
ENSG00000172922	chr11:65708904-65709205	257	33278	TRUE	2.349814976862377e-8	-0.7161238625756872	TRUE	650	98	0.5004427221684011
ENSG00000174851	chr11:65708904-65709205	644	91666	TRUE	4.142396056001311e-7	-0.4693839664270776	TRUE	650	98	11.07171057428878
ENSG00000087365	chr11:65708904-65709205	641	91355	TRUE	4.146441439911166e-7	-0.4733349693857818	TRUE	650	98	8.829453003739701
ENSG00000172725	chr11:65708904-65709205	496	70019	TRUE	4.946204565186543e-7	-0.5602815259544073	TRUE	650	98	2.3943977415960918
ENSG00000167797	chr11:65708904-65709205	609	87180	TRUE	2.5610102250001997e-6	-0.43692507202988473	TRUE	650	98	5.157213246247278
ENSG00000175482	chr11:65708904-65709205	612	86282	TRUE	4.118355692904631e-6	-0.39177089770386275	TRUE	650	98	4.8291613279581656
ENSG00000173465	chr11:65708904-65709205	618	85945	TRUE	2.1635792090442165e-5	-0.5342050047030802	TRUE	650	98	5.40783566153109
ENSG00000174744	chr11:65708904-65709205	560	75214	TRUE	3.459249113263365e-5	-0.5533786613985303	TRUE	650	98	2.6230819713116036
ENSG00000175602	chr11:65708904-65709205	398	55156	TRUE	8.405265280494274e-5	-0.5807768810735152	TRUE	650	98	1.5986541246080608
ENSG00000172663	chr11:65708904-65709205	487	66108	TRUE	3.893075900309635e-4	-0.3241071152257007	TRUE	650	98	1.8816942196110296
ENSG00000172757	chr11:65708904-65709205	650	92617	TRUE	1.0878585589471726e-16	-0.689415544142256	TRUE	650	99	47.93282081731721
ENSG00000174851	chr11:65708904-65709205	644	91666	TRUE	4.262737429698321e-15	-0.614519406450448	TRUE	650	99	11.07171057428878
ENSG00000175334	chr11:65708904-65709205	650	92617	TRUE	4.208144288162938e-12	-0.4897534324958839	TRUE	650	99	30.385824557017408
ENSG00000174547	chr11:65708904-65709205	646	91731	TRUE	2.1152229341442515e-11	-0.5847034393622925	TRUE	650	99	13.077158661208163
ENSG00000087365	chr11:65708904-65709205	641	91355	TRUE	1.6680961885052927e-10	-0.5109600416856988	TRUE	650	99	8.829453003739701
ENSG00000110711	chr11:65708904-65709205	575	80015	TRUE	3.0892889965572593e-9	-0.5255697714915308	TRUE	650	99	2.931508276300301
ENSG00000175482	chr11:65708904-65709205	612	86282	TRUE	4.801303520927491e-9	-0.42550297028131157	TRUE	650	99	4.8291613279581656
ENSG00000176973	chr11:65708904-65709205	436	56251	TRUE	8.930566677640072e-9	-0.6578316753494629	TRUE	650	99	1.183401564632228
ENSG00000175634	chr11:65708904-65709205	636	90035	TRUE	1.514783056699384e-8	-0.4939619553017387	TRUE	650	99	6.5861849849474465
ENSG00000172725	chr11:65708904-65709205	496	70019	TRUE	4.932799615682478e-8	-0.6048369574437259	TRUE	650	99	2.3943977415960918
ENSG00000175550	chr11:65708904-65709205	643	91646	TRUE	6.943842128135052e-8	-0.43812315957903714	TRUE	650	99	9.296175922164235
ENSG00000172531	chr11:65708904-65709205	648	92345	TRUE	1.3740035612616955e-7	-0.4908107060545577	TRUE	650	99	19.914945258706002
ENSG00000174903	chr11:65708904-65709205	639	89804	TRUE	4.667028347588289e-7	-0.4709342562327201	TRUE	650	99	6.175057553881892
ENSG00000173465	chr11:65708904-65709205	618	85945	TRUE	9.455906105402092e-7	-0.5250756923875226	TRUE	650	99	5.40783566153109
ENSG00000174744	chr11:65708904-65709205	560	75214	TRUE	9.66036726211296e-7	-0.5823897480575989	TRUE	650	99	2.6230819713116036
ENSG00000172500	chr11:65708904-65709205	637	88213	TRUE	3.189492808325302e-6	-0.4476641109773021	TRUE	650	99	5.479389980936904
ENSG00000239306	chr11:65708904-65709205	589	82675	TRUE	3.4122570067231413e-6	-0.49085301420912386	TRUE	650	99	3.9567486483952625
ENSG00000175602	chr11:65708904-65709205	398	55156	TRUE	4.159814381955859e-6	-0.6528751466064762	TRUE	650	99	1.5986541246080608
ENSG00000142186	chr11:65708904-65709205	571	79826	TRUE	9.881046496413594e-6	-0.46247734656453	TRUE	650	99	2.797785347458775
ENSG00000167797	chr11:65708904-65709205	609	87180	TRUE	2.3550169290161536e-5	-0.3951359591099881	TRUE	650	99	5.157213246247278
ENSG00000172663	chr11:65708904-65709205	487	66108	TRUE	0.01141561725653567	-0.22106273277649957	TRUE	650	99	1.8816942196110296
ENSG00000172922	chr11:65708904-65709205	257	33278	TRUE	0.01916838011278138	-0.33709131675233706	TRUE	650	99	0.5004427221684011
ENSG00000110711	chr11:65708904-65709205	575	80015	TRUE	2.5709221597986536e-13	-0.6138418042432505	TRUE	650	100	2.931508276300301
ENSG00000087365	chr11:65708904-65709205	641	91355	TRUE	7.814987505959355e-13	-0.5610160565909172	TRUE	650	100	8.829453003739701
ENSG00000175334	chr11:65708904-65709205	650	92617	TRUE	9.48031374171778e-13	-0.5177258847192272	TRUE	650	100	30.385824557017408
ENSG00000173465	chr11:65708904-65709205	618	85945	TRUE	2.618065644928426e-12	-0.6881248235528938	TRUE	650	100	5.40783566153109
ENSG00000167797	chr11:65708904-65709205	609	87180	TRUE	3.5666122765137635e-12	-0.5576211476189243	TRUE	650	100	5.157213246247278
ENSG00000174851	chr11:65708904-65709205	644	91666	TRUE	1.170299149055646e-11	-0.570998386520281	TRUE	650	100	11.07171057428878
ENSG00000174903	chr11:65708904-65709205	639	89804	TRUE	7.514748776996727e-11	-0.5483600863653244	TRUE	650	100	6.175057553881892
ENSG00000172531	chr11:65708904-65709205	648	92345	TRUE	1.3191322996738998e-10	-0.5828000968863618	TRUE	650	100	19.914945258706002
ENSG00000172500	chr11:65708904-65709205	637	88213	TRUE	1.7893346096247637e-10	-0.5553856651938309	TRUE	650	100	5.479389980936904
ENSG00000175550	chr11:65708904-65709205	643	91646	TRUE	1.0438861153657048e-9	-0.46979261809538597	TRUE	650	100	9.296175922164235
ENSG00000172725	chr11:65708904-65709205	496	70019	TRUE	1.4969506399363107e-9	-0.6466962777718803	TRUE	650	100	2.3943977415960918
ENSG00000175482	chr11:65708904-65709205	612	86282	TRUE	1.564153895158182e-9	-0.4488291864480767	TRUE	650	100	4.8291613279581656
ENSG00000174744	chr11:65708904-65709205	560	75214	TRUE	2.046390230531957e-9	-0.6839395152497333	TRUE	650	100	2.6230819713116036
ENSG00000142186	chr11:65708904-65709205	571	79826	TRUE	1.7164089116534038e-8	-0.5404243926946717	TRUE	650	100	2.797785347458775
ENSG00000174547	chr11:65708904-65709205	646	91731	TRUE	2.0369067225658438e-8	-0.528371417472616	TRUE	650	100	13.077158661208163
ENSG00000239306	chr11:65708904-65709205	589	82675	TRUE	4.418648927580234e-8	-0.5532217791723737	TRUE	650	100	3.9567486483952625
ENSG00000175634	chr11:65708904-65709205	636	90035	TRUE	5.958704252615276e-8	-0.48574391306018416	TRUE	650	100	6.5861849849474465
ENSG00000172663	chr11:65708904-65709205	487	66108	TRUE	2.1914103071551342e-7	-0.41068011802132753	TRUE	650	100	1.8816942196110296
ENSG00000176973	chr11:65708904-65709205	436	56251	TRUE	2.709560948111194e-7	-0.59990548049168535	TRUE	650	100	1.183401564632228
ENSG00000172757	chr11:65708904-65709205	650	92617	TRUE	8.697822733576581e-7	-0.4837775180554944	TRUE	650	100	47.93282081731721
ENSG00000175602	chr11:65708904-65709205	398	55156	TRUE	8.77833623275863e-4	-0.5391863607504156	TRUE	650	100	1.5986541246080608
ENSG00000172922	chr11:65708904-65709205	257	33278	TRUE	0.005283543586202062	-0.39555104730033563	TRUE	650	100	0.5004427221684011
ENSG00000103275	chr16:2206584-2206885	857	89516	TRUE	3.5686796073023447e-14	-0.565668692562078	TRUE	874	1	8.007781493171661
ENSG00000103202	chr16:2206584-2206885	808	82656	TRUE	1.4146050438935513e-13	-0.5382996921634415	TRUE	874	1	3.9204245966019773
ENSG00000007520	chr16:2206584-2206885	805	83723	TRUE	3.8349579887809563e-13	-0.5063102815913614	TRUE	874	1	3.5910288863193642
ENSG00000162039	chr16:2206584-2206885	613	63798	TRUE	2.187496970072653e-10	-0.6015582871178372	TRUE	874	1	1.6831567653155828
ENSG00000167969	chr16:2206584-2206885	852	89451	TRUE	3.4294512213469065e-10	-0.3893973074053636	TRUE	874	1	5.668093794597747
ENSG00000086506	chr16:2206584-2206885	822	86844	TRUE	6.531844248287974e-10	-0.3493308743917831	TRUE	874	1	10.380022292363304
ENSG00000086504	chr16:2206584-2206885	872	91943	TRUE	1.2472804863795212e-9	-0.4187881225708656	TRUE	874	1	12.96360302926133
ENSG00000140983	chr16:2206584-2206885	535	55617	TRUE	1.3919967841822313e-9	-0.6408268137386965	TRUE	874	1	1.1848495265477046
ENSG00000174109	chr16:2206584-2206885	669	70408	TRUE	1.8908178801430133e-9	-0.5273119425706595	TRUE	874	1	2.0785232871860577
ENSG00000095906	chr16:2206584-2206885	672	67382	TRUE	3.666153959536033e-8	-0.5122573066926677	TRUE	874	1	1.7336062585289123
ENSG00000127554	chr16:2206584-2206885	411	42607	TRUE	4.752990895561287e-8	-0.6166587577010392	TRUE	874	1	0.7540131462441535
ENSG00000188536	chr16:2206584-2206885	874	92410	TRUE	2.38949826207222e-7	-0.08772931550076102	TRUE	874	1	358.34205235580276
ENSG00000140990	chr16:2206584-2206885	872	92014	TRUE	2.700680770067283e-7	-0.37777614996003583	TRUE	874	1	18.28205048074419
ENSG00000206053	chr16:2206584-2206885	477	46739	TRUE	3.576631891082205e-7	-0.449689775871262	TRUE	874	1	0.8066502078189943
ENSG00000131653	chr16:2206584-2206885	516	55270	TRUE	4.7638552546225564e-7	-0.4711135577439113	TRUE	874	1	1.124816400512516
ENSG00000074071	chr16:2206584-2206885	837	87891	TRUE	1.1367926955072136e-6	-0.4924148593432096	TRUE	874	1	8.00711480567101
ENSG00000007376	chr16:2206584-2206885	646	66888	TRUE	3.7497058751308557e-6	-0.4996525797322018	TRUE	874	1	2.134722960092503
ENSG00000103266	chr16:2206584-2206885	702	72240	TRUE	1.0262134585732564e-5	-0.44553395410633645	TRUE	874	1	2.2476744064918694
ENSG00000065057	chr16:2206584-2206885	779	80453	TRUE	1.2223026565312892e-5	-0.37835932291677166	TRUE	874	1	3.6725939352271424
ENSG00000103254	chr16:2206584-2206885	443	45280	TRUE	1.3416000453248499e-4	-0.6002151397177625	TRUE	874	1	1.5716845318082857
ENSG00000103260	chr16:2206584-2206885	233	23458	TRUE	2.7579692340978443e-4	-0.5531348708939099	TRUE	874	1	0.34295863412398303
ENSG00000127561	chr16:2206584-2206885	580	58201	TRUE	2.795364014146432e-4	-0.40862987850740057	TRUE	874	1	1.3043220100628146
ENSG00000198736	chr16:2206584-2206885	597	60923	TRUE	5.141534806994107e-4	-0.3372411145329473	TRUE	874	1	1.5289644468056294
ENSG00000103253	chr16:2206584-2206885	236	26073	TRUE	6.725743164986316e-4	-0.600009720383192	TRUE	874	1	0.4842859672698105
ENSG00000063854	chr16:2206584-2206885	468	48895	TRUE	0.0012749344082615272	-0.26205300799676257	TRUE	874	1	1.0312509765930185
ENSG00000065054	chr16:2206584-2206885	455	46398	TRUE	0.0021095050281398076	-0.39049066960195783	TRUE	874	1	0.8916736981364001
ENSG00000103024	chr16:2206584-2206885	238	22920	TRUE	0.332	-0.14743679674255739	FALSE	874	1	0.3398231194724835
ENSG00000007520	chr16:2206584-2206885	805	83723	TRUE	1.433689315861003e-18	-0.557670703509918	TRUE	874	2	3.5910288863193642
ENSG00000086504	chr16:2206584-2206885	872	91943	TRUE	1.1824429326326637e-15	-0.5263803967063336	TRUE	874	2	12.96360302926133
ENSG00000174109	chr16:2206584-2206885	669	70408	TRUE	1.7263848447006437e-14	-0.645055909413466	TRUE	874	2	2.0785232871860577
ENSG00000167969	chr16:2206584-2206885	852	89451	TRUE	3.792779736528108e-14	-0.445980835771731	TRUE	874	2	5.668093794597747
ENSG00000103275	chr16:2206584-2206885	857	89516	TRUE	2.3463263866133703e-13	-0.552960185600543	TRUE	874	2	8.007781493171661
ENSG00000140990	chr16:2206584-2206885	872	92014	TRUE	4.451155726953822e-13	-0.47963648620341726	TRUE	874	2	18.28205048074419
ENSG00000074071	chr16:2206584-2206885	837	87891	TRUE	2.046311213510014e-11	-0.5926403225514862	TRUE	874	2	8.00711480567101
ENSG00000206053	chr16:2206584-2206885	477	46739	TRUE	1.1487824181030952e-10	-0.5574242274196065	TRUE	874	2	0.8066502078189943
ENSG00000103202	chr16:2206584-2206885	808	82656	TRUE	6.923864535014014e-10	-0.4706298656256356	TRUE	874	2	3.9204245966019773
ENSG00000065057	chr16:2206584-2206885	779	80453	TRUE	4.539521965566125e-9	-0.4667559585902472	TRUE	874	2	3.6725939352271424
ENSG00000086506	chr16:2206584-2206885	822	86844	TRUE	5.9418794053181815e-9	-0.3316985036778659	TRUE	874	2	10.380022292363304
ENSG00000065054	chr16:2206584-2206885	455	46398	TRUE	1.2928110855773504e-8	-0.6071146104787937	TRUE	874	2	0.8916736981364001
ENSG00000127561	chr16:2206584-2206885	580	58201	TRUE	5.579894302234689e-8	-0.5290636648505731	TRUE	874	2	1.3043220100628146
ENSG00000103254	chr16:2206584-2206885	443	45280	TRUE	7.779738441920101e-8	-0.7590221766759199	TRUE	874	2	1.5716845318082857
ENSG00000131653	chr16:2206584-2206885	516	55270	TRUE	1.105212393954011e-6	-0.4516436935456862	TRUE	874	2	1.124816400512516
ENSG00000103253	chr16:2206584-2206885	236	26073	TRUE	5.388723203331863e-5	-0.6634351005248256	TRUE	874	2	0.4842859672698105
ENSG00000095906	chr16:2206584-2206885	672	67382	TRUE	5.4400386048066365e-5	-0.4145149149648039	TRUE	874	2	1.7336062585289123
ENSG00000103024	chr16:2206584-2206885	238	22920	TRUE	1.0502800481319158e-4	-0.47758539843488834	TRUE	874	2	0.3398231194724835
ENSG00000198736	chr16:2206584-2206885	597	60923	TRUE	1.2380593196244065e-4	-0.3805055436623905	TRUE	874	2	1.5289644468056294
ENSG00000140983	chr16:2206584-2206885	535	55617	TRUE	1.6851956673889865e-4	-0.45747282720567106	TRUE	874	2	1.1848495265477046
ENSG00000162039	chr16:2206584-2206885	613	63798	TRUE	1.8851830183967168e-4	-0.4272737462967809	TRUE	874	2	1.6831567653155828
ENSG00000188536	chr16:2206584-2206885	874	92410	TRUE	5.250454178294256e-4	0.026408328290999705	TRUE	874	2	358.34205235580276
ENSG00000063854	chr16:2206584-2206885	468	48895	TRUE	0.0010530710171207515	-0.2753323460467795	TRUE	874	2	1.0312509765930185
ENSG00000103266	chr16:2206584-2206885	702	72240	TRUE	0.002479430475869869	-0.3524840288037664	TRUE	874	2	2.2476744064918694
ENSG00000127554	chr16:2206584-2206885	411	42607	TRUE	0.0037632414394381877	-0.37294644926886594	TRUE	874	2	0.7540131462441535
ENSG00000103260	chr16:2206584-2206885	233	23458	TRUE	0.018994226924388485	-0.4413440454363535	TRUE	874	2	0.34295863412398303
ENSG00000007376	chr16:2206584-2206885	646	66888	TRUE	0.088	-0.359150078592853	TRUE	874	2	2.134722960092503
ENSG00000140990	chr16:2206584-2206885	872	92014	TRUE	3.2355623065705562e-31	-0.6968278214826351	TRUE	874	3	18.28205048074419
ENSG00000007520	chr16:2206584-2206885	805	83723	TRUE	3.5980615897166116e-17	-0.5641401988394756	TRUE	874	3	3.5910288863193642
ENSG00000086504	chr16:2206584-2206885	872	91943	TRUE	4.426534783674409e-17	-0.5324265441451645	TRUE	874	3	12.96360302926133
ENSG00000167969	chr16:2206584-2206885	852	89451	TRUE	5.093375964094535e-14	-0.44673048247131497	TRUE	874	3	5.668093794597747
ENSG00000103275	chr16:2206584-2206885	857	89516	TRUE	6.471845073872324e-14	-0.5578570288153903	TRUE	874	3	8.007781493171661
ENSG00000103202	chr16:2206584-2206885	808	82656	TRUE	3.540013000164243e-13	-0.5535169006132614	TRUE	874	3	3.9204245966019773
ENSG00000188536	chr16:2206584-2206885	874	92410	TRUE	1.8543528575695517e-12	-0.23312252174806503	TRUE	874	3	358.34205235580276
ENSG00000065057	chr16:2206584-2206885	779	80453	TRUE	8.264271179200068e-12	-0.5097355718775154	TRUE	874	3	3.6725939352271424
ENSG00000095906	chr16:2206584-2206885	672	67382	TRUE	1.5326394405516085e-10	-0.5683800655110172	TRUE	874	3	1.7336062585289123
ENSG00000131653	chr16:2206584-2206885	516	55270	TRUE	1.6248481985854592e-10	-0.5874077495561922	TRUE	874	3	1.124816400512516
ENSG00000086506	chr16:2206584-2206885	822	86844	TRUE	2.1885293950078388e-10	-0.3272736722572436	TRUE	874	3	10.380022292363304
ENSG00000206053	chr16:2206584-2206885	477	46739	TRUE	4.0149080121538213e-10	-0.5374853803662756	TRUE	874	3	0.8066502078189943
ENSG00000127561	chr16:2206584-2206885	580	58201	TRUE	1.590059600034704e-9	-0.5661711554938804	TRUE	874	3	1.3043220100628146
ENSG00000074071	chr16:2206584-2206885	837	87891	TRUE	1.2043976747379856e-8	-0.5087825009941245	TRUE	874	3	8.00711480567101
ENSG00000174109	chr16:2206584-2206885	669	70408	TRUE	9.456975612143561e-8	-0.4760486946414685	TRUE	874	3	2.0785232871860577
ENSG00000140983	chr16:2206584-2206885	535	55617	TRUE	2.586969061373618e-7	-0.5646668936031689	TRUE	874	3	1.1848495265477046
ENSG00000198736	chr16:2206584-2206885	597	60923	TRUE	5.468153767113309e-7	-0.45003004615120257	TRUE	874	3	1.5289644468056294
ENSG00000063854	chr16:2206584-2206885	468	48895	TRUE	1.8682131168602017e-6	-0.4027702938952975	TRUE	874	3	1.0312509765930185
ENSG00000007376	chr16:2206584-2206885	646	66888	TRUE	3.3492056021437473e-6	-0.5330594568175477	TRUE	874	3	2.134722960092503
ENSG00000103253	chr16:2206584-2206885	236	26073	TRUE	4.330208543637526e-6	-0.6742824827618179	TRUE	874	3	0.4842859672698105
ENSG00000127554	chr16:2206584-2206885	411	42607	TRUE	6.274519508323202e-6	-0.5177630021206467	TRUE	874	3	0.7540131462441535
ENSG00000162039	chr16:2206584-2206885	613	63798	TRUE	1.1562180398471452e-5	-0.43725783486940295	TRUE	874	3	1.6831567653155828
ENSG00000103254	chr16:2206584-2206885	443	45280	TRUE	1.3508591152626166e-5	-0.6223137452805757	TRUE	874	3	1.5716845318082857
ENSG00000103266	chr16:2206584-2206885	702	72240	TRUE	2.3615184158073867e-4	-0.38862104748691784	TRUE	874	3	2.2476744064918694
ENSG00000103024	chr16:2206584-2206885	238	22920	TRUE	4.0652161443696655e-4	-0.4571212958751725	TRUE	874	3	0.3398231194724835
ENSG00000065054	chr16:2206584-2206885	455	46398	TRUE	0.0011034899039018657	-0.42322745601395756	TRUE	874	3	0.8916736981364001
ENSG00000103260	chr16:2206584-2206885	233	23458	TRUE	0.001430421044167355	-0.5327670731999481	TRUE	874	3	0.34295863412398303
ENSG00000174109	chr16:2206584-2206885	669	70408	TRUE	9.805199829199312e-16	-0.6426985640509197	TRUE	874	4	2.0785232871860577
ENSG00000103275	chr16:2206584-2206885	857	89516	TRUE	7.054155597585355e-15	-0.5743982172250668	TRUE	874	4	8.007781493171661
ENSG00000074071	chr16:2206584-2206885	837	87891	TRUE	1.9511544204771125e-13	-0.603622726478577	TRUE	874	4	8.00711480567101
ENSG00000167969	chr16:2206584-2206885	852	89451	TRUE	1.901066390838286e-12	-0.42367067404664205	TRUE	874	4	5.668093794597747
ENSG00000188536	chr16:2206584-2206885	874	92410	TRUE	5.174830907903207e-12	-0.2319819534817178	TRUE	874	4	358.34205235580276
ENSG00000086504	chr16:2206584-2206885	872	91943	TRUE	1.3573163509098268e-11	-0.4330986170185258	TRUE	874	4	12.96360302926133
ENSG00000103202	chr16:2206584-2206885	808	82656	TRUE	3.782136433245776e-11	-0.4784282361860428	TRUE	874	4	3.9204245966019773
ENSG00000095906	chr16:2206584-2206885	672	67382	TRUE	8.797284090775906e-11	-0.5643928818375797	TRUE	874	4	1.7336062585289123
ENSG00000007520	chr16:2206584-2206885	805	83723	TRUE	3.8142122104031545e-10	-0.4198737999845157	TRUE	874	4	3.5910288863193642
ENSG00000127561	chr16:2206584-2206885	580	58201	TRUE	4.26076245010518e-10	-0.5841825634781991	TRUE	874	4	1.3043220100628146
ENSG00000131653	chr16:2206584-2206885	516	55270	TRUE	4.2867628137600646e-10	-0.5496606679325009	TRUE	874	4	1.124816400512516
ENSG00000206053	chr16:2206584-2206885	477	46739	TRUE	8.274044444059417e-10	-0.5346593362875124	TRUE	874	4	0.8066502078189943
ENSG00000140990	chr16:2206584-2206885	872	92014	TRUE	1.6120322035807012e-9	-0.41297951842072145	TRUE	874	4	18.28205048074419
ENSG00000065057	chr16:2206584-2206885	779	80453	TRUE	7.684625281937003e-9	-0.48034687865470627	TRUE	874	4	3.6725939352271424
ENSG00000162039	chr16:2206584-2206885	613	63798	TRUE	1.7798134817014385e-8	-0.5505451211985148	TRUE	874	4	1.6831567653155828
ENSG00000086506	chr16:2206584-2206885	822	86844	TRUE	2.2085094047159088e-8	-0.30041447677706845	TRUE	874	4	10.380022292363304
ENSG00000007376	chr16:2206584-2206885	646	66888	TRUE	2.0242631347078092e-7	-0.5436597619712944	TRUE	874	4	2.134722960092503
ENSG00000140983	chr16:2206584-2206885	535	55617	TRUE	1.9187879038016684e-6	-0.5280434095782282	TRUE	874	4	1.1848495265477046
ENSG00000103266	chr16:2206584-2206885	702	72240	TRUE	2.723017970198457e-6	-0.4464859139171149	TRUE	874	4	2.2476744064918694
ENSG00000198736	chr16:2206584-2206885	597	60923	TRUE	5.400556448671235e-6	-0.3938763070308495	TRUE	874	4	1.5289644468056294
ENSG00000127554	chr16:2206584-2206885	411	42607	TRUE	8.676611973774647e-5	-0.4765403393941338	TRUE	874	4	0.7540131462441535
ENSG00000063854	chr16:2206584-2206885	468	48895	TRUE	9.444963521744974e-5	-0.2983852206829873	TRUE	874	4	1.0312509765930185
ENSG00000103024	chr16:2206584-2206885	238	22920	TRUE	1.060961012850619e-4	-0.49834395860168557	TRUE	874	4	0.3398231194724835
ENSG00000103254	chr16:2206584-2206885	443	45280	TRUE	2.733090773716206e-4	-0.5955234443930406	TRUE	874	4	1.5716845318082857
ENSG00000065054	chr16:2206584-2206885	455	46398	TRUE	5.478945729248674e-4	-0.4185050457715545	TRUE	874	4	0.8916736981364001
ENSG00000103253	chr16:2206584-2206885	236	26073	TRUE	0.0023620082033246337	-0.5098119114116137	TRUE	874	4	0.4842859672698105
ENSG00000103260	chr16:2206584-2206885	233	23458	TRUE	0.056	-0.38549081070283586	TRUE	874	4	0.34295863412398303
ENSG00000086504	chr16:2206584-2206885	872	91943	TRUE	7.633404781145928e-15	-0.5222490633758858	TRUE	874	5	12.96360302926133
ENSG00000167969	chr16:2206584-2206885	852	89451	TRUE	9.212862021459208e-15	-0.4663592892202475	TRUE	874	5	5.668093794597747
ENSG00000095906	chr16:2206584-2206885	672	67382	TRUE	9.629378834601185e-15	-0.6435018399709203	TRUE	874	5	1.7336062585289123
ENSG00000140990	chr16:2206584-2206885	872	92014	TRUE	1.8276623365396627e-13	-0.47600584497629184	TRUE	874	5	18.28205048074419
ENSG00000007520	chr16:2206584-2206885	805	83723	TRUE	5.578910486660113e-13	-0.48405747474423344	TRUE	874	5	3.5910288863193642
ENSG00000007376	chr16:2206584-2206885	646	66888	TRUE	5.480140003931661e-12	-0.654180476216011	TRUE	874	5	2.134722960092503
ENSG00000086506	chr16:2206584-2206885	822	86844	TRUE	1.16602439921529e-11	-0.3970104808531283	TRUE	874	5	10.380022292363304
ENSG00000127554	chr16:2206584-2206885	411	42607	TRUE	2.1553148757982483e-11	-0.7228359472570682	TRUE	874	5	0.7540131462441535
ENSG00000103202	chr16:2206584-2206885	808	82656	TRUE	5.823173486111895e-11	-0.5054901324133403	TRUE	874	5	3.9204245966019773
ENSG00000131653	chr16:2206584-2206885	516	55270	TRUE	1.6474182526941702e-10	-0.5959318218627309	TRUE	874	5	1.124816400512516
ENSG00000188536	chr16:2206584-2206885	874	92410	TRUE	4.014483641244179e-10	-0.16607682781331334	TRUE	874	5	358.34205235580276
ENSG00000127561	chr16:2206584-2206885	580	58201	TRUE	1.0628070015315967e-9	-0.5751487516131377	TRUE	874	5	1.3043220100628146
ENSG00000074071	chr16:2206584-2206885	837	87891	TRUE	1.2463293481440135e-9	-0.5446575301492937	TRUE	874	5	8.00711480567101
ENSG00000103275	chr16:2206584-2206885	857	89516	TRUE	1.734262142392567e-8	-0.4678166133426198	TRUE	874	5	8.007781493171661
ENSG00000162039	chr16:2206584-2206885	613	63798	TRUE	3.9382622957984795e-8	-0.5505451211985148	TRUE	874	5	1.6831567653155828
ENSG00000065057	chr16:2206584-2206885	779	80453	TRUE	4.1900091550518884e-8	-0.45737635600506743	TRUE	874	5	3.6725939352271424
ENSG00000206053	chr16:2206584-2206885	477	46739	TRUE	3.2810712169512794e-7	-0.449689775871262	TRUE	874	5	0.8066502078189943
ENSG00000103024	chr16:2206584-2206885	238	22920	TRUE	7.807992474589899e-7	-0.6219753077700629	TRUE	874	5	0.3398231194724835
ENSG00000103266	chr16:2206584-2206885	702	72240	TRUE	1.1627143290182863e-6	-0.4656582231919608	TRUE	874	5	2.2476744064918694
ENSG00000174109	chr16:2206584-2206885	669	70408	TRUE	3.286874997237611e-6	-0.4428579847043199	TRUE	874	5	2.0785232871860577
ENSG00000140983	chr16:2206584-2206885	535	55617	TRUE	7.957572795640189e-6	-0.5091349470281638	TRUE	874	5	1.1848495265477046
ENSG00000065054	chr16:2206584-2206885	455	46398	TRUE	8.016178268756974e-6	-0.5009672059635275	TRUE	874	5	0.8916736981364001
ENSG00000103260	chr16:2206584-2206885	233	23458	TRUE	1.6063695200571777e-5	-0.6376094390574463	TRUE	874	5	0.34295863412398303
ENSG00000063854	chr16:2206584-2206885	468	48895	TRUE	7.700851988774477e-5	-0.3159198799754984	TRUE	874	5	1.0312509765930185
ENSG00000103253	chr16:2206584-2206885	236	26073	TRUE	2.2802093351559187e-4	-0.600009720383192	TRUE	874	5	0.4842859672698105
ENSG00000103254	chr16:2206584-2206885	443	45280	TRUE	5.657231325808774e-4	-0.5403818902005795	TRUE	874	5	1.5716845318082857
ENSG00000198736	chr16:2206584-2206885	597	60923	TRUE	0.004218840242302513	-0.3065715087275804	TRUE	874	5	1.5289644468056294
ENSG00000167969	chr16:2206584-2206885	852	89451	TRUE	1.2544948190879154e-20	-0.5384408612927172	TRUE	874	6	5.668093794597747
ENSG00000103275	chr16:2206584-2206885	857	89516	TRUE	3.348925722115918e-19	-0.6358114517834466	TRUE	874	6	8.007781493171661
ENSG00000086504	chr16:2206584-2206885	872	91943	TRUE	4.525350034912761e-18	-0.5284505083243003	TRUE	874	6	12.96360302926133
ENSG00000140990	chr16:2206584-2206885	872	92014	TRUE	2.5143293173843778e-14	-0.504077101901347	TRUE	874	6	18.28205048074419
ENSG00000103202	chr16:2206584-2206885	808	82656	TRUE	2.189657243568369e-12	-0.5186394154124159	TRUE	874	6	3.9204245966019773
ENSG00000065057	chr16:2206584-2206885	779	80453	TRUE	4.857648768941006e-12	-0.5323306227256015	TRUE	874	6	3.6725939352271424
ENSG00000063854	chr16:2206584-2206885	468	48895	TRUE	1.4729406050670903e-11	-0.5610323778120297	TRUE	874	6	1.0312509765930185
ENSG00000131653	chr16:2206584-2206885	516	55270	TRUE	1.0802569581979435e-10	-0.5895340506645802	TRUE	874	6	1.124816400512516
ENSG00000086506	chr16:2206584-2206885	822	86844	TRUE	5.354648650156025e-10	-0.35710050932060033	TRUE	874	6	10.380022292363304
ENSG00000007520	chr16:2206584-2206885	805	83723	TRUE	5.72276756210007e-10	-0.4298823345931948	TRUE	874	6	3.5910288863193642
ENSG00000174109	chr16:2206584-2206885	669	70408	TRUE	2.200061130308253e-9	-0.5164808478475	TRUE	874	6	2.0785232871860577
ENSG00000162039	chr16:2206584-2206885	613	63798	TRUE	5.110684576674818e-9	-0.5303672392608845	TRUE	874	6	1.6831567653155828
ENSG00000140983	chr16:2206584-2206885	535	55617	TRUE	1.197342301542182e-8	-0.5902717097535691	TRUE	874	6	1.1848495265477046
ENSG00000074071	chr16:2206584-2206885	837	87891	TRUE	2.3815357638661363e-8	-0.5098989220526531	TRUE	874	6	8.00711480567101
ENSG00000127561	chr16:2206584-2206885	580	58201	TRUE	5.180358435212095e-7	-0.4877918623358851	TRUE	874	6	1.3043220100628146
ENSG00000188536	chr16:2206584-2206885	874	92410	TRUE	5.915610980215965e-7	-0.13815276059252035	TRUE	874	6	358.34205235580276
ENSG00000095906	chr16:2206584-2206885	672	67382	TRUE	1.708268553736762e-6	-0.455772252442641	TRUE	874	6	1.7336062585289123
ENSG00000065054	chr16:2206584-2206885	455	46398	TRUE	2.2837465765233184e-6	-0.5491884156210161	TRUE	874	6	0.8916736981364001
ENSG00000198736	chr16:2206584-2206885	597	60923	TRUE	1.259585846380846e-5	-0.42373559572395986	TRUE	874	6	1.5289644468056294
ENSG00000007376	chr16:2206584-2206885	646	66888	TRUE	2.797598774518118e-5	-0.47306779414124034	TRUE	874	6	2.134722960092503
ENSG00000127554	chr16:2206584-2206885	411	42607	TRUE	4.006080897520981e-5	-0.4881985445785085	TRUE	874	6	0.7540131462441535
ENSG00000103254	chr16:2206584-2206885	443	45280	TRUE	6.933793283749436e-5	-0.6270935233939103	TRUE	874	6	1.5716845318082857
ENSG00000206053	chr16:2206584-2206885	477	46739	TRUE	1.3073525235512398e-4	-0.36693189054944575	TRUE	874	6	0.8066502078189943
ENSG00000103266	chr16:2206584-2206885	702	72240	TRUE	3.283210670447165e-4	-0.3804109365734496	TRUE	874	6	2.2476744064918694
ENSG00000103024	chr16:2206584-2206885	238	22920	TRUE	7.821917791835178e-4	-0.4039283567095793	TRUE	874	6	0.3398231194724835
ENSG00000103253	chr16:2206584-2206885	236	26073	TRUE	0.003990692108056582	-0.5098119114116137	TRUE	874	6	0.4842859672698105
ENSG00000103260	chr16:2206584-2206885	233	23458	TRUE	0.004166812018249033	-0.4604528683840581	TRUE	874	6	0.34295863412398303
ENSG00000167969	chr16:2206584-2206885	852	89451	TRUE	7.844034841627307e-20	-0.5001980376158262	TRUE	874	7	5.668093794597747
ENSG00000140990	chr16:2206584-2206885	872	92014	TRUE	2.4310036777416483e-14	-0.5054334239917395	TRUE	874	7	18.28205048074419
ENSG00000086504	chr16:2206584-2206885	872	91943	TRUE	3.0605293823399675e-14	-0.47440559117543923	TRUE	874	7	12.96360302926133
ENSG00000065057	chr16:2206584-2206885	779	80453	TRUE	8.462999488704272e-13	-0.5546599685023668	TRUE	874	7	3.6725939352271424
ENSG00000074071	chr16:2206584-2206885	837	87891	TRUE	9.769293005392838e-13	-0.5911626054901102	TRUE	874	7	8.00711480567101
ENSG00000206053	chr16:2206584-2206885	477	46739	TRUE	9.920448289843831e-12	-0.5718368851570524	TRUE	874	7	0.8066502078189943
ENSG00000007520	chr16:2206584-2206885	805	83723	TRUE	1.6746960744127204e-11	-0.44413129033147425	TRUE	874	7	3.5910288863193642
ENSG00000063854	chr16:2206584-2206885	468	48895	TRUE	1.6959201336142842e-11	-0.5540796171702628	TRUE	874	7	1.0312509765930185
ENSG00000103275	chr16:2206584-2206885	857	89516	TRUE	4.101495153385504e-11	-0.48801740374675573	TRUE	874	7	8.007781493171661
ENSG00000103266	chr16:2206584-2206885	702	72240	TRUE	4.20656225697114e-11	-0.5832278195731369	TRUE	874	7	2.2476744064918694
ENSG00000103254	chr16:2206584-2206885	443	45280	TRUE	1.1765036992181623e-10	-0.8070275495867524	TRUE	874	7	1.5716845318082857
ENSG00000127554	chr16:2206584-2206885	411	42607	TRUE	2.369594450720416e-9	-0.6555652514210619	TRUE	874	7	0.7540131462441535
ENSG00000095906	chr16:2206584-2206885	672	67382	TRUE	1.1049073330723176e-8	-0.4957109978127848	TRUE	874	7	1.7336062585289123
ENSG00000131653	chr16:2206584-2206885	516	55270	TRUE	1.3369010089589592e-8	-0.5008200645601016	TRUE	874	7	1.124816400512516
ENSG00000127561	chr16:2206584-2206885	580	58201	TRUE	1.548732391890874e-8	-0.5308092126024025	TRUE	874	7	1.3043220100628146
ENSG00000188536	chr16:2206584-2206885	874	92410	TRUE	1.0241616436564363e-7	-0.12183248990071505	TRUE	874	7	358.34205235580276
ENSG00000174109	chr16:2206584-2206885	669	70408	TRUE	2.759256729001954e-7	-0.45935789339861377	TRUE	874	7	2.0785232871860577
ENSG00000103202	chr16:2206584-2206885	808	82656	TRUE	6.794170069215726e-7	-0.40069031749883344	TRUE	874	7	3.9204245966019773
ENSG00000065054	chr16:2206584-2206885	455	46398	TRUE	7.939365500853317e-7	-0.54146656824328	TRUE	874	7	0.8916736981364001
ENSG00000007376	chr16:2206584-2206885	646	66888	TRUE	8.35421218101551e-7	-0.5256853149605374	TRUE	874	7	2.134722960092503
ENSG00000198736	chr16:2206584-2206885	597	60923	TRUE	2.619238960700765e-5	-0.4006084472957716	TRUE	874	7	1.5289644468056294
ENSG00000162039	chr16:2206584-2206885	613	63798	TRUE	2.6729981093881125e-5	-0.4460509533274089	TRUE	874	7	1.6831567653155828
ENSG00000140983	chr16:2206584-2206885	535	55617	TRUE	1.7034769696591331e-4	-0.4484390153406097	TRUE	874	7	1.1848495265477046
ENSG00000086506	chr16:2206584-2206885	822	86844	TRUE	2.1133571444906284e-4	-0.21805087815923407	TRUE	874	7	10.380022292363304
ENSG00000103260	chr16:2206584-2206885	233	23458	TRUE	0.001543160630512845	-0.5395244393752567	TRUE	874	7	0.34295863412398303
ENSG00000103024	chr16:2206584-2206885	238	22920	TRUE	0.024	-0.2970131527930673	TRUE	874	7	0.3398231194724835
ENSG00000103253	chr16:2206584-2206885	236	26073	TRUE	0.056	-0.38874067751845476	TRUE	874	7	0.4842859672698105
ENSG00000007520	chr16:2206584-2206885	805	83723	TRUE	1.963648342494247e-25	-0.6613620065521435	TRUE	874	8	3.5910288863193642
ENSG00000086504	chr16:2206584-2206885	872	91943	TRUE	2.0830979758023037e-19	-0.5715558498290507	TRUE	874	8	12.96360302926133
ENSG00000074071	chr16:2206584-2206885	837	87891	TRUE	6.079956325795935e-12	-0.602133723311113	TRUE	874	8	8.00711480567101
ENSG00000162039	chr16:2206584-2206885	613	63798	TRUE	1.1242041361424438e-10	-0.6029623699935203	TRUE	874	8	1.6831567653155828
ENSG00000140990	chr16:2206584-2206885	872	92014	TRUE	1.3183184980601386e-10	-0.4630106725068517	TRUE	874	8	18.28205048074419
ENSG00000103275	chr16:2206584-2206885	857	89516	TRUE	3.1392087977703045e-10	-0.49269835368684367	TRUE	874	8	8.007781493171661
ENSG00000095906	chr16:2206584-2206885	672	67382	TRUE	2.5526888182174054e-9	-0.5393934366301818	TRUE	874	8	1.7336062585289123
ENSG00000103266	chr16:2206584-2206885	702	72240	TRUE	1.1374463828486756e-8	-0.5197348959477535	TRUE	874	8	2.2476744064918694
ENSG00000007376	chr16:2206584-2206885	646	66888	TRUE	9.637361691767089e-8	-0.5511265921593707	TRUE	874	8	2.134722960092503
ENSG00000127561	chr16:2206584-2206885	580	58201	TRUE	2.1037721530067908e-7	-0.5117233714715042	TRUE	874	8	1.3043220100628146
ENSG00000131653	chr16:2206584-2206885	516	55270	TRUE	6.390848352163548e-7	-0.4770061256671121	TRUE	874	8	1.124816400512516
ENSG00000167969	chr16:2206584-2206885	852	89451	TRUE	7.289539227214642e-7	-0.33010012372159103	TRUE	874	8	5.668093794597747
ENSG00000065057	chr16:2206584-2206885	779	80453	TRUE	9.912564161748509e-6	-0.4096748633829801	TRUE	874	8	3.6725939352271424
ENSG00000206053	chr16:2206584-2206885	477	46739	TRUE	9.997351634152222e-6	-0.38718057439325115	TRUE	874	8	0.8066502078189943
ENSG00000065054	chr16:2206584-2206885	455	46398	TRUE	1.3665515224472622e-5	-0.4959837984492718	TRUE	874	8	0.8916736981364001
ENSG00000103254	chr16:2206584-2206885	443	45280	TRUE	1.930552700946716e-5	-0.667553130665694	TRUE	874	8	1.5716845318082857
ENSG00000086506	chr16:2206584-2206885	822	86844	TRUE	2.3070062055719973e-5	-0.2557754759902484	TRUE	874	8	10.380022292363304
ENSG00000103253	chr16:2206584-2206885	236	26073	TRUE	2.901152370224586e-5	-0.6313738912925271	TRUE	874	8	0.4842859672698105
ENSG00000103202	chr16:2206584-2206885	808	82656	TRUE	1.1961945913970592e-4	-0.3436183470645269	TRUE	874	8	3.9204245966019773
ENSG00000140983	chr16:2206584-2206885	535	55617	TRUE	1.8236948647631576e-4	-0.45385251152697415	TRUE	874	8	1.1848495265477046
ENSG00000174109	chr16:2206584-2206885	669	70408	TRUE	2.1774496065962452e-4	-0.367934865635019	TRUE	874	8	2.0785232871860577
ENSG00000127554	chr16:2206584-2206885	411	42607	TRUE	0.0010802055151821026	-0.4140516525985391	TRUE	874	8	0.7540131462441535
ENSG00000188536	chr16:2206584-2206885	874	92410	TRUE	0.002949783916364336	-0.013348977625211589	TRUE	874	8	358.34205235580276
ENSG00000063854	chr16:2206584-2206885	468	48895	TRUE	0.0034595946252212947	-0.2432920798881008	TRUE	874	8	1.0312509765930185
ENSG00000198736	chr16:2206584-2206885	597	60923	TRUE	0.04	-0.24106746375145716	TRUE	874	8	1.5289644468056294
ENSG00000103024	chr16:2206584-2206885	238	22920	TRUE	0.08	-0.26109357853812454	TRUE	874	8	0.3398231194724835
ENSG00000103260	chr16:2206584-2206885	233	23458	TRUE	0.124	-0.3200377492142201	FALSE	874	8	0.34295863412398303
ENSG00000074071	chr16:2206584-2206885	837	87891	TRUE	1.6882510583781457e-18	-0.73420056357886	TRUE	874	9	8.00711480567101
ENSG00000007520	chr16:2206584-2206885	805	83723	TRUE	4.3201795803028437e-16	-0.5314449772740162	TRUE	874	9	3.5910288863193642
ENSG00000140990	chr16:2206584-2206885	872	92014	TRUE	4.161295114537004e-14	-0.49156065917113345	TRUE	874	9	18.28205048074419
ENSG00000162039	chr16:2206584-2206885	613	63798	TRUE	2.3037323199762507e-13	-0.6661352299711346	TRUE	874	9	1.6831567653155828
ENSG00000103266	chr16:2206584-2206885	702	72240	TRUE	3.3780758152157027e-13	-0.6246477469531178	TRUE	874	9	2.2476744064918694
ENSG00000167969	chr16:2206584-2206885	852	89451	TRUE	7.26876109458988e-13	-0.4258862286784706	TRUE	874	9	5.668093794597747
ENSG00000086504	chr16:2206584-2206885	872	91943	TRUE	1.6504348977408965e-12	-0.4634722660620447	TRUE	874	9	12.96360302926133
ENSG00000131653	chr16:2206584-2206885	516	55270	TRUE	6.479362432086162e-12	-0.6196360824539993	TRUE	874	9	1.124816400512516
ENSG00000095906	chr16:2206584-2206885	672	67382	TRUE	3.482960103914921e-11	-0.5884829691443983	TRUE	874	9	1.7336062585289123
ENSG00000065057	chr16:2206584-2206885	779	80453	TRUE	1.7009920683450972e-10	-0.5036890624362214	TRUE	874	9	3.6725939352271424
ENSG00000103275	chr16:2206584-2206885	857	89516	TRUE	6.533421093161622e-10	-0.49214686475012437	TRUE	874	9	8.007781493171661
ENSG00000174109	chr16:2206584-2206885	669	70408	TRUE	8.006469222817343e-10	-0.5393208242056112	TRUE	874	9	2.0785232871860577
ENSG00000127554	chr16:2206584-2206885	411	42607	TRUE	9.554063421035724e-10	-0.6854495313669595	TRUE	874	9	0.7540131462441535
ENSG00000007376	chr16:2206584-2206885	646	66888	TRUE	1.2896585378700082e-9	-0.5989671336503914	TRUE	874	9	2.134722960092503
ENSG00000188536	chr16:2206584-2206885	874	92410	TRUE	2.078986267536366e-8	-0.15709832015516945	TRUE	874	9	358.34205235580276
ENSG00000127561	chr16:2206584-2206885	580	58201	TRUE	3.1022549426310236e-7	-0.5014183630797656	TRUE	874	9	1.3043220100628146
ENSG00000103202	chr16:2206584-2206885	808	82656	TRUE	3.169184023747273e-7	-0.4273977636625821	TRUE	874	9	3.9204245966019773
ENSG00000063854	chr16:2206584-2206885	468	48895	TRUE	9.33113589732075e-7	-0.3903331906570747	TRUE	874	9	1.0312509765930185
ENSG00000086506	chr16:2206584-2206885	822	86844	TRUE	1.1337553913052297e-6	-0.27811641432000034	TRUE	874	9	10.380022292363304
ENSG00000140983	chr16:2206584-2206885	535	55617	TRUE	4.785728030517263e-6	-0.5185582009147893	TRUE	874	9	1.1848495265477046
ENSG00000103254	chr16:2206584-2206885	443	45280	TRUE	9.70405001695816e-6	-0.6824008950730074	TRUE	874	9	1.5716845318082857
ENSG00000065054	chr16:2206584-2206885	455	46398	TRUE	2.480087032102939e-5	-0.4934985350596773	TRUE	874	9	0.8916736981364001
ENSG00000198736	chr16:2206584-2206885	597	60923	TRUE	2.526692205863726e-5	-0.39522022425974007	TRUE	874	9	1.5289644468056294
ENSG00000103024	chr16:2206584-2206885	238	22920	TRUE	2.8078784424142352e-5	-0.5194055741295152	TRUE	874	9	0.3398231194724835
ENSG00000103260	chr16:2206584-2206885	233	23458	TRUE	2.5944165752417314e-4	-0.5395244393752567	TRUE	874	9	0.34295863412398303
ENSG00000103253	chr16:2206584-2206885	236	26073	TRUE	0.00190410988374963	-0.5195598879631758	TRUE	874	9	0.4842859672698105
ENSG00000206053	chr16:2206584-2206885	477	46739	TRUE	0.052	-0.19868346691451713	TRUE	874	9	0.8066502078189943
ENSG00000167969	chr16:2206584-2206885	852	89451	TRUE	8.98242491164517e-18	-0.5025343863707827	TRUE	874	10	5.668093794597747
ENSG00000140990	chr16:2206584-2206885	872	92014	TRUE	2.680464534727799e-15	-0.5100049789250289	TRUE	874	10	18.28205048074419
ENSG00000103266	chr16:2206584-2206885	702	72240	TRUE	2.7700156696793714e-15	-0.659544566481995	TRUE	874	10	2.2476744064918694
ENSG00000007520	chr16:2206584-2206885	805	83723	TRUE	8.294677081993357e-14	-0.5050649685741264	TRUE	874	10	3.5910288863193642
ENSG00000103275	chr16:2206584-2206885	857	89516	TRUE	4.253461470092855e-13	-0.5477933454706925	TRUE	874	10	8.007781493171661
ENSG00000074071	chr16:2206584-2206885	837	87891	TRUE	1.591848873094279e-12	-0.5982694919843703	TRUE	874	10	8.00711480567101
ENSG00000140983	chr16:2206584-2206885	535	55617	TRUE	1.0624482792731642e-11	-0.6996347531390028	TRUE	874	10	1.1848495265477046
ENSG00000127561	chr16:2206584-2206885	580	58201	TRUE	1.7054149210230427e-11	-0.6024216817632414	TRUE	874	10	1.3043220100628146
ENSG00000007376	chr16:2206584-2206885	646	66888	TRUE	1.343250100069605e-10	-0.6564795923055993	TRUE	874	10	2.134722960092503
ENSG00000103254	chr16:2206584-2206885	443	45280	TRUE	1.6987435182212306e-10	-0.9139427535032643	TRUE	874	10	1.5716845318082857
ENSG00000065054	chr16:2206584-2206885	455	46398	TRUE	1.3139384378735178e-9	-0.6342337368269917	TRUE	874	10	0.8916736981364001
ENSG00000095906	chr16:2206584-2206885	672	67382	TRUE	2.484194667629278e-9	-0.5225347858884948	TRUE	874	10	1.7336062585289123
ENSG00000131653	chr16:2206584-2206885	516	55270	TRUE	1.7091358338338846e-8	-0.5048275533616263	TRUE	874	10	1.124816400512516
ENSG00000103202	chr16:2206584-2206885	808	82656	TRUE	1.9945013029398957e-8	-0.44584541305721537	TRUE	874	10	3.9204245966019773
ENSG00000065057	chr16:2206584-2206885	779	80453	TRUE	3.055637719922492e-8	-0.4673442134570678	TRUE	874	10	3.6725939352271424
ENSG00000086506	chr16:2206584-2206885	822	86844	TRUE	6.223329176510429e-8	-0.3210616276198297	TRUE	874	10	10.380022292363304
ENSG00000086504	chr16:2206584-2206885	872	91943	TRUE	6.222050878148424e-7	-0.3742049279649571	TRUE	874	10	12.96360302926133
ENSG00000174109	chr16:2206584-2206885	669	70408	TRUE	7.231079045739476e-7	-0.44593737763629215	TRUE	874	10	2.0785232871860577
ENSG00000188536	chr16:2206584-2206885	874	92410	TRUE	1.0881750793416498e-6	-0.10818020988093124	TRUE	874	10	358.34205235580276
ENSG00000103024	chr16:2206584-2206885	238	22920	TRUE	1.3048551260192023e-6	-0.6068684153798547	TRUE	874	10	0.3398231194724835
ENSG00000198736	chr16:2206584-2206885	597	60923	TRUE	2.746189041502806e-6	-0.4361311424964963	TRUE	874	10	1.5289644468056294
ENSG00000127554	chr16:2206584-2206885	411	42607	TRUE	3.7120178013166454e-5	-0.4999517260041862	TRUE	874	10	0.7540131462441535
ENSG00000162039	chr16:2206584-2206885	613	63798	TRUE	5.219107431986194e-5	-0.4460509533274089	TRUE	874	10	1.6831567653155828
ENSG00000206053	chr16:2206584-2206885	477	46739	TRUE	1.12267125380568e-4	-0.34201425834511634	TRUE	874	10	0.8066502078189943
ENSG00000103253	chr16:2206584-2206885	236	26073	TRUE	1.596183701206618e-4	-0.6260989492518529	TRUE	874	10	0.4842859672698105
ENSG00000063854	chr16:2206584-2206885	468	48895	TRUE	6.64346250785746e-4	-0.26772919252896565	TRUE	874	10	1.0312509765930185
ENSG00000103260	chr16:2206584-2206885	233	23458	TRUE	0.00819365656621799	-0.4413440454363535	TRUE	874	10	0.34295863412398303
ENSG00000007520	chr16:2206584-2206885	805	83723	TRUE	2.2006918082546543e-16	-0.568686169418888	TRUE	874	11	3.5910288863193642
ENSG00000162039	chr16:2206584-2206885	613	63798	TRUE	5.607571300082742e-16	-0.7017958312935846	TRUE	874	11	1.6831567653155828
ENSG00000167969	chr16:2206584-2206885	852	89451	TRUE	1.995866579116615e-15	-0.45915622451946403	TRUE	874	11	5.668093794597747
ENSG00000140990	chr16:2206584-2206885	872	92014	TRUE	1.715442792727416e-14	-0.5050633914908724	TRUE	874	11	18.28205048074419
ENSG00000103202	chr16:2206584-2206885	808	82656	TRUE	2.1727543190675803e-13	-0.5429648378320029	TRUE	874	11	3.9204245966019773
ENSG00000086504	chr16:2206584-2206885	872	91943	TRUE	6.743137077408611e-13	-0.46925992084468904	TRUE	874	11	12.96360302926133
ENSG00000103266	chr16:2206584-2206885	702	72240	TRUE	2.2312280688552505e-12	-0.584275148142464	TRUE	874	11	2.2476744064918694
ENSG00000007376	chr16:2206584-2206885	646	66888	TRUE	2.669375792143061e-12	-0.6890579614168566	TRUE	874	11	2.134722960092503
ENSG00000103275	chr16:2206584-2206885	857	89516	TRUE	1.2985595542234568e-11	-0.5250508837321486	TRUE	874	11	8.007781493171661
ENSG00000131653	chr16:2206584-2206885	516	55270	TRUE	4.8611033253502083e-11	-0.5810475847767514	TRUE	874	11	1.124816400512516
ENSG00000086506	chr16:2206584-2206885	822	86844	TRUE	6.437855461151257e-11	-0.39322166765480615	TRUE	874	11	10.380022292363304
ENSG00000074071	chr16:2206584-2206885	837	87891	TRUE	3.961797102074138e-10	-0.5593188991474207	TRUE	874	11	8.00711480567101
ENSG00000127561	chr16:2206584-2206885	580	58201	TRUE	3.4726630926523705e-09	-0.5608112915918704	TRUE	874	11	1.3043220100628146
ENSG00000063854	chr16:2206584-2206885	468	48895	TRUE	3.982394051767863e-9	-0.47315962178669535	TRUE	874	11	1.0312509765930185
ENSG00000174109	chr16:2206584-2206885	669	70408	TRUE	1.3183763498268621e-8	-0.496123134804509	TRUE	874	11	2.0785232871860577
ENSG00000188536	chr16:2206584-2206885	874	92410	TRUE	3.038790943996652e-8	-0.14533647013323225	TRUE	874	11	358.34205235580276
ENSG00000065057	chr16:2206584-2206885	779	80453	TRUE	5.125559981621812e-8	-0.4422633769232265	TRUE	874	11	3.6725939352271424
ENSG00000095906	chr16:2206584-2206885	672	67382	TRUE	2.9660772919128685e-7	-0.49318217150204613	TRUE	874	11	1.7336062585289123
ENSG00000198736	chr16:2206584-2206885	597	60923	TRUE	4.5929068288934295e-7	-0.4584341186980671	TRUE	874	11	1.5289644468056294
ENSG00000206053	chr16:2206584-2206885	477	46739	TRUE	5.613950550448807e-7	-0.4285510088131117	TRUE	874	11	0.8066502078189943
ENSG00000103254	chr16:2206584-2206885	443	45280	TRUE	1.7037947976813713e-5	-0.6642742768886846	TRUE	874	11	1.5716845318082857
ENSG00000065054	chr16:2206584-2206885	455	46398	TRUE	1.9122836812286454e-4	-0.4470741979683253	TRUE	874	11	0.8916736981364001
ENSG00000140983	chr16:2206584-2206885	535	55617	TRUE	6.726980016797442e-4	-0.4199051796036363	TRUE	874	11	1.1848495265477046
ENSG00000103024	chr16:2206584-2206885	238	22920	TRUE	0.0013760193303257624	-0.41047120257635106	TRUE	874	11	0.3398231194724835
ENSG00000103253	chr16:2206584-2206885	236	26073	TRUE	0.0014303539764288394	-0.5492053497117009	TRUE	874	11	0.4842859672698105
ENSG00000103260	chr16:2206584-2206885	233	23458	TRUE	0.004057220798635047	-0.4604528683840581	TRUE	874	11	0.34295863412398303
ENSG00000127554	chr16:2206584-2206885	411	42607	TRUE	0.024	-0.37024729966791076	TRUE	874	11	0.7540131462441535
ENSG00000086504	chr16:2206584-2206885	872	91943	TRUE	7.83794020072341e-23	-0.5749393242894305	TRUE	874	12	12.96360302926133
ENSG00000074071	chr16:2206584-2206885	837	87891	TRUE	1.6734022062618204e-15	-0.6450310828616144	TRUE	874	12	8.00711480567101
ENSG00000167969	chr16:2206584-2206885	852	89451	TRUE	1.5559856837201405e-14	-0.44973297063283857	TRUE	874	12	5.668093794597747
ENSG00000103202	chr16:2206584-2206885	808	82656	TRUE	8.081830995845967e-13	-0.5313301373485999	TRUE	874	12	3.9204245966019773
ENSG00000140990	chr16:2206584-2206885	872	92014	TRUE	1.1371370202269478e-12	-0.479151872480053	TRUE	874	12	18.28205048074419
ENSG00000174109	chr16:2206584-2206885	669	70408	TRUE	4.057769444947206e-12	-0.6089429651388139	TRUE	874	12	2.0785232871860577
ENSG00000103266	chr16:2206584-2206885	702	72240	TRUE	2.014205759409834e-10	-0.5439824421944308	TRUE	874	12	2.2476744064918694
ENSG00000007376	chr16:2206584-2206885	646	66888	TRUE	6.444829817050884e-10	-0.6056155096597571	TRUE	874	12	2.134722960092503
ENSG00000103275	chr16:2206584-2206885	857	89516	TRUE	7.412884642804692e-10	-0.4910445189154884	TRUE	874	12	8.007781493171661
ENSG00000095906	chr16:2206584-2206885	672	67382	TRUE	8.470326705008538e-8	-0.48687943084906393	TRUE	874	12	1.7336062585289123
ENSG00000103254	chr16:2206584-2206885	443	45280	TRUE	1.7208061434274336e-6	-0.7364660521097464	TRUE	874	12	1.5716845318082857
ENSG00000206053	chr16:2206584-2206885	477	46739	TRUE	3.3564975265640415e-6	-0.4233143604469646	TRUE	874	12	0.8066502078189943
ENSG00000007520	chr16:2206584-2206885	805	83723	TRUE	3.368105540411167e-6	-0.3522529977209783	TRUE	874	12	3.5910288863193642
ENSG00000065057	chr16:2206584-2206885	779	80453	TRUE	3.0028872508107082e-5	-0.37670073483500754	TRUE	874	12	3.6725939352271424
ENSG00000131653	chr16:2206584-2206885	516	55270	TRUE	3.3847498613968625e-5	-0.4078357258390975	TRUE	874	12	1.124816400512516
ENSG00000140983	chr16:2206584-2206885	535	55617	TRUE	6.872037651871506e-5	-0.455661533758848	TRUE	874	12	1.1848495265477046
ENSG00000198736	chr16:2206584-2206885	597	60923	TRUE	3.13100738311021e-4	-0.3672575622237054	TRUE	874	12	1.5289644468056294
ENSG00000162039	chr16:2206584-2206885	613	63798	TRUE	6.329690990325224e-4	-0.38559571504691037	TRUE	874	12	1.6831567653155828
ENSG00000188536	chr16:2206584-2206885	874	92410	TRUE	0.0015572112570294283	-0.012198641202653349	TRUE	874	12	358.34205235580276
ENSG00000127561	chr16:2206584-2206885	580	58201	TRUE	0.0025404729546285587	-0.35198462924684876	TRUE	874	12	1.3043220100628146
ENSG00000103253	chr16:2206584-2206885	236	26073	TRUE	0.0046251144251128196	-0.4667431895197278	TRUE	874	12	0.4842859672698105
ENSG00000127554	chr16:2206584-2206885	411	42607	TRUE	0.013900026310786073	-0.3382453581638633	TRUE	874	12	0.7540131462441535
ENSG00000063854	chr16:2206584-2206885	468	48895	TRUE	0.032	-0.16882558691407118	TRUE	874	12	1.0312509765930185
ENSG00000086506	chr16:2206584-2206885	822	86844	TRUE	0.104	-0.10339021167120466	FALSE	874	12	10.380022292363304
ENSG00000103260	chr16:2206584-2206885	233	23458	TRUE	0.132	-0.3317195542618554	FALSE	874	12	0.34295863412398303
ENSG00000065054	chr16:2206584-2206885	455	46398	TRUE	0.352	-0.24126466082748155	FALSE	874	12	0.8916736981364001
ENSG00000103024	chr16:2206584-2206885	238	22920	TRUE	0.828	-0.016905233600332137	FALSE	874	12	0.3398231194724835
ENSG00000103202	chr16:2206584-2206885	808	82656	TRUE	1.6294903428476762e-16	-0.6001559446621363	TRUE	874	13	3.9204245966019773
ENSG00000086504	chr16:2206584-2206885	872	91943	TRUE	4.846143175159881e-16	-0.5215616565536423	TRUE	874	13	12.96360302926133
ENSG00000167969	chr16:2206584-2206885	852	89451	TRUE	8.331736215458402e-16	-0.49050377293828706	TRUE	874	13	5.668093794597747
ENSG00000103275	chr16:2206584-2206885	857	89516	TRUE	1.9768549018680255e-15	-0.561902240873339	TRUE	874	13	8.007781493171661
ENSG00000140990	chr16:2206584-2206885	872	92014	TRUE	7.292328115558199e-15	-0.509386354053456	TRUE	874	13	18.28205048074419
ENSG00000162039	chr16:2206584-2206885	613	63798	TRUE	1.081613172276213e-14	-0.691303457475942	TRUE	874	13	1.6831567653155828
ENSG00000007520	chr16:2206584-2206885	805	83723	TRUE	3.600953713345044e-14	-0.4994743241752495	TRUE	874	13	3.5910288863193642
ENSG00000206053	chr16:2206584-2206885	477	46739	TRUE	7.300236926984733e-11	-0.5234101951545528	TRUE	874	13	0.8066502078189943
ENSG00000127554	chr16:2206584-2206885	411	42607	TRUE	9.62401758520338e-11	-0.6921753945552731	TRUE	874	13	0.7540131462441535
ENSG00000174109	chr16:2206584-2206885	669	70408	TRUE	1.0044653105062572e-10	-0.5536432293727183	TRUE	874	13	2.0785232871860577
ENSG00000065057	chr16:2206584-2206885	779	80453	TRUE	4.8877597415620025e-9	-0.47028909106845984	TRUE	874	13	3.6725939352271424
ENSG00000188536	chr16:2206584-2206885	874	92410	TRUE	6.709589277757168e-9	-0.18908122206034506	TRUE	874	13	358.34205235580276
ENSG00000095906	chr16:2206584-2206885	672	67382	TRUE	3.878413017871144e-8	-0.5096993360918881	TRUE	874	13	1.7336062585289123
ENSG00000063854	chr16:2206584-2206885	468	48895	TRUE	2.3815045272112314e-7	-0.39446699016408804	TRUE	874	13	1.0312509765930185
ENSG00000103254	chr16:2206584-2206885	443	45280	TRUE	3.0504089512716024e-7	-0.7159534547840339	TRUE	874	13	1.5716845318082857
ENSG00000103266	chr16:2206584-2206885	702	72240	TRUE	5.22293945630348e-7	-0.4870462772415789	TRUE	874	13	2.2476744064918694
ENSG00000140983	chr16:2206584-2206885	535	55617	TRUE	5.735453225813581e-7	-0.5337646135368785	TRUE	874	13	1.1848495265477046
ENSG00000086506	chr16:2206584-2206885	822	86844	TRUE	1.0447295638710795e-6	-0.3136820972542327	TRUE	874	13	10.380022292363304
ENSG00000065054	chr16:2206584-2206885	455	46398	TRUE	1.4825996359989733e-6	-0.54146656824328	TRUE	874	13	0.8916736981364001
ENSG00000074071	chr16:2206584-2206885	837	87891	TRUE	3.203411446620714e-6	-0.4569928051323786	TRUE	874	13	8.00711480567101
ENSG00000127561	chr16:2206584-2206885	580	58201	TRUE	1.060927545864631e-5	-0.4509693403924079	TRUE	874	13	1.3043220100628146
ENSG00000103260	chr16:2206584-2206885	233	23458	TRUE	1.1554456592111984e-5	-0.6595242154858871	TRUE	874	13	0.34295863412398303
ENSG00000198736	chr16:2206584-2206885	597	60923	TRUE	3.844382183757671e-5	-0.40195865332870806	TRUE	874	13	1.5289644468056294
ENSG00000007376	chr16:2206584-2206885	646	66888	TRUE	4.1495364150419354e-5	-0.5110491527840355	TRUE	874	13	2.134722960092503
ENSG00000103253	chr16:2206584-2206885	236	26073	TRUE	8.987888211631516e-5	-0.6742824827618179	TRUE	874	13	0.4842859672698105
ENSG00000131653	chr16:2206584-2206885	516	55270	TRUE	3.635705491676533e-4	-0.3616803166579663	TRUE	874	13	1.124816400512516
ENSG00000103024	chr16:2206584-2206885	238	22920	TRUE	0.014210177136806432	-0.32764477144673076	TRUE	874	13	0.3398231194724835
ENSG00000086504	chr16:2206584-2206885	872	91943	TRUE	1.0808055171627577e-13	-0.5073713793971519	TRUE	874	14	12.96360302926133
ENSG00000103266	chr16:2206584-2206885	702	72240	TRUE	2.0083603439406758e-13	-0.6117760329517434	TRUE	874	14	2.2476744064918694
ENSG00000167969	chr16:2206584-2206885	852	89451	TRUE	1.1718457187031402e-9	-0.3811338092956027	TRUE	874	14	5.668093794597747
ENSG00000086506	chr16:2206584-2206885	822	86844	TRUE	2.638092498864597e-9	-0.3383613013783755	TRUE	874	14	10.380022292363304
ENSG00000174109	chr16:2206584-2206885	669	70408	TRUE	5.4856263963109865e-9	-0.5316672516621761	TRUE	874	14	2.0785232871860577
ENSG00000065057	chr16:2206584-2206885	779	80453	TRUE	1.4669822903405665e-7	-0.45504095275791157	TRUE	874	14	3.6725939352271424
ENSG00000103202	chr16:2206584-2206885	808	82656	TRUE	3.5191920409556794e-7	-0.4161203580684396	TRUE	874	14	3.9204245966019773
ENSG00000074071	chr16:2206584-2206885	837	87891	TRUE	6.22503363445613e-7	-0.5079457517927723	TRUE	874	14	8.00711480567101
ENSG00000140990	chr16:2206584-2206885	872	92014	TRUE	2.40709640514944e-6	-0.3772116931897034	TRUE	874	14	18.28205048074419
ENSG00000007520	chr16:2206584-2206885	805	83723	TRUE	1.5668209620709933e-5	-0.36011205628902054	TRUE	874	14	3.5910288863193642
ENSG00000103275	chr16:2206584-2206885	857	89516	TRUE	2.8008038590068417e-5	-0.40055456249641663	TRUE	874	14	8.007781493171661
ENSG00000007376	chr16:2206584-2206885	646	66888	TRUE	8.772955533214999e-5	-0.4589532646683405	TRUE	874	14	2.134722960092503
ENSG00000065054	chr16:2206584-2206885	455	46398	TRUE	1.2355178324579e-4	-0.46400459391820253	TRUE	874	14	0.8916736981364001
ENSG00000206053	chr16:2206584-2206885	477	46739	TRUE	7.564115146268535e-4	-0.30783714302702847	TRUE	874	14	0.8066502078189943
ENSG00000162039	chr16:2206584-2206885	613	63798	TRUE	0.0015657633768605267	-0.3795668928974917	TRUE	874	14	1.6831567653155828
ENSG00000127561	chr16:2206584-2206885	580	58201	TRUE	0.0016071639406185084	-0.3800292604267934	TRUE	874	14	1.3043220100628146
ENSG00000103253	chr16:2206584-2206885	236	26073	TRUE	0.0038339499693377105	-0.5392556893040958	TRUE	874	14	0.4842859672698105
ENSG00000140983	chr16:2206584-2206885	535	55617	TRUE	0.004991726089102866	-0.386738315668437	TRUE	874	14	1.1848495265477046
ENSG00000103260	chr16:2206584-2206885	233	23458	TRUE	0.006135071519997336	-0.4540550971859074	TRUE	874	14	0.34295863412398303
ENSG00000188536	chr16:2206584-2206885	874	92410	TRUE	0.0067016036318205685	-0.002051754005432116	TRUE	874	14	358.34205235580276
ENSG00000063854	chr16:2206584-2206885	468	48895	TRUE	0.008139051887580004	-0.23400231797084203	TRUE	874	14	1.0312509765930185
ENSG00000131653	chr16:2206584-2206885	516	55270	TRUE	0.0088	-0.3029319946296493	TRUE	874	14	1.124816400512516
ENSG00000103254	chr16:2206584-2206885	443	45280	TRUE	0.009052638742934216	-0.5239450003899059	TRUE	874	14	1.5716845318082857
ENSG00000198736	chr16:2206584-2206885	597	60923	TRUE	0.014496639199850087	-0.2827454950013277	TRUE	874	14	1.5289644468056294
ENSG00000127554	chr16:2206584-2206885	411	42607	TRUE	0.044	-0.3356102979958933	TRUE	874	14	0.7540131462441535
ENSG00000103024	chr16:2206584-2206885	238	22920	TRUE	0.092	-0.22604663143892378	TRUE	874	14	0.3398231194724835
ENSG00000095906	chr16:2206584-2206885	672	67382	TRUE	0.152	-0.25713864942090237	FALSE	874	14	1.7336062585289123
ENSG00000103202	chr16:2206584-2206885	808	82656	TRUE	1.8210604370181982e-13	-0.5488175640774409	TRUE	874	15	3.9204245966019773
ENSG00000162039	chr16:2206584-2206885	613	63798	TRUE	2.2447558604808552e-10	-0.5820432740332071	TRUE	874	15	1.6831567653155828
ENSG00000167969	chr16:2206584-2206885	852	89451	TRUE	2.114202769065265e-9	-0.36227012938249903	TRUE	874	15	5.668093794597747
ENSG00000103275	chr16:2206584-2206885	857	89516	TRUE	4.153600560548922e-8	-0.44175847657881073	TRUE	874	15	8.007781493171661
ENSG00000007376	chr16:2206584-2206885	646	66888	TRUE	6.7433414490354e-8	-0.568340160018665	TRUE	874	15	2.134722960092503
ENSG00000198736	chr16:2206584-2206885	597	60923	TRUE	1.2958457226595812e-7	-0.4782361262151238	TRUE	874	15	1.5289644468056294
ENSG00000086504	chr16:2206584-2206885	872	91943	TRUE	2.40921314562765e-7	-0.3805792577136997	TRUE	874	15	12.96360302926133
ENSG00000140983	chr16:2206584-2206885	535	55617	TRUE	4.1299091893456236e-7	-0.5530008323997959	TRUE	874	15	1.1848495265477046
ENSG00000065057	chr16:2206584-2206885	779	80453	TRUE	5.526275347728614e-7	-0.41931744525714665	TRUE	874	15	3.6725939352271424
ENSG00000074071	chr16:2206584-2206885	837	87891	TRUE	1.2247157698862601e-6	-0.47377796210789125	TRUE	874	15	8.00711480567101
ENSG00000174109	chr16:2206584-2206885	669	70408	TRUE	1.91895024089948e-6	-0.4336590478578555	TRUE	874	15	2.0785232871860577
ENSG00000086506	chr16:2206584-2206885	822	86844	TRUE	5.352727018951306e-6	-0.22813969578281768	TRUE	874	15	10.380022292363304
ENSG00000140990	chr16:2206584-2206885	872	92014	TRUE	2.372559846001987e-5	-0.34495576659520566	TRUE	874	15	18.28205048074419
ENSG00000188536	chr16:2206584-2206885	874	92410	TRUE	5.494736493417843e-5	-0.04567182810732717	TRUE	874	15	358.34205235580276
ENSG00000103254	chr16:2206584-2206885	443	45280	TRUE	5.644696026828062e-5	-0.6367008510679513	TRUE	874	15	1.5716845318082857
ENSG00000103024	chr16:2206584-2206885	238	22920	TRUE	6.932652405743783e-5	-0.4913911979599186	TRUE	874	15	0.3398231194724835
ENSG00000007520	chr16:2206584-2206885	805	83723	TRUE	8.272262164184556e-5	-0.32233428641470874	TRUE	874	15	3.5910288863193642
ENSG00000095906	chr16:2206584-2206885	672	67382	TRUE	2.3470719523257383e-4	-0.39432041833750214	TRUE	874	15	1.7336062585289123
ENSG00000063854	chr16:2206584-2206885	468	48895	TRUE	2.4645304853512795e-4	-0.28489298435487376	TRUE	874	15	1.0312509765930185
ENSG00000131653	chr16:2206584-2206885	516	55270	TRUE	8.52775339408765e-4	-0.34362382262199537	TRUE	874	15	1.124816400512516
ENSG00000206053	chr16:2206584-2206885	477	46739	TRUE	0.0012174874446529357	-0.2982191404654314	TRUE	874	15	0.8066502078189943
ENSG00000127561	chr16:2206584-2206885	580	58201	TRUE	0.0021318203780885427	-0.36438165539631695	TRUE	874	15	1.3043220100628146
ENSG00000103266	chr16:2206584-2206885	702	72240	TRUE	0.003110953449863202	-0.3569519637494607	TRUE	874	15	2.2476744064918694
ENSG00000127554	chr16:2206584-2206885	411	42607	TRUE	0.003644035597992156	-0.39746876840293494	TRUE	874	15	0.7540131462441535
ENSG00000065054	chr16:2206584-2206885	455	46398	TRUE	0.01369446386003452	-0.3539647935768439	TRUE	874	15	0.8916736981364001
ENSG00000103253	chr16:2206584-2206885	236	26073	TRUE	0.024	-0.4295102833207525	TRUE	874	15	0.4842859672698105
ENSG00000103260	chr16:2206584-2206885	233	23458	TRUE	0.116	-0.3200377492142201	FALSE	874	15	0.34295863412398303
ENSG00000140990	chr16:2206584-2206885	872	92014	TRUE	2.3910389814466972e-23	-0.6299441433270556	TRUE	874	16	18.28205048074419
ENSG00000103275	chr16:2206584-2206885	857	89516	TRUE	5.022153935330285e-19	-0.6330730231708919	TRUE	874	16	8.007781493171661
ENSG00000167969	chr16:2206584-2206885	852	89451	TRUE	5.175516267321094e-14	-0.4456061584443711	TRUE	874	16	5.668093794597747
ENSG00000007520	chr16:2206584-2206885	805	83723	TRUE	4.430899697648562e-12	-0.48221847508045257	TRUE	874	16	3.5910288863193642
ENSG00000095906	chr16:2206584-2206885	672	67382	TRUE	9.144687360966528e-12	-0.5884829691443983	TRUE	874	16	1.7336062585289123
ENSG00000074071	chr16:2206584-2206885	837	87891	TRUE	2.9379400057212744e-11	-0.5879169459864562	TRUE	874	16	8.00711480567101
ENSG00000065057	chr16:2206584-2206885	779	80453	TRUE	4.792983148601554e-10	-0.5091297792837355	TRUE	874	16	3.6725939352271424
ENSG00000103254	chr16:2206584-2206885	443	45280	TRUE	4.988760224624504e-10	-0.8510827296646877	TRUE	874	16	1.5716845318082857
ENSG00000174109	chr16:2206584-2206885	669	70408	TRUE	2.2025433190757957e-9	-0.5068019033305358	TRUE	874	16	2.0785232871860577
ENSG00000103202	chr16:2206584-2206885	808	82656	TRUE	3.0101982367299878e-9	-0.47396686412394873	TRUE	874	16	3.9204245966019773
ENSG00000007376	chr16:2206584-2206885	646	66888	TRUE	6.6278303018253845e-9	-0.5945518431623975	TRUE	874	16	2.134722960092503
ENSG00000127561	chr16:2206584-2206885	580	58201	TRUE	2.0717470946243928e-8	-0.5360585636002221	TRUE	874	16	1.3043220100628146
ENSG00000086506	chr16:2206584-2206885	822	86844	TRUE	4.78430483068996e-8	-0.31388104851165144	TRUE	874	16	10.380022292363304
ENSG00000086504	chr16:2206584-2206885	872	91943	TRUE	2.2408782935771546e-7	-0.3849486997930125	TRUE	874	16	12.96360302926133
ENSG00000063854	chr16:2206584-2206885	468	48895	TRUE	5.437823138772376e-7	-0.3841546157279505	TRUE	874	16	1.0312509765930185
ENSG00000131653	chr16:2206584-2206885	516	55270	TRUE	1.481273272823649e-6	-0.4632940532846118	TRUE	874	16	1.124816400512516
ENSG00000140983	chr16:2206584-2206885	535	55617	TRUE	2.8890546628011467e-6	-0.5299479577635882	TRUE	874	16	1.1848495265477046
ENSG00000103253	chr16:2206584-2206885	236	26073	TRUE	9.348309922089897e-6	-0.6742824827618179	TRUE	874	16	0.4842859672698105
ENSG00000162039	chr16:2206584-2206885	613	63798	TRUE	1.5520368783328298e-5	-0.4637996223218948	TRUE	874	16	1.6831567653155828
ENSG00000103266	chr16:2206584-2206885	702	72240	TRUE	2.433653482298735e-5	-0.4303874103524712	TRUE	874	16	2.2476744064918694
ENSG00000103260	chr16:2206584-2206885	233	23458	TRUE	8.708773902329527e-5	-0.608898142415919	TRUE	874	16	0.34295863412398303
ENSG00000206053	chr16:2206584-2206885	477	46739	TRUE	1.0645441106041809e-4	-0.33954600275436664	TRUE	874	16	0.8066502078189943
ENSG00000127554	chr16:2206584-2206885	411	42607	TRUE	1.1880703258843354e-4	-0.4881985445785085	TRUE	874	16	0.7540131462441535
ENSG00000065054	chr16:2206584-2206885	455	46398	TRUE	6.838370184054504e-4	-0.44467170775302084	TRUE	874	16	0.8916736981364001
ENSG00000198736	chr16:2206584-2206885	597	60923	TRUE	8.349940935173453e-4	-0.3346602640398681	TRUE	874	16	1.5289644468056294
ENSG00000188536	chr16:2206584-2206885	874	92410	TRUE	0.003727534987222156	-0.026431978385934585	TRUE	874	16	358.34205235580276
ENSG00000103024	chr16:2206584-2206885	238	22920	TRUE	0.00959145373852445	-0.3091878667391694	TRUE	874	16	0.3398231194724835
ENSG00000086504	chr16:2206584-2206885	872	91943	TRUE	6.441203162558189e-14	-0.49399339654483754	TRUE	874	17	12.96360302926133
ENSG00000167969	chr16:2206584-2206885	852	89451	TRUE	8.886595888261064e-14	-0.43255338065601245	TRUE	874	17	5.668093794597747
ENSG00000074071	chr16:2206584-2206885	837	87891	TRUE	1.4269974330020705e-13	-0.6225170382310474	TRUE	874	17	8.00711480567101
ENSG00000140990	chr16:2206584-2206885	872	92014	TRUE	2.945942228242987e-12	-0.46289089210569667	TRUE	874	17	18.28205048074419
ENSG00000127561	chr16:2206584-2206885	580	58201	TRUE	2.1245254252320048e-10	-0.5661711554938804	TRUE	874	17	1.3043220100628146
ENSG00000007520	chr16:2206584-2206885	805	83723	TRUE	4.3775217877632965e-10	-0.4417466698862693	TRUE	874	17	3.5910288863193642
ENSG00000206053	chr16:2206584-2206885	477	46739	TRUE	6.25047794059883e-10	-0.5318388172251336	TRUE	874	17	0.8066502078189943
ENSG00000065057	chr16:2206584-2206885	779	80453	TRUE	3.732369447950474e-9	-0.46852144325791634	TRUE	874	17	3.6725939352271424
ENSG00000095906	chr16:2206584-2206885	672	67382	TRUE	1.2805231089196942e-8	-0.5071458928750683	TRUE	874	17	1.7336062585289123
ENSG00000103275	chr16:2206584-2206885	857	89516	TRUE	3.4761751476207773e-8	-0.46483779568184547	TRUE	874	17	8.007781493171661
ENSG00000140983	chr16:2206584-2206885	535	55617	TRUE	7.187533965414715e-8	-0.5627159872330076	TRUE	874	17	1.1848495265477046
ENSG00000162039	chr16:2206584-2206885	613	63798	TRUE	1.3943250829105033e-7	-0.5223744485073536	TRUE	874	17	1.6831567653155828
ENSG00000103266	chr16:2206584-2206885	702	72240	TRUE	2.977248915748892e-7	-0.4899875525537014	TRUE	874	17	2.2476744064918694
ENSG00000103202	chr16:2206584-2206885	808	82656	TRUE	4.705084951601163e-7	-0.4145164723658499	TRUE	874	17	3.9204245966019773
ENSG00000188536	chr16:2206584-2206885	874	92410	TRUE	1.2149349284518553e-6	-0.13530837405109608	TRUE	874	17	358.34205235580276
ENSG00000063854	chr16:2206584-2206885	468	48895	TRUE	5.584773896446485e-6	-0.37187628594951383	TRUE	874	17	1.0312509765930185
ENSG00000086506	chr16:2206584-2206885	822	86844	TRUE	7.770811749684766e-6	-0.23509336214822962	TRUE	874	17	10.380022292363304
ENSG00000103024	chr16:2206584-2206885	238	22920	TRUE	1.442340541787655e-5	-0.5624742960214013	TRUE	874	17	0.3398231194724835
ENSG00000131653	chr16:2206584-2206885	516	55270	TRUE	1.656106904627849e-5	-0.4343426795884827	TRUE	874	17	1.124816400512516
ENSG00000065054	chr16:2206584-2206885	455	46398	TRUE	2.122978376162515e-5	-0.4984733504749696	TRUE	874	17	0.8916736981364001
ENSG00000103253	chr16:2206584-2206885	236	26073	TRUE	3.003535681175666e-5	-0.658041841754607	TRUE	874	17	0.4842859672698105
ENSG00000174109	chr16:2206584-2206885	669	70408	TRUE	5.48937968642433e-5	-0.3885241351373545	TRUE	874	17	2.0785232871860577
ENSG00000103260	chr16:2206584-2206885	233	23458	TRUE	5.639605012286095e-5	-0.6231823684221665	TRUE	874	17	0.34295863412398303
ENSG00000103254	chr16:2206584-2206885	443	45280	TRUE	7.272156374957782e-5	-0.644756120687875	TRUE	874	17	1.5716845318082857
ENSG00000127554	chr16:2206584-2206885	411	42607	TRUE	1.034682772096244e-4	-0.4765403393941338	TRUE	874	17	0.7540131462441535
ENSG00000198736	chr16:2206584-2206885	597	60923	TRUE	4.969161984166208e-4	-0.3567460764451044	TRUE	874	17	1.5289644468056294
ENSG00000007376	chr16:2206584-2206885	646	66888	TRUE	0.06	-0.3488883829205105	TRUE	874	17	2.134722960092503
ENSG00000103202	chr16:2206584-2206885	808	82656	TRUE	3.061396274239368e-17	-0.6093004610645805	TRUE	874	18	3.9204245966019773
ENSG00000095906	chr16:2206584-2206885	672	67382	TRUE	1.7336621214261954e-13	-0.6295491679606772	TRUE	874	18	1.7336062585289123
ENSG00000174109	chr16:2206584-2206885	669	70408	TRUE	3.7535836723600805e-13	-0.6032020302218363	TRUE	874	18	2.0785232871860577
ENSG00000086504	chr16:2206584-2206885	872	91943	TRUE	1.3480067613871317e-12	-0.48157365569418786	TRUE	874	18	12.96360302926133
ENSG00000140990	chr16:2206584-2206885	872	92014	TRUE	8.090600948993447e-11	-0.47854633415389625	TRUE	874	18	18.28205048074419
ENSG00000167969	chr16:2206584-2206885	852	89451	TRUE	8.707481229360797e-11	-0.39698380187717097	TRUE	874	18	5.668093794597747
ENSG00000103275	chr16:2206584-2206885	857	89516	TRUE	9.650375289998003e-11	-0.5096208431625429	TRUE	874	18	8.007781493171661
ENSG00000103266	chr16:2206584-2206885	702	72240	TRUE	1.5868512422158095e-10	-0.5542071132048928	TRUE	874	18	2.2476744064918694
ENSG00000007520	chr16:2206584-2206885	805	83723	TRUE	1.8082555556533063e-10	-0.44115113012925167	TRUE	874	18	3.5910288863193642
ENSG00000065057	chr16:2206584-2206885	779	80453	TRUE	2.5495903638032727e-9	-0.4982687866519684	TRUE	874	18	3.6725939352271424
ENSG00000131653	chr16:2206584-2206885	516	55270	TRUE	5.067082429411804e-9	-0.516917247357036	TRUE	874	18	1.124816400512516
ENSG00000065054	chr16:2206584-2206885	455	46398	TRUE	6.178359071980178e-8	-0.559548927226738	TRUE	874	18	0.8916736981364001
ENSG00000140983	chr16:2206584-2206885	535	55617	TRUE	1.1642036372266196e-7	-0.560767715443486	TRUE	874	18	1.1848495265477046
ENSG00000206053	chr16:2206584-2206885	477	46739	TRUE	2.4684871409615117e-7	-0.43908167630528117	TRUE	874	18	0.8066502078189943
ENSG00000162039	chr16:2206584-2206885	613	63798	TRUE	3.496005562882715e-7	-0.5131051506398105	TRUE	874	18	1.6831567653155828
ENSG00000188536	chr16:2206584-2206885	874	92410	TRUE	4.7499754120810395e-6	-0.10821475995350127	TRUE	874	18	358.34205235580276
ENSG00000074071	chr16:2206584-2206885	837	87891	TRUE	1.3968371862084364e-5	-0.4610358578696605	TRUE	874	18	8.00711480567101
ENSG00000127561	chr16:2206584-2206885	580	58201	TRUE	4.096250236660347e-5	-0.4134522619642437	TRUE	874	18	1.3043220100628146
ENSG00000063854	chr16:2206584-2206885	468	48895	TRUE	6.802962468909803e-5	-0.30615210372667734	TRUE	874	18	1.0312509765930185
ENSG00000103260	chr16:2206584-2206885	233	23458	TRUE	1.4247174651358177e-4	-0.587733532417877	TRUE	874	18	0.34295863412398303
ENSG00000127554	chr16:2206584-2206885	411	42607	TRUE	3.038528230257971e-4	-0.45064880626210974	TRUE	874	18	0.7540131462441535
ENSG00000103024	chr16:2206584-2206885	238	22920	TRUE	3.3823514733672885e-4	-0.47758539843488834	TRUE	874	18	0.3398231194724835
ENSG00000198736	chr16:2206584-2206885	597	60923	TRUE	6.263924651261389e-4	-0.3554375094248794	TRUE	874	18	1.5289644468056294
ENSG00000007376	chr16:2206584-2206885	646	66888	TRUE	8.019479500858788e-4	-0.4311318369738263	TRUE	874	18	2.134722960092503
ENSG00000103254	chr16:2206584-2206885	443	45280	TRUE	0.0019635045352650524	-0.5908469571835672	TRUE	874	18	1.5716845318082857
ENSG00000086506	chr16:2206584-2206885	822	86844	TRUE	0.0019789596812239962	-0.20194362473080352	TRUE	874	18	10.380022292363304
ENSG00000103253	chr16:2206584-2206885	236	26073	TRUE	0.0045807705641966595	-0.5098119114116137	TRUE	874	18	0.4842859672698105
ENSG00000086504	chr16:2206584-2206885	872	91943	TRUE	7.210822416530768e-15	-0.48911345298894027	TRUE	874	19	12.96360302926133
ENSG00000140990	chr16:2206584-2206885	872	92014	TRUE	6.330946509224e-14	-0.48194062705186	TRUE	874	19	18.28205048074419
ENSG00000174109	chr16:2206584-2206885	669	70408	TRUE	7.279565630755849e-14	-0.6368219977142505	TRUE	874	19	2.0785232871860577
ENSG00000074071	chr16:2206584-2206885	837	87891	TRUE	1.998733251084813e-10	-0.5578749043908098	TRUE	874	19	8.00711480567101
ENSG00000007376	chr16:2206584-2206885	646	66888	TRUE	1.1035625956617342e-8	-0.5967577993122051	TRUE	874	19	2.134722960092503
ENSG00000065057	chr16:2206584-2206885	779	80453	TRUE	6.30773207554189e-8	-0.4353411963139102	TRUE	874	19	3.6725939352271424
ENSG00000103275	chr16:2206584-2206885	857	89516	TRUE	8.61555484585898e-8	-0.4404279452284956	TRUE	874	19	8.007781493171661
ENSG00000167969	chr16:2206584-2206885	852	89451	TRUE	1.1802249184130354e-7	-0.3335623165060224	TRUE	874	19	5.668093794597747
ENSG00000103024	chr16:2206584-2206885	238	22920	TRUE	6.967980462017757e-7	-0.6449364562133744	TRUE	874	19	0.3398231194724835
ENSG00000103202	chr16:2206584-2206885	808	82656	TRUE	1.0147083171699193e-6	-0.4001611793887796	TRUE	874	19	3.9204245966019773
ENSG00000007520	chr16:2206584-2206885	805	83723	TRUE	2.6797911821627596e-6	-0.3466654808958569	TRUE	874	19	3.5910288863193642
ENSG00000127554	chr16:2206584-2206885	411	42607	TRUE	2.063084220262426e-5	-0.4852751493717425	TRUE	874	19	0.7540131462441535
ENSG00000140983	chr16:2206584-2206885	535	55617	TRUE	6.472668920201423e-5	-0.48122895045827924	TRUE	874	19	1.1848495265477046
ENSG00000103266	chr16:2206584-2206885	702	72240	TRUE	1.0337343606771354e-4	-0.4014859292777637	TRUE	874	19	2.2476744064918694
ENSG00000095906	chr16:2206584-2206885	672	67382	TRUE	1.6344307985530736e-4	-0.4061652717443785	TRUE	874	19	1.7336062585289123
ENSG00000103253	chr16:2206584-2206885	236	26073	TRUE	2.2458375648057131e-4	-0.6103888661631913	TRUE	874	19	0.4842859672698105
ENSG00000206053	chr16:2206584-2206885	477	46739	TRUE	3.4649798495304043e-4	-0.3248244970476012	TRUE	874	19	0.8066502078189943
ENSG00000127561	chr16:2206584-2206885	580	58201	TRUE	4.2113439267751386e-4	-0.3910844489357891	TRUE	874	19	1.3043220100628146
ENSG00000188536	chr16:2206584-2206885	874	92410	TRUE	7.052412521182938e-4	-0.018066160089491134	TRUE	874	19	358.34205235580276
ENSG00000103260	chr16:2206584-2206885	233	23458	TRUE	0.0012637525213781142	-0.512682827156616	TRUE	874	19	0.34295863412398303
ENSG00000162039	chr16:2206584-2206885	613	63798	TRUE	0.0027309092578841065	-0.3474395726209337	TRUE	874	19	1.6831567653155828
ENSG00000131653	chr16:2206584-2206885	516	55270	TRUE	0.007405331695372268	-0.2994472223051736	TRUE	874	19	1.124816400512516
ENSG00000065054	chr16:2206584-2206885	455	46398	TRUE	0.014639861940095145	-0.3293791552985707	TRUE	874	19	0.8916736981364001
ENSG00000103254	chr16:2206584-2206885	443	45280	TRUE	0.014707931946434188	-0.5047579804698583	TRUE	874	19	1.5716845318082857
ENSG00000063854	chr16:2206584-2206885	468	48895	TRUE	0.032	-0.2028572154888624	TRUE	874	19	1.0312509765930185
ENSG00000086506	chr16:2206584-2206885	822	86844	TRUE	0.056	-0.11634475882375872	TRUE	874	19	10.380022292363304
ENSG00000198736	chr16:2206584-2206885	597	60923	TRUE	0.112	-0.2362423922274765	FALSE	874	19	1.5289644468056294
ENSG00000127561	chr16:2206584-2206885	580	58201	TRUE	6.064888095728844e-15	-0.6797105686723239	TRUE	874	20	1.3043220100628146
ENSG00000103275	chr16:2206584-2206885	857	89516	TRUE	2.075882811784379e-14	-0.5764427292154215	TRUE	874	20	8.007781493171661
ENSG00000086504	chr16:2206584-2206885	872	91943	TRUE	7.148876223650322e-14	-0.4877701614199301	TRUE	874	20	12.96360302926133
ENSG00000188536	chr16:2206584-2206885	874	92410	TRUE	2.7351809205944985e-12	-0.2434013140198985	TRUE	874	20	358.34205235580276
ENSG00000131653	chr16:2206584-2206885	516	55270	TRUE	2.333322342817026e-11	-0.5959318218627309	TRUE	874	20	1.124816400512516
ENSG00000140990	chr16:2206584-2206885	872	92014	TRUE	2.967290435655669e-10	-0.44420764989389916	TRUE	874	20	18.28205048074419
ENSG00000206053	chr16:2206584-2206885	477	46739	TRUE	2.5183544232689912e-9	-0.5234101951545528	TRUE	874	20	0.8066502078189943
ENSG00000095906	chr16:2206584-2206885	672	67382	TRUE	5.740636634293239e-9	-0.528995589524857	TRUE	874	20	1.7336062585289123
ENSG00000074071	chr16:2206584-2206885	837	87891	TRUE	7.909562701830452e-9	-0.5259025146525298	TRUE	874	20	8.00711480567101
ENSG00000167969	chr16:2206584-2206885	852	89451	TRUE	4.4442443734086465e-8	-0.35416012734882196	TRUE	874	20	5.668093794597747
ENSG00000007376	chr16:2206584-2206885	646	66888	TRUE	2.0869231315636966e-7	-0.5404714843402469	TRUE	874	20	2.134722960092503
ENSG00000198736	chr16:2206584-2206885	597	60923	TRUE	3.144692267542698e-7	-0.48108730311324743	TRUE	874	20	1.5289644468056294
ENSG00000162039	chr16:2206584-2206885	613	63798	TRUE	3.2653886155017205e-7	-0.5052071653624843	TRUE	874	20	1.6831567653155828
ENSG00000140983	chr16:2206584-2206885	535	55617	TRUE	1.3862305376265626e-6	-0.5223448042457743	TRUE	874	20	1.1848495265477046
ENSG00000103254	chr16:2206584-2206885	443	45280	TRUE	1.8257115991542798e-6	-0.6840601189946979	TRUE	874	20	1.5716845318082857
ENSG00000103266	chr16:2206584-2206885	702	72240	TRUE	3.875925932636472e-6	-0.45412429067960425	TRUE	874	20	2.2476744064918694
ENSG00000007520	chr16:2206584-2206885	805	83723	TRUE	6.859809001483761e-6	-0.35505489225265063	TRUE	874	20	3.5910288863193642
ENSG00000174109	chr16:2206584-2206885	669	70408	TRUE	7.512441844554534e-6	-0.43264055502283427	TRUE	874	20	2.0785232871860577
ENSG00000065057	chr16:2206584-2206885	779	80453	TRUE	1.5473191135166077e-5	-0.37504405135241625	TRUE	874	20	3.6725939352271424
ENSG00000103202	chr16:2206584-2206885	808	82656	TRUE	1.9085425822735862e-05	-0.3744683117257821	TRUE	874	20	3.9204245966019773
ENSG00000127554	chr16:2206584-2206885	411	42607	TRUE	8.279547364862996e-5	-0.4707463756191595	TRUE	874	20	0.7540131462441535
ENSG00000103260	chr16:2206584-2206885	233	23458	TRUE	9.857946622881728e-5	-0.6018087176295994	TRUE	874	20	0.34295863412398303
ENSG00000086506	chr16:2206584-2206885	822	86844	TRUE	1.5078398981647687e-4	-0.21526090428472688	TRUE	874	20	10.380022292363304
ENSG00000103253	chr16:2206584-2206885	236	26073	TRUE	3.3087287226968645e-4	-0.6103888661631913	TRUE	874	20	0.4842859672698105
ENSG00000063854	chr16:2206584-2206885	468	48895	TRUE	0.0019613651957312538	-0.2563990685295777	TRUE	874	20	1.0312509765930185
ENSG00000103024	chr16:2206584-2206885	238	22920	TRUE	0.002118248853454824	-0.4039283567095793	TRUE	874	20	0.3398231194724835
ENSG00000065054	chr16:2206584-2206885	455	46398	TRUE	0.024	-0.36528010680467793	TRUE	874	20	0.8916736981364001
ENSG00000086504	chr16:2206584-2206885	872	91943	TRUE	9.103332667473476e-22	-0.579403388253684	TRUE	874	21	12.96360302926133
ENSG00000103275	chr16:2206584-2206885	857	89516	TRUE	5.09497117173863e-21	-0.6772106811409531	TRUE	874	21	8.007781493171661
ENSG00000074071	chr16:2206584-2206885	837	87891	TRUE	4.6970482868916683e-17	-0.6694605398413231	TRUE	874	21	8.00711480567101
ENSG00000167969	chr16:2206584-2206885	852	89451	TRUE	1.3613056500642922e-16	-0.48164221858758216	TRUE	874	21	5.668093794597747
ENSG00000103202	chr16:2206584-2206885	808	82656	TRUE	2.1519652672066386e-13	-0.5582315944853133	TRUE	874	21	3.9204245966019773
ENSG00000095906	chr16:2206584-2206885	672	67382	TRUE	2.567870100093968e-13	-0.6407004894967805	TRUE	874	21	1.7336062585289123
ENSG00000162039	chr16:2206584-2206885	613	63798	TRUE	3.4825701909535533e-12	-0.6270432586725583	TRUE	874	21	1.6831567653155828
ENSG00000007520	chr16:2206584-2206885	805	83723	TRUE	5.274955286372173e-12	-0.46759026315546337	TRUE	874	21	3.5910288863193642
ENSG00000174109	chr16:2206584-2206885	669	70408	TRUE	1.6809589012829526e-11	-0.5580788824929717	TRUE	874	21	2.0785232871860577
ENSG00000140990	chr16:2206584-2206885	872	92014	TRUE	1.000355119514006e-10	-0.44432588904824044	TRUE	874	21	18.28205048074419
ENSG00000086506	chr16:2206584-2206885	822	86844	TRUE	8.54562059987964e-9	-0.3491269743079317	TRUE	874	21	10.380022292363304
ENSG00000065057	chr16:2206584-2206885	779	80453	TRUE	1.668354161856497e-8	-0.47619694142450864	TRUE	874	21	3.6725939352271424
ENSG00000131653	chr16:2206584-2206885	516	55270	TRUE	3.35724931843195e-8	-0.5008200645601016	TRUE	874	21	1.124816400512516
ENSG00000140983	chr16:2206584-2206885	535	55617	TRUE	4.618186256124756e-8	-0.5843224434223827	TRUE	874	21	1.1848495265477046
ENSG00000103266	chr16:2206584-2206885	702	72240	TRUE	4.8366097137700855e-8	-0.5067690046445869	TRUE	874	21	2.2476744064918694
ENSG00000127561	chr16:2206584-2206885	580	58201	TRUE	6.238164240688639e-8	-0.5169036105771841	TRUE	874	21	1.3043220100628146
ENSG00000007376	chr16:2206584-2206885	646	66888	TRUE	7.561914294539713e-8	-0.565096932633586	TRUE	874	21	2.134722960092503
ENSG00000206053	chr16:2206584-2206885	477	46739	TRUE	4.1076531809014223e-7	-0.4285510088131117	TRUE	874	21	0.8066502078189943
ENSG00000127554	chr16:2206584-2206885	411	42607	TRUE	1.1808009593589574e-5	-0.5118014438819298	TRUE	874	21	0.7540131462441535
ENSG00000198736	chr16:2206584-2206885	597	60923	TRUE	2.2722563131612335e-5	-0.44584629732970826	TRUE	874	21	1.5289644468056294
ENSG00000103024	chr16:2206584-2206885	238	22920	TRUE	6.786168714917242e-5	-0.5123508165955648	TRUE	874	21	0.3398231194724835
ENSG00000188536	chr16:2206584-2206885	874	92410	TRUE	7.940596111757278e-4	-0.042942562490871694	TRUE	874	21	358.34205235580276
ENSG00000103260	chr16:2206584-2206885	233	23458	TRUE	9.842698317222565e-4	-0.4994469999999216	TRUE	874	21	0.34295863412398303
ENSG00000065054	chr16:2206584-2206885	455	46398	TRUE	0.0017287896620502806	-0.41379804309402685	TRUE	874	21	0.8916736981364001
ENSG00000103254	chr16:2206584-2206885	443	45280	TRUE	0.001917330589850899	-0.5722911381553235	TRUE	874	21	1.5716845318082857
ENSG00000063854	chr16:2206584-2206885	468	48895	TRUE	0.010171290918502982	-0.23956899384538344	TRUE	874	21	1.0312509765930185
ENSG00000103253	chr16:2206584-2206885	236	26073	TRUE	0.636	-0.24839760124598187	FALSE	874	21	0.4842859672698105
ENSG00000086504	chr16:2206584-2206885	872	91943	TRUE	1.7641983347276908e-17	-0.5334655755482962	TRUE	874	22	12.96360302926133
ENSG00000103266	chr16:2206584-2206885	702	72240	TRUE	1.0031712399951826e-14	-0.6584411667793455	TRUE	874	22	2.2476744064918694
ENSG00000074071	chr16:2206584-2206885	837	87891	TRUE	4.841343109255217e-12	-0.5879169459864562	TRUE	874	22	8.00711480567101
ENSG00000095906	chr16:2206584-2206885	672	67382	TRUE	3.1141433219819724e-10	-0.5564514211929841	TRUE	874	22	1.7336062585289123
ENSG00000103275	chr16:2206584-2206885	857	89516	TRUE	5.792524495801628e-10	-0.4888423509002098	TRUE	874	22	8.007781493171661
ENSG00000167969	chr16:2206584-2206885	852	89451	TRUE	9.277968220806218e-10	-0.38472082019589005	TRUE	874	22	5.668093794597747
ENSG00000174109	chr16:2206584-2206885	669	70408	TRUE	1.1979552747914417e-9	-0.5197216467562678	TRUE	874	22	2.0785232871860577
ENSG00000065057	chr16:2206584-2206885	779	80453	TRUE	7.62891514178199e-9	-0.4579607979984315	TRUE	874	22	3.6725939352271424
ENSG00000007376	chr16:2206584-2206885	646	66888	TRUE	2.285731064560911e-8	-0.5934501286828257	TRUE	874	22	2.134722960092503
ENSG00000103202	chr16:2206584-2206885	808	82656	TRUE	4.1951632188654215e-8	-0.43334034665750476	TRUE	874	22	3.9204245966019773
ENSG00000127561	chr16:2206584-2206885	580	58201	TRUE	5.8553624666933065e-8	-0.5413270845164018	TRUE	874	22	1.3043220100628146
ENSG00000007520	chr16:2206584-2206885	805	83723	TRUE	1.3217155432131784e-7	-0.3891090706889708	TRUE	874	22	3.5910288863193642
ENSG00000162039	chr16:2206584-2206885	613	63798	TRUE	2.4818965422979534e-7	-0.5144256953918629	TRUE	874	22	1.6831567653155828
ENSG00000140990	chr16:2206584-2206885	872	92014	TRUE	2.784574307671026e-7	-0.391845800209758	TRUE	874	22	18.28205048074419
ENSG00000188536	chr16:2206584-2206885	874	92410	TRUE	2.9234556376856206e-7	-0.10439951254191548	TRUE	874	22	358.34205235580276
ENSG00000198736	chr16:2206584-2206885	597	60923	TRUE	7.126808690965795e-7	-0.4528259676481538	TRUE	874	22	1.5289644468056294
ENSG00000103254	chr16:2206584-2206885	443	45280	TRUE	9.428495513171854e-7	-0.729596062742702	TRUE	874	22	1.5716845318082857
ENSG00000140983	chr16:2206584-2206885	535	55617	TRUE	1.4501296834035639e-6	-0.5414283502350481	TRUE	874	22	1.1848495265477046
ENSG00000086506	chr16:2206584-2206885	822	86844	TRUE	2.4688660147517087e-6	-0.23283444460809433	TRUE	874	22	10.380022292363304
ENSG00000065054	chr16:2206584-2206885	455	46398	TRUE	1.3911968884940725e-5	-0.4910175455559224	TRUE	874	22	0.8916736981364001
ENSG00000063854	chr16:2206584-2206885	468	48895	TRUE	5.880684872268307e-5	-0.3178813963087844	TRUE	874	22	1.0312509765930185
ENSG00000206053	chr16:2206584-2206885	477	46739	TRUE	7.960738177043125e-5	-0.36442067139339585	TRUE	874	22	0.8066502078189943
ENSG00000131653	chr16:2206584-2206885	516	55270	TRUE	1.342498002955073e-4	-0.37629001154231756	TRUE	874	22	1.124816400512516
ENSG00000103024	chr16:2206584-2206885	238	22920	TRUE	0.0023226452429923466	-0.3844759940434068	TRUE	874	22	0.3398231194724835
ENSG00000103253	chr16:2206584-2206885	236	26073	TRUE	0.012895304047436856	-0.44800662693814197	TRUE	874	22	0.4842859672698105
ENSG00000127554	chr16:2206584-2206885	411	42607	TRUE	0.024	-0.3648641029710074	TRUE	874	22	0.7540131462441535
ENSG00000103260	chr16:2206584-2206885	233	23458	TRUE	0.12	-0.3200377492142201	FALSE	874	22	0.34295863412398303
ENSG00000007520	chr16:2206584-2206885	805	83723	TRUE	1.9175863494068493e-12	-0.49699653045173164	TRUE	874	23	3.5910288863193642
ENSG00000086504	chr16:2206584-2206885	872	91943	TRUE	2.050654469970922e-12	-0.464297653715938	TRUE	874	23	12.96360302926133
ENSG00000167969	chr16:2206584-2206885	852	89451	TRUE	4.245604276318734e-12	-0.42514733235456514	TRUE	874	23	5.668093794597747
ENSG00000074071	chr16:2206584-2206885	837	87891	TRUE	2.2103185884955227e-11	-0.6063068110497887	TRUE	874	23	8.00711480567101
ENSG00000140990	chr16:2206584-2206885	872	92014	TRUE	2.3553098610034383e-11	-0.4652883916867627	TRUE	874	23	18.28205048074419
ENSG00000065057	chr16:2206584-2206885	779	80453	TRUE	6.403714436586063e-10	-0.5109479207227148	TRUE	874	23	3.6725939352271424
ENSG00000103202	chr16:2206584-2206885	808	82656	TRUE	3.102619219831618e-9	-0.4606649331697392	TRUE	874	23	3.9204245966019773
ENSG00000103275	chr16:2206584-2206885	857	89516	TRUE	5.321251273634548e-8	-0.45916798472406173	TRUE	874	23	8.007781493171661
ENSG00000127554	chr16:2206584-2206885	411	42607	TRUE	2.433360050938156e-7	-0.5912920375426118	TRUE	874	23	0.7540131462441535
ENSG00000103266	chr16:2206584-2206885	702	72240	TRUE	7.603893928358055e-7	-0.4724291811693967	TRUE	874	23	2.2476744064918694
ENSG00000198736	chr16:2206584-2206885	597	60923	TRUE	1.6952786522361762e-6	-0.43751502273775383	TRUE	874	23	1.5289644468056294
ENSG00000174109	chr16:2206584-2206885	669	70408	TRUE	3.2135500527897317e-6	-0.43569819313145386	TRUE	874	23	2.0785232871860577
ENSG00000127561	chr16:2206584-2206885	580	58201	TRUE	1.822150397838302e-5	-0.45262285924492146	TRUE	874	23	1.3043220100628146
ENSG00000188536	chr16:2206584-2206885	874	92410	TRUE	1.968432027897593e-5	-0.03702958020694602	TRUE	874	23	358.34205235580276
ENSG00000162039	chr16:2206584-2206885	613	63798	TRUE	2.718615216129247e-5	-0.46252459347983294	TRUE	874	23	1.6831567653155828
ENSG00000140983	chr16:2206584-2206885	535	55617	TRUE	2.971286162084313e-5	-0.49977284382447246	TRUE	874	23	1.1848495265477046
ENSG00000086506	chr16:2206584-2206885	822	86844	TRUE	5.884398582001399e-5	-0.2074775595594387	TRUE	874	23	10.380022292363304
ENSG00000206053	chr16:2206584-2206885	477	46739	TRUE	6.938195330388926e-5	-0.3519297272101992	TRUE	874	23	0.8066502078189943
ENSG00000131653	chr16:2206584-2206885	516	55270	TRUE	7.026783470097733e-5	-0.40221847653284354	TRUE	874	23	1.124816400512516
ENSG00000095906	chr16:2206584-2206885	672	67382	TRUE	1.0858290813095181e-4	-0.40854595717056014	TRUE	874	23	1.7336062585289123
ENSG00000103253	chr16:2206584-2206885	236	26073	TRUE	2.2279772655674386e-4	-0.5897047119914534	TRUE	874	23	0.4842859672698105
ENSG00000063854	chr16:2206584-2206885	468	48895	TRUE	4.069148132344047e-4	-0.28106112276384687	TRUE	874	23	1.0312509765930185
ENSG00000103254	chr16:2206584-2206885	443	45280	TRUE	5.948796163831992e-4	-0.612801435824876	TRUE	874	23	1.5716845318082857
ENSG00000065054	chr16:2206584-2206885	455	46398	TRUE	0.0011996860039886828	-0.42796537502062076	TRUE	874	23	0.8916736981364001
ENSG00000103024	chr16:2206584-2206885	238	22920	TRUE	0.005042529124613948	-0.365282428810096	TRUE	874	23	0.3398231194724835
ENSG00000007376	chr16:2206584-2206885	646	66888	TRUE	0.00959056604826213	-0.39613212759336647	TRUE	874	23	2.134722960092503
ENSG00000103260	chr16:2206584-2206885	233	23458	TRUE	0.212	-0.3317195542618554	FALSE	874	23	0.34295863412398303
ENSG00000007520	chr16:2206584-2206885	805	83723	TRUE	4.7748409839075853e-17	-0.5409845428290689	TRUE	874	24	3.5910288863193642
ENSG00000167969	chr16:2206584-2206885	852	89451	TRUE	1.0247131649970836e-12	-0.44149111729070656	TRUE	874	24	5.668093794597747
ENSG00000086504	chr16:2206584-2206885	872	91943	TRUE	5.86360257015907e-12	-0.46495830400379123	TRUE	874	24	12.96360302926133
ENSG00000140990	chr16:2206584-2206885	872	92014	TRUE	8.536028147481817e-12	-0.4608561453715021	TRUE	874	24	18.28205048074419
ENSG00000103202	chr16:2206584-2206885	808	82656	TRUE	1.0662048983162294e-10	-0.4902054039623964	TRUE	874	24	3.9204245966019773
ENSG00000065057	chr16:2206584-2206885	779	80453	TRUE	1.0916894589738064e-10	-0.5091297792837355	TRUE	874	24	3.6725939352271424
ENSG00000074071	chr16:2206584-2206885	837	87891	TRUE	2.0561071663459084e-10	-0.5935276798573015	TRUE	874	24	8.00711480567101
ENSG00000188536	chr16:2206584-2206885	874	92410	TRUE	2.8293026460769104e-9	-0.16459790941561003	TRUE	874	24	358.34205235580276
ENSG00000103266	chr16:2206584-2206885	702	72240	TRUE	4.853653206630786e-9	-0.5348417883379619	TRUE	874	24	2.2476744064918694
ENSG00000131653	chr16:2206584-2206885	516	55270	TRUE	2.384794265701735e-8	-0.5108597365366675	TRUE	874	24	1.124816400512516
ENSG00000095906	chr16:2206584-2206885	672	67382	TRUE	2.9795687602546456e-8	-0.5186721462560959	TRUE	874	24	1.7336062585289123
ENSG00000206053	chr16:2206584-2206885	477	46739	TRUE	8.391464838062435e-7	-0.4338067342646069	TRUE	874	24	0.8066502078189943
ENSG00000140983	chr16:2206584-2206885	535	55617	TRUE	1.3452918259399677e-6	-0.5356767344806556	TRUE	874	24	1.1848495265477046
ENSG00000065054	chr16:2206584-2206885	455	46398	TRUE	9.604757885563198e-6	-0.5210747794121022	TRUE	874	24	0.8916736981364001
ENSG00000103024	chr16:2206584-2206885	238	22920	TRUE	1.2601567333161024e-5	-0.5771210719858029	TRUE	874	24	0.3398231194724835
ENSG00000162039	chr16:2206584-2206885	613	63798	TRUE	3.550787388601536e-5	-0.44857314809723714	TRUE	874	24	1.6831567653155828
ENSG00000174109	chr16:2206584-2206885	669	70408	TRUE	4.9828053297246416e-5	-0.40640901344965474	TRUE	874	24	2.0785232871860577
ENSG00000103275	chr16:2206584-2206885	857	89516	TRUE	6.980662011095949e-5	-0.37516473129920014	TRUE	874	24	8.007781493171661
ENSG00000127554	chr16:2206584-2206885	411	42607	TRUE	1.1268822487438789e-4	-0.45636245745650345	TRUE	874	24	0.7540131462441535
ENSG00000103253	chr16:2206584-2206885	236	26073	TRUE	7.887372838748033e-4	-0.56425969543399	TRUE	874	24	0.4842859672698105
ENSG00000007376	chr16:2206584-2206885	646	66888	TRUE	9.546377608870976e-4	-0.4439822374747969	TRUE	874	24	2.134722960092503
ENSG00000086506	chr16:2206584-2206885	822	86844	TRUE	0.001052188616650164	-0.21805087815923407	TRUE	874	24	10.380022292363304
ENSG00000198736	chr16:2206584-2206885	597	60923	TRUE	0.006997559868461525	-0.3040448968017839	TRUE	874	24	1.5289644468056294
ENSG00000127561	chr16:2206584-2206885	580	58201	TRUE	0.008649104105845948	-0.3335865685534628	TRUE	874	24	1.3043220100628146
ENSG00000103254	chr16:2206584-2206885	443	45280	TRUE	0.0136	-0.5032925714653594	TRUE	874	24	1.5716845318082857
ENSG00000063854	chr16:2206584-2206885	468	48895	TRUE	0.156	-0.1355782625878475	FALSE	874	24	1.0312509765930185
ENSG00000103260	chr16:2206584-2206885	233	23458	TRUE	0.528	-0.22438551015053343	FALSE	874	24	0.34295863412398303
ENSG00000167969	chr16:2206584-2206885	852	89451	TRUE	7.809080100180395e-17	-0.49708877985870403	TRUE	874	25	5.668093794597747
ENSG00000103275	chr16:2206584-2206885	857	89516	TRUE	1.0786889118562256e-16	-0.6012055732443291	TRUE	874	25	8.007781493171661
ENSG00000103202	chr16:2206584-2206885	808	82656	TRUE	1.2728677972073804e-16	-0.6013718697580392	TRUE	874	25	3.9204245966019773
ENSG00000127561	chr16:2206584-2206885	580	58201	TRUE	1.6506167618027213e-12	-0.6283501467537673	TRUE	874	25	1.3043220100628146
ENSG00000188536	chr16:2206584-2206885	874	92410	TRUE	4.697817205097333e-12	-0.2653035345085719	TRUE	874	25	358.34205235580276
ENSG00000206053	chr16:2206584-2206885	477	46739	TRUE	7.778924034410126e-11	-0.5689428118878731	TRUE	874	25	0.8066502078189943
ENSG00000065057	chr16:2206584-2206885	779	80453	TRUE	9.673148900279547e-11	-0.5384986314405011	TRUE	874	25	3.6725939352271424
ENSG00000140990	chr16:2206584-2206885	872	92014	TRUE	2.2562561604716287e-10	-0.46372956383020103	TRUE	874	25	18.28205048074419
ENSG00000007520	chr16:2206584-2206885	805	83723	TRUE	6.262432319286885e-10	-0.43283928385725723	TRUE	874	25	3.5910288863193642
ENSG00000131653	chr16:2206584-2206885	516	55270	TRUE	3.299238453006374e-9	-0.5209697641815088	TRUE	874	25	1.124816400512516
ENSG00000140983	chr16:2206584-2206885	535	55617	TRUE	1.6208872958948812e-8	-0.5803698517968825	TRUE	874	25	1.1848495265477046
ENSG00000198736	chr16:2206584-2206885	597	60923	TRUE	2.9482595133461013e-8	-0.49398779182105373	TRUE	874	25	1.5289644468056294
ENSG00000065054	chr16:2206584-2206885	455	46398	TRUE	1.8291803411437779e-7	-0.556951815740699	TRUE	874	25	0.8916736981364001
ENSG00000086504	chr16:2206584-2206885	872	91943	TRUE	5.027451035325145e-7	-0.3863559784357862	TRUE	874	25	12.96360302926133
ENSG00000162039	chr16:2206584-2206885	613	63798	TRUE	1.282322876879332e-6	-0.4934406702625271	TRUE	874	25	1.6831567653155828
ENSG00000103266	chr16:2206584-2206885	702	72240	TRUE	1.4244822069270358e-6	-0.4598797306567397	TRUE	874	25	2.2476744064918694
ENSG00000063854	chr16:2206584-2206885	468	48895	TRUE	1.8363613256203848e-6	-0.39446699016408804	TRUE	874	25	1.0312509765930185
ENSG00000074071	chr16:2206584-2206885	837	87891	TRUE	5.482973728558951e-6	-0.45403508432197937	TRUE	874	25	8.00711480567101
ENSG00000103254	chr16:2206584-2206885	443	45280	TRUE	1.1458205049597308e-5	-0.6790881610321717	TRUE	874	25	1.5716845318082857
ENSG00000007376	chr16:2206584-2206885	646	66888	TRUE	1.1836289554256231e-4	-0.4761103858648579	TRUE	874	25	2.134722960092503
ENSG00000174109	chr16:2206584-2206885	669	70408	TRUE	2.0724924759462238e-4	-0.38359520980704087	TRUE	874	25	2.0785232871860577
ENSG00000095906	chr16:2206584-2206885	672	67382	TRUE	3.8228695522765643e-4	-0.37789932188851916	TRUE	874	25	1.7336062585289123
ENSG00000086506	chr16:2206584-2206885	822	86844	TRUE	5.757546079706126e-4	-0.18710717095096552	TRUE	874	25	10.380022292363304
ENSG00000103253	chr16:2206584-2206885	236	26073	TRUE	0.0014474882168486192	-0.5392556893040958	TRUE	874	25	0.4842859672698105
ENSG00000103260	chr16:2206584-2206885	233	23458	TRUE	0.008675167117425178	-0.44768557231018025	TRUE	874	25	0.34295863412398303
ENSG00000127554	chr16:2206584-2206885	411	42607	TRUE	0.018089966850715622	-0.34617953970608056	TRUE	874	25	0.7540131462441535
ENSG00000103024	chr16:2206584-2206885	238	22920	TRUE	0.092	-0.23182898403292973	TRUE	874	25	0.3398231194724835
ENSG00000074071	chr16:2206584-2206885	837	87891	TRUE	5.552289013023624e-26	-0.8098673425916036	TRUE	874	26	8.00711480567101
ENSG00000174109	chr16:2206584-2206885	669	70408	TRUE	9.017302652593693e-21	-0.733846452109115	TRUE	874	26	2.0785232871860577
ENSG00000167969	chr16:2206584-2206885	852	89451	TRUE	1.4810331452389047e-19	-0.5115256052683823	TRUE	874	26	5.668093794597747
ENSG00000140990	chr16:2206584-2206885	872	92014	TRUE	5.8128090954663265e-18	-0.543177598755646	TRUE	874	26	18.28205048074419
ENSG00000103266	chr16:2206584-2206885	702	72240	TRUE	1.1278414083625389e-15	-0.6496442185421866	TRUE	874	26	2.2476744064918694
ENSG00000086504	chr16:2206584-2206885	872	91943	TRUE	9.632685154918898e-15	-0.4679349798346659	TRUE	874	26	12.96360302926133
ENSG00000188536	chr16:2206584-2206885	874	92410	TRUE	2.916892335647265e-14	-0.2866159080381401	TRUE	874	26	358.34205235580276
ENSG00000103202	chr16:2206584-2206885	808	82656	TRUE	7.059127421564031e-11	-0.48346382608334126	TRUE	874	26	3.9204245966019773
ENSG00000007376	chr16:2206584-2206885	646	66888	TRUE	3.586972612481711e-10	-0.6212485810263977	TRUE	874	26	2.134722960092503
ENSG00000007520	chr16:2206584-2206885	805	83723	TRUE	4.2425178736669075e-10	-0.4263419768879462	TRUE	874	26	3.5910288863193642
ENSG00000140983	chr16:2206584-2206885	535	55617	TRUE	4.4100316573322733e-10	-0.6305730744781397	TRUE	874	26	1.1848495265477046
ENSG00000198736	chr16:2206584-2206885	597	60923	TRUE	6.740085457141045e-10	-0.558772739280082	TRUE	874	26	1.5289644468056294
ENSG00000103254	chr16:2206584-2206885	443	45280	TRUE	3.4479360203131983e-9	-0.8016140534003879	TRUE	874	26	1.5716845318082857
ENSG00000063854	chr16:2206584-2206885	468	48895	TRUE	6.27570221637499e-9	-0.4601034689612491	TRUE	874	26	1.0312509765930185
ENSG00000065057	chr16:2206584-2206885	779	80453	TRUE	7.28406428672798e-9	-0.47915996370426406	TRUE	874	26	3.6725939352271424
ENSG00000065054	chr16:2206584-2206885	455	46398	TRUE	2.03227423487321e-8	-0.612497807175697	TRUE	874	26	0.8916736981364001
ENSG00000103275	chr16:2206584-2206885	857	89516	TRUE	7.764490095968043e-8	-0.43963021502244226	TRUE	874	26	8.007781493171661
ENSG00000131653	chr16:2206584-2206885	516	55270	TRUE	3.6621185183941885e-7	-0.4652449596547731	TRUE	874	26	1.124816400512516
ENSG00000206053	chr16:2206584-2206885	477	46739	TRUE	4.7666328218862707e-7	-0.4338067342646069	TRUE	874	26	0.8066502078189943
ENSG00000127554	chr16:2206584-2206885	411	42607	TRUE	4.307028581540615e-6	-0.5207530447264583	TRUE	874	26	0.7540131462441535
ENSG00000095906	chr16:2206584-2206885	672	67382	TRUE	7.714141492711944e-6	-0.4447358574677317	TRUE	874	26	1.7336062585289123
ENSG00000086506	chr16:2206584-2206885	822	86844	TRUE	8.576358784258915e-6	-0.2777282800586094	TRUE	874	26	10.380022292363304
ENSG00000127561	chr16:2206584-2206885	580	58201	TRUE	2.6443096702803356e-4	-0.403823560766467	TRUE	874	26	1.3043220100628146
ENSG00000162039	chr16:2206584-2206885	613	63798	TRUE	0.0010584628437742029	-0.38680450861648713	TRUE	874	26	1.6831567653155828
ENSG00000103024	chr16:2206584-2206885	238	22920	TRUE	0.0011100740424453137	-0.41704385649983733	TRUE	874	26	0.3398231194724835
ENSG00000103253	chr16:2206584-2206885	236	26073	TRUE	0.0015444475743926628	-0.5244586873760151	TRUE	874	26	0.4842859672698105
ENSG00000103260	chr16:2206584-2206885	233	23458	TRUE	0.014732940281088694	-0.41004791494681503	TRUE	874	26	0.34295863412398303
ENSG00000086504	chr16:2206584-2206885	872	91943	TRUE	9.677832221111428e-19	-0.5540534221825464	TRUE	874	27	12.96360302926133
ENSG00000167969	chr16:2206584-2206885	852	89451	TRUE	3.3641088096674363e-18	-0.49050377293828706	TRUE	874	27	5.668093794597747
ENSG00000074071	chr16:2206584-2206885	837	87891	TRUE	3.502220881798731e-18	-0.7105837702565871	TRUE	874	27	8.00711480567101
ENSG00000140990	chr16:2206584-2206885	872	92014	TRUE	3.4677262791743174e-15	-0.5276855916680949	TRUE	874	27	18.28205048074419
ENSG00000007520	chr16:2206584-2206885	805	83723	TRUE	7.805114059858415e-15	-0.49452298498357394	TRUE	874	27	3.5910288863193642
ENSG00000065057	chr16:2206584-2206885	779	80453	TRUE	1.1741592692899774e-12	-0.5678468267361767	TRUE	874	27	3.6725939352271424
ENSG00000103266	chr16:2206584-2206885	702	72240	TRUE	3.05720560483203e-12	-0.5969027564702134	TRUE	874	27	2.2476744064918694
ENSG00000140983	chr16:2206584-2206885	535	55617	TRUE	6.789289950505312e-11	-0.6636448960837884	TRUE	874	27	1.1848495265477046
ENSG00000103275	chr16:2206584-2206885	857	89516	TRUE	1.1848702353231685e-10	-0.5112961230576487	TRUE	874	27	8.007781493171661
ENSG00000127561	chr16:2206584-2206885	580	58201	TRUE	3.6511528722358894e-10	-0.5950983409573826	TRUE	874	27	1.3043220100628146
ENSG00000174109	chr16:2206584-2206885	669	70408	TRUE	4.683437377414257e-9	-0.5068019033305358	TRUE	874	27	2.0785232871860577
ENSG00000162039	chr16:2206584-2206885	613	63798	TRUE	8.290052212707238e-9	-0.5290320285770649	TRUE	874	27	1.6831567653155828
ENSG00000007376	chr16:2206584-2206885	646	66888	TRUE	5.2386781367966284e-8	-0.5607839397625035	TRUE	874	27	2.134722960092503
ENSG00000131653	chr16:2206584-2206885	516	55270	TRUE	1.5293148740790823e-7	-0.5128760821351723	TRUE	874	27	1.124816400512516
ENSG00000086506	chr16:2206584-2206885	822	86844	TRUE	7.799094269389344e-7	-0.26690270034902186	TRUE	874	27	10.380022292363304
ENSG00000063854	chr16:2206584-2206885	468	48895	TRUE	1.5583595472219388e-6	-0.4027702938952975	TRUE	874	27	1.0312509765930185
ENSG00000065054	chr16:2206584-2206885	455	46398	TRUE	2.8466899113358305e-6	-0.5261457689595241	TRUE	874	27	0.8916736981364001
ENSG00000198736	chr16:2206584-2206885	597	60923	TRUE	7.121582347752176e-6	-0.41144564410149737	TRUE	874	27	1.5289644468056294
ENSG00000188536	chr16:2206584-2206885	874	92410	TRUE	8.462178873297997e-6	-0.11732034089156862	TRUE	874	27	358.34205235580276
ENSG00000103202	chr16:2206584-2206885	808	82656	TRUE	1.274578981487473e-5	-0.3791532356940883	TRUE	874	27	3.9204245966019773
ENSG00000103253	chr16:2206584-2206885	236	26073	TRUE	2.3110320508809394e-5	-0.6313738912925271	TRUE	874	27	0.4842859672698105
ENSG00000206053	chr16:2206584-2206885	477	46739	TRUE	1.0245141198803303e-4	-0.34201425834511634	TRUE	874	27	0.8066502078189943
ENSG00000103254	chr16:2206584-2206885	443	45280	TRUE	2.3557216035565874e-4	-0.6415286136574793	TRUE	874	27	1.5716845318082857
ENSG00000095906	chr16:2206584-2206885	672	67382	TRUE	6.414671171908227e-4	-0.3767335076506242	TRUE	874	27	1.7336062585289123
ENSG00000103260	chr16:2206584-2206885	233	23458	TRUE	0.0055391630031178946	-0.48633150020966354	TRUE	874	27	0.34295863412398303
ENSG00000127554	chr16:2206584-2206885	411	42607	TRUE	0.00918537602571684	-0.3488339931520584	TRUE	874	27	0.7540131462441535
ENSG00000103024	chr16:2206584-2206885	238	22920	TRUE	0.024	-0.34008187468495343	TRUE	874	27	0.3398231194724835
ENSG00000103275	chr16:2206584-2206885	857	89516	TRUE	4.0278252595160937e-19	-0.624284390554366	TRUE	874	28	8.007781493171661
ENSG00000007520	chr16:2206584-2206885	805	83723	TRUE	7.434303782377618e-14	-0.49328780079777257	TRUE	874	28	3.5910288863193642
ENSG00000065057	chr16:2206584-2206885	779	80453	TRUE	1.2300416411074934e-12	-0.5434520956746307	TRUE	874	28	3.6725939352271424
ENSG00000140983	chr16:2206584-2206885	535	55617	TRUE	1.1146141226318913e-11	-0.6594692201125951	TRUE	874	28	1.1848495265477046
ENSG00000140990	chr16:2206584-2206885	872	92014	TRUE	3.20928435008193e-11	-0.4493007044635329	TRUE	874	28	18.28205048074419
ENSG00000188536	chr16:2206584-2206885	874	92410	TRUE	1.4151178632580659e-10	-0.20494399884685066	TRUE	874	28	358.34205235580276
ENSG00000167969	chr16:2206584-2206885	852	89451	TRUE	2.867948173139245e-10	-0.3718491061945164	TRUE	874	28	5.668093794597747
ENSG00000103202	chr16:2206584-2206885	808	82656	TRUE	6.004385706915644e-10	-0.4667464311384075	TRUE	874	28	3.9204245966019773
ENSG00000174109	chr16:2206584-2206885	669	70408	TRUE	1.0079927810777232e-9	-0.5283995378282651	TRUE	874	28	2.0785232871860577
ENSG00000095906	chr16:2206584-2206885	672	67382	TRUE	1.4859951387630543e-9	-0.5446205982937311	TRUE	874	28	1.7336062585289123
ENSG00000127554	chr16:2206584-2206885	411	42607	TRUE	1.7569640281349229e-9	-0.6327424810361151	TRUE	874	28	0.7540131462441535
ENSG00000127561	chr16:2206584-2206885	580	58201	TRUE	1.2033979585059808e-8	-0.5536956419468202	TRUE	874	28	1.3043220100628146
ENSG00000086504	chr16:2206584-2206885	872	91943	TRUE	1.761373714128659e-8	-0.4000309153328625	TRUE	874	28	12.96360302926133
ENSG00000198736	chr16:2206584-2206885	597	60923	TRUE	2.4331863234482425e-8	-0.47966101032195185	TRUE	874	28	1.5289644468056294
ENSG00000086506	chr16:2206584-2206885	822	86844	TRUE	4.403543750697509e-8	-0.32707286565369165	TRUE	874	28	10.380022292363304
ENSG00000206053	chr16:2206584-2206885	477	46739	TRUE	1.8695685374459717e-7	-0.45235403339831837	TRUE	874	28	0.8066502078189943
ENSG00000131653	chr16:2206584-2206885	516	55270	TRUE	8.401480213990531e-7	-0.4750392609577113	TRUE	874	28	1.124816400512516
ENSG00000063854	chr16:2206584-2206885	468	48895	TRUE	1.090508228796265e-6	-0.3780023887463553	TRUE	874	28	1.0312509765930185
ENSG00000103266	chr16:2206584-2206885	702	72240	TRUE	6.4111400733775695e-6	-0.43983534877388264	TRUE	874	28	2.2476744064918694
ENSG00000103254	chr16:2206584-2206885	443	45280	TRUE	1.0587789565744436e-5	-0.6463725858887932	TRUE	874	28	1.5716845318082857
ENSG00000162039	chr16:2206584-2206885	613	63798	TRUE	1.3840368325032139e-5	-0.4599779113694865	TRUE	874	28	1.6831567653155828
ENSG00000103260	chr16:2206584-2206885	233	23458	TRUE	6.607100453743728e-5	-0.6018087176295994	TRUE	874	28	0.34295863412398303
ENSG00000007376	chr16:2206584-2206885	646	66888	TRUE	7.068668522664315e-5	-0.46599326838097044	TRUE	874	28	2.134722960092503
ENSG00000074071	chr16:2206584-2206885	837	87891	TRUE	7.876405812747272e-5	-0.4300606490032495	TRUE	874	28	8.00711480567101
ENSG00000103024	chr16:2206584-2206885	238	22920	TRUE	1.0166060665282861e-4	-0.46391046153781157	TRUE	874	28	0.3398231194724835
ENSG00000103253	chr16:2206584-2206885	236	26073	TRUE	9.044285023686524e-4	-0.5442219421974452	TRUE	874	28	0.4842859672698105
ENSG00000065054	chr16:2206584-2206885	455	46398	TRUE	0.004980040429452844	-0.37439669348165727	TRUE	874	28	0.8916736981364001
ENSG00000007520	chr16:2206584-2206885	805	83723	TRUE	2.0163501831970179e-22	-0.6049118696186191	TRUE	874	29	3.5910288863193642
ENSG00000086504	chr16:2206584-2206885	872	91943	TRUE	8.16959184031898e-22	-0.5862153307742846	TRUE	874	29	12.96360302926133
ENSG00000103275	chr16:2206584-2206885	857	89516	TRUE	6.70595507918284e-14	-0.5400776162541554	TRUE	874	29	8.007781493171661
ENSG00000103266	chr16:2206584-2206885	702	72240	TRUE	4.750889655670399e-13	-0.5874217034593281	TRUE	874	29	2.2476744064918694
ENSG00000103202	chr16:2206584-2206885	808	82656	TRUE	1.5070098041422902e-12	-0.5226652762214723	TRUE	874	29	3.9204245966019773
ENSG00000140990	chr16:2206584-2206885	872	92014	TRUE	1.2661829524911214e-11	-0.4560797958974119	TRUE	874	29	18.28205048074419
ENSG00000095906	chr16:2206584-2206885	672	67382	TRUE	1.3687501360077464e-11	-0.5844399164071163	TRUE	874	29	1.7336062585289123
ENSG00000127561	chr16:2206584-2206885	580	58201	TRUE	2.391897499804717e-11	-0.6208943418347201	TRUE	874	29	1.3043220100628146
ENSG00000167969	chr16:2206584-2206885	852	89451	TRUE	4.738197277650305e-11	-0.38220897643582985	TRUE	874	29	5.668093794597747
ENSG00000174109	chr16:2206584-2206885	669	70408	TRUE	1.079143485713807e-9	-0.5338498466940251	TRUE	874	29	2.0785232871860577
ENSG00000007376	chr16:2206584-2206885	646	66888	TRUE	2.200075989766589e-9	-0.6134108704137133	TRUE	874	29	2.134722960092503
ENSG00000162039	chr16:2206584-2206885	613	63798	TRUE	3.993064080206948e-9	-0.5519004008105256	TRUE	874	29	1.6831567653155828
ENSG00000086506	chr16:2206584-2206885	822	86844	TRUE	1.5049600462401424e-8	-0.3039669424210203	TRUE	874	29	10.380022292363304
ENSG00000140983	chr16:2206584-2206885	535	55617	TRUE	1.8833176123644573e-8	-0.5823447939819403	TRUE	874	29	1.1848495265477046
ENSG00000074071	chr16:2206584-2206885	837	87891	TRUE	1.3253400164364932e-7	-0.4770493808359433	TRUE	874	29	8.00711480567101
ENSG00000206053	chr16:2206584-2206885	477	46739	TRUE	1.3429758275538954e-7	-0.42593030865397596	TRUE	874	29	0.8066502078189943
ENSG00000065057	chr16:2206584-2206885	779	80453	TRUE	2.2470292499376845e-7	-0.4521270050072479	TRUE	874	29	3.6725939352271424
ENSG00000103254	chr16:2206584-2206885	443	45280	TRUE	2.590741715347575e-7	-0.7244649546395513	TRUE	874	29	1.5716845318082857
ENSG00000188536	chr16:2206584-2206885	874	92410	TRUE	1.0109218842212697e-6	-0.12095084027494707	TRUE	874	29	358.34205235580276
ENSG00000127554	chr16:2206584-2206885	411	42607	TRUE	3.92367290858028e-6	-0.5207530447264583	TRUE	874	29	0.7540131462441535
ENSG00000131653	chr16:2206584-2206885	516	55270	TRUE	6.537701761469846e-6	-0.43816945912899596	TRUE	874	29	1.124816400512516
ENSG00000065054	chr16:2206584-2206885	455	46398	TRUE	1.0497325805042604e-5	-0.4984733504749696	TRUE	874	29	0.8916736981364001
ENSG00000063854	chr16:2206584-2206885	468	48895	TRUE	2.070437143860803e-5	-0.33565609803676044	TRUE	874	29	1.0312509765930185
ENSG00000103260	chr16:2206584-2206885	233	23458	TRUE	6.932704934162048e-4	-0.5193465574376264	TRUE	874	29	0.34295863412398303
ENSG00000103024	chr16:2206584-2206885	238	22920	TRUE	9.977300236567732e-4	-0.42364659132408433	TRUE	874	29	0.3398231194724835
ENSG00000198736	chr16:2206584-2206885	597	60923	TRUE	0.005018024364499024	-0.2802602316117332	TRUE	874	29	1.5289644468056294
ENSG00000103253	chr16:2206584-2206885	236	26073	TRUE	0.032	-0.3798351242965625	TRUE	874	29	0.4842859672698105
ENSG00000140990	chr16:2206584-2206885	872	92014	TRUE	1.6388816047781297e-22	-0.6346586171019011	TRUE	874	30	18.28205048074419
ENSG00000174109	chr16:2206584-2206885	669	70408	TRUE	3.100127563653739e-14	-0.6298015700364781	TRUE	874	30	2.0785232871860577
ENSG00000086504	chr16:2206584-2206885	872	91943	TRUE	2.0358233337092154e-13	-0.4825766882079785	TRUE	874	30	12.96360302926133
ENSG00000095906	chr16:2206584-2206885	672	67382	TRUE	6.671531257005507e-13	-0.6102393858391719	TRUE	874	30	1.7336062585289123
ENSG00000103202	chr16:2206584-2206885	808	82656	TRUE	2.593490231709548e-12	-0.5186394154124159	TRUE	874	30	3.9204245966019773
ENSG00000086506	chr16:2206584-2206885	822	86844	TRUE	5.5425517475075e-12	-0.4248884853008401	TRUE	874	30	10.380022292363304
ENSG00000063854	chr16:2206584-2206885	468	48895	TRUE	2.4126439988360598e-11	-0.5288690543729829	TRUE	874	30	1.0312509765930185
ENSG00000167969	chr16:2206584-2206885	852	89451	TRUE	2.921018644994641e-10	-0.3725611965549205	TRUE	874	30	5.668093794597747
ENSG00000007520	chr16:2206584-2206885	805	83723	TRUE	1.050664680861229e-9	-0.43283928385725723	TRUE	874	30	3.5910288863193642
ENSG00000140983	chr16:2206584-2206885	535	55617	TRUE	1.3300127146945477e-9	-0.6244556305098037	TRUE	874	30	1.1848495265477046
ENSG00000103266	chr16:2206584-2206885	702	72240	TRUE	1.8022849620485797e-9	-0.5552335771691397	TRUE	874	30	2.2476744064918694
ENSG00000162039	chr16:2206584-2206885	613	63798	TRUE	2.7511317467192483e-8	-0.5330413735592099	TRUE	874	30	1.6831567653155828
ENSG00000074071	chr16:2206584-2206885	837	87891	TRUE	5.864944393043568e-8	-0.514373265754223	TRUE	874	30	8.00711480567101
ENSG00000007376	chr16:2206584-2206885	646	66888	TRUE	5.8728641997336393e-8	-0.5770245807697143	TRUE	874	30	2.134722960092503
ENSG00000127561	chr16:2206584-2206885	580	58201	TRUE	1.8254522049945094e-7	-0.5082801835820246	TRUE	874	30	1.3043220100628146
ENSG00000188536	chr16:2206584-2206885	874	92410	TRUE	2.3871070564283545e-7	-0.13616361750101724	TRUE	874	30	358.34205235580276
ENSG00000103275	chr16:2206584-2206885	857	89516	TRUE	7.954641652746248e-7	-0.42376754789496696	TRUE	874	30	8.007781493171661
ENSG00000127554	chr16:2206584-2206885	411	42607	TRUE	8.48936426100632e-7	-0.5058644188740777	TRUE	874	30	0.7540131462441535
ENSG00000131653	chr16:2206584-2206885	516	55270	TRUE	1.3040528796148847e-6	-0.4613457814950902	TRUE	874	30	1.124816400512516
ENSG00000065054	chr16:2206584-2206885	455	46398	TRUE	4.1365264378926975e-6	-0.5034653798187236	TRUE	874	30	0.8916736981364001
ENSG00000198736	chr16:2206584-2206885	597	60923	TRUE	6.991329279386338e-6	-0.4100865342121085	TRUE	874	30	1.5289644468056294
ENSG00000206053	chr16:2206584-2206885	477	46739	TRUE	5.452824136057332e-5	-0.3694474884682285	TRUE	874	30	0.8066502078189943
ENSG00000103254	chr16:2206584-2206885	443	45280	TRUE	6.0458684186197494e-5	-0.6544821915080341	TRUE	874	30	1.5716845318082857
ENSG00000103253	chr16:2206584-2206885	236	26073	TRUE	2.5125998155346024e-4	-0.5948480152674132	TRUE	874	30	0.4842859672698105
ENSG00000103260	chr16:2206584-2206885	233	23458	TRUE	3.380604648626946e-4	-0.5599885419349726	TRUE	874	30	0.34295863412398303
ENSG00000065057	chr16:2206584-2206885	779	80453	TRUE	4.857159267059926e-4	-0.34446345057293315	TRUE	874	30	3.6725939352271424
ENSG00000103024	chr16:2206584-2206885	238	22920	TRUE	0.0014783873622565107	-0.3844759940434068	TRUE	874	30	0.3398231194724835
ENSG00000103275	chr16:2206584-2206885	857	89516	TRUE	1.6274267512043566e-16	-0.607761934641704	TRUE	874	31	8.007781493171661
ENSG00000167969	chr16:2206584-2206885	852	89451	TRUE	2.8097344228141224e-15	-0.45688902388384545	TRUE	874	31	5.668093794597747
ENSG00000086504	chr16:2206584-2206885	872	91943	TRUE	6.14189320877844e-11	-0.43682003285873217	TRUE	874	31	12.96360302926133
ENSG00000140983	chr16:2206584-2206885	535	55617	TRUE	1.3110365822926962e-10	-0.6615555473610614	TRUE	874	31	1.1848495265477046
ENSG00000206053	chr16:2206584-2206885	477	46739	TRUE	1.5201213437469393e-10	-0.5689428118878731	TRUE	874	31	0.8066502078189943
ENSG00000103202	chr16:2206584-2206885	808	82656	TRUE	2.3226930616436814e-10	-0.4845852369760957	TRUE	874	31	3.9204245966019773
ENSG00000103266	chr16:2206584-2206885	702	72240	TRUE	4.119505022680595e-10	-0.5287800355507604	TRUE	874	31	2.2476744064918694
ENSG00000188536	chr16:2206584-2206885	874	92410	TRUE	1.4006359187702586e-9	-0.1781962029825106	TRUE	874	31	358.34205235580276
ENSG00000007520	chr16:2206584-2206885	805	83723	TRUE	1.7175935115098778e-9	-0.4298823345931948	TRUE	874	31	3.5910288863193642
ENSG00000065057	chr16:2206584-2206885	779	80453	TRUE	4.865717011121322e-9	-0.46264487692124723	TRUE	874	31	3.6725939352271424
ENSG00000095906	chr16:2206584-2206885	672	67382	TRUE	7.059895661569128e-9	-0.547241298452867	TRUE	874	31	1.7336062585289123
ENSG00000140990	chr16:2206584-2206885	872	92014	TRUE	1.652887434778336e-8	-0.4075517219906075	TRUE	874	31	18.28205048074419
ENSG00000074071	chr16:2206584-2206885	837	87891	TRUE	2.094395735184582e-8	-0.5140932123628965	TRUE	874	31	8.00711480567101
ENSG00000174109	chr16:2206584-2206885	669	70408	TRUE	3.186240855007047e-8	-0.5121710760363789	TRUE	874	31	2.0785232871860577
ENSG00000063854	chr16:2206584-2206885	468	48895	TRUE	3.505404086480288e-8	-0.43434037289616734	TRUE	874	31	1.0312509765930185
ENSG00000007376	chr16:2206584-2206885	646	66888	TRUE	4.204371455899489e-8	-0.5597077032031643	TRUE	874	31	2.134722960092503
ENSG00000086506	chr16:2206584-2206885	822	86844	TRUE	3.19784203617118e-7	-0.27792233413663237	TRUE	874	31	10.380022292363304
ENSG00000162039	chr16:2206584-2206885	613	63798	TRUE	7.541197678594103e-6	-0.4599779113694865	TRUE	874	31	1.6831567653155828
ENSG00000198736	chr16:2206584-2206885	597	60923	TRUE	8.590563034388234e-6	-0.433367358048017	TRUE	874	31	1.5289644468056294
ENSG00000131653	chr16:2206584-2206885	516	55270	TRUE	9.564099101175933e-6	-0.4115927462979906	TRUE	874	31	1.124816400512516
ENSG00000065054	chr16:2206584-2206885	455	46398	TRUE	5.9582449354229905e-5	-0.4885408152637097	TRUE	874	31	0.8916736981364001
ENSG00000103254	chr16:2206584-2206885	443	45280	TRUE	6.648821474647924e-5	-0.6642742768886846	TRUE	874	31	1.5716845318082857
ENSG00000127554	chr16:2206584-2206885	411	42607	TRUE	1.569599988095454e-4	-0.45350280331726295	TRUE	874	31	0.7540131462441535
ENSG00000103253	chr16:2206584-2206885	236	26073	TRUE	3.9096683167242664e-4	-0.5693129231602756	TRUE	874	31	0.4842859672698105
ENSG00000127561	chr16:2206584-2206885	580	58201	TRUE	0.005443242448260541	-0.3335865685534628	TRUE	874	31	1.3043220100628146
ENSG00000103024	chr16:2206584-2206885	238	22920	TRUE	0.006851021426382466	-0.34008187468495343	TRUE	874	31	0.3398231194724835
ENSG00000103260	chr16:2206584-2206885	233	23458	TRUE	0.024	-0.4350302715041512	TRUE	874	31	0.34295863412398303
ENSG00000167969	chr16:2206584-2206885	852	89451	TRUE	4.1709380321739045e-23	-0.5601783071795068	TRUE	874	32	5.668093794597747
ENSG00000140990	chr16:2206584-2206885	872	92014	TRUE	6.387258607807419e-21	-0.6030318846722622	TRUE	874	32	18.28205048074419
ENSG00000086504	chr16:2206584-2206885	872	91943	TRUE	8.813445958376758e-16	-0.5353724121671073	TRUE	874	32	12.96360302926133
ENSG00000103275	chr16:2206584-2206885	857	89516	TRUE	2.5284814159643004e-14	-0.5732312242062165	TRUE	874	32	8.007781493171661
ENSG00000103202	chr16:2206584-2206885	808	82656	TRUE	7.469521954191148e-14	-0.55292864574644085	TRUE	874	32	3.9204245966019773
ENSG00000131653	chr16:2206584-2206885	516	55270	TRUE	1.67098604970716e-10	-0.5810475847767514	TRUE	874	32	1.124816400512516
ENSG00000086506	chr16:2206584-2206885	822	86844	TRUE	5.970027269146981e-10	-0.3595627970027393	TRUE	874	32	10.380022292363304
ENSG00000007520	chr16:2206584-2206885	805	83723	TRUE	6.667732497611234e-10	-0.42693143350120843	TRUE	874	32	3.5910288863193642
ENSG00000198736	chr16:2206584-2206885	597	60923	TRUE	1.072380872812448e-9	-0.542301729601181	TRUE	874	32	1.5289644468056294
ENSG00000162039	chr16:2206584-2206885	613	63798	TRUE	3.0607246651269654e-9	-0.5641555527171678	TRUE	874	32	1.6831567653155828
ENSG00000065057	chr16:2206584-2206885	779	80453	TRUE	4.199747611922786e-9	-0.4732399921604462	TRUE	874	32	3.6725939352271424
ENSG00000127554	chr16:2206584-2206885	411	42607	TRUE	1.4573820945420315e-8	-0.6522826674317603	TRUE	874	32	0.7540131462441535
ENSG00000174109	chr16:2206584-2206885	669	70408	TRUE	1.2762158685604708e-7	-0.496123134804509	TRUE	874	32	2.0785232871860577
ENSG00000140983	chr16:2206584-2206885	535	55617	TRUE	3.06526911529755e-7	-0.5549386366412884	TRUE	874	32	1.1848495265477046
ENSG00000103254	chr16:2206584-2206885	443	45280	TRUE	1.764183234033434e-6	-0.7058054994079511	TRUE	874	32	1.5716845318082857
ENSG00000074071	chr16:2206584-2206885	837	87891	TRUE	3.552783317905232e-6	-0.4696990930044431	TRUE	874	32	8.00711480567101
ENSG00000103266	chr16:2206584-2206885	702	72240	TRUE	5.298692159926233e-6	-0.4464859139171149	TRUE	874	32	2.2476744064918694
ENSG00000065054	chr16:2206584-2206885	455	46398	TRUE	5.962689599005051e-6	-0.5236080461576245	TRUE	874	32	0.8916736981364001
ENSG00000007376	chr16:2206584-2206885	646	66888	TRUE	9.409460737991668e-6	-0.4996525797322018	TRUE	874	32	2.134722960092503
ENSG00000095906	chr16:2206584-2206885	672	67382	TRUE	1.4723547315458876e-4	-0.40973777470293193	TRUE	874	32	1.7336062585289123
ENSG00000188536	chr16:2206584-2206885	874	92410	TRUE	2.695566955011469e-4	-0.07733857113368714	TRUE	874	32	358.34205235580276
ENSG00000206053	chr16:2206584-2206885	477	46739	TRUE	2.905433881458981e-4	-0.31995052267912993	TRUE	874	32	0.8066502078189943
ENSG00000103253	chr16:2206584-2206885	236	26073	TRUE	0.001827235235040435	-0.5049625117502179	TRUE	874	32	0.4842859672698105
ENSG00000127561	chr16:2206584-2206885	580	58201	TRUE	0.00207249185895321	-0.36438165539631695	TRUE	874	32	1.3043220100628146
ENSG00000103024	chr16:2206584-2206885	238	22920	TRUE	0.002769091296337463	-0.3780497248839738	TRUE	874	32	0.3398231194724835
ENSG00000063854	chr16:2206584-2206885	468	48895	TRUE	0.00453474948905962	-0.2451572321076638	TRUE	874	32	1.0312509765930185
ENSG00000103260	chr16:2206584-2206885	233	23458	TRUE	0.028	-0.39771711303609525	TRUE	874	32	0.34295863412398303
ENSG00000007520	chr16:2206584-2206885	805	83723	TRUE	7.578017638512121e-20	-0.606914222529767	TRUE	874	33	3.5910288863193642
ENSG00000167969	chr16:2206584-2206885	852	89451	TRUE	4.55215588895005e-19	-0.5087832106106438	TRUE	874	33	5.668093794597747
ENSG00000140990	chr16:2206584-2206885	872	92014	TRUE	2.920012765967808e-15	-0.5285628004061933	TRUE	874	33	18.28205048074419
ENSG00000103202	chr16:2206584-2206885	808	82656	TRUE	4.405006411144036e-15	-0.5671133896681779	TRUE	874	33	3.9204245966019773
ENSG00000065057	chr16:2206584-2206885	779	80453	TRUE	2.068088757866865e-13	-0.5716367458357119	TRUE	874	33	3.6725939352271424
ENSG00000007376	chr16:2206584-2206885	646	66888	TRUE	5.338076773889352e-12	-0.6914133824149865	TRUE	874	33	2.134722960092503
ENSG00000086504	chr16:2206584-2206885	872	91943	TRUE	1.0025731880789927e-9	-0.42954796180873256	TRUE	874	33	12.96360302926133
ENSG00000103275	chr16:2206584-2206885	857	89516	TRUE	3.362370084550488e-8	-0.4465585754128494	TRUE	874	33	8.007781493171661
ENSG00000086506	chr16:2206584-2206885	822	86844	TRUE	3.619432361179201e-8	-0.26555519671030003	TRUE	874	33	10.380022292363304
ENSG00000206053	chr16:2206584-2206885	477	46739	TRUE	2.081063371168145e-7	-0.447030429420772	TRUE	874	33	0.8066502078189943
ENSG00000074071	chr16:2206584-2206885	837	87891	TRUE	4.234372363510672e-7	-0.4833404109847397	TRUE	874	33	8.00711480567101
ENSG00000065054	chr16:2206584-2206885	455	46398	TRUE	7.0160303861105e-7	-0.5543593711241745	TRUE	874	33	0.8916736981364001
ENSG00000174109	chr16:2206584-2206885	669	70408	TRUE	7.987974906915277e-7	-0.45935789339861377	TRUE	874	33	2.0785232871860577
ENSG00000162039	chr16:2206584-2206885	613	63798	TRUE	1.2391694786049437e-6	-0.4973521820329214	TRUE	874	33	1.6831567653155828
ENSG00000127561	chr16:2206584-2206885	580	58201	TRUE	1.2926038951724419e-6	-0.4844052527035576	TRUE	874	33	1.3043220100628146
ENSG00000095906	chr16:2206584-2206885	672	67382	TRUE	2.283825392667446e-5	-0.42411691407610325	TRUE	874	33	1.7336062585289123
ENSG00000188536	chr16:2206584-2206885	874	92410	TRUE	4.1483226109351005e-5	-0.05701233652097848	TRUE	874	33	358.34205235580276
ENSG00000127554	chr16:2206584-2206885	411	42607	TRUE	6.722542771628315e-5	-0.4852751493717425	TRUE	874	33	0.7540131462441535
ENSG00000103266	chr16:2206584-2206885	702	72240	TRUE	8.716704595664038e-5	-0.40056319497007586	TRUE	874	33	2.2476744064918694
ENSG00000103260	chr16:2206584-2206885	233	23458	TRUE	1.3051860474509562e-4	-0.6160225768493004	TRUE	874	33	0.34295863412398303
ENSG00000063854	chr16:2206584-2206885	468	48895	TRUE	1.3919565619981318e-4	-0.3159198799754984	TRUE	874	33	1.0312509765930185
ENSG00000198736	chr16:2206584-2206885	597	60923	TRUE	1.6431928052179808e-4	-0.37386634629935517	TRUE	874	33	1.5289644468056294
ENSG00000103024	chr16:2206584-2206885	238	22920	TRUE	3.041225294934599e-4	-0.4436380665115507	TRUE	874	33	0.3398231194724835
ENSG00000140983	chr16:2206584-2206885	535	55617	TRUE	6.104923691336599e-4	-0.4394614192213524	TRUE	874	33	1.1848495265477046
ENSG00000103254	chr16:2206584-2206885	443	45280	TRUE	8.04718216189014e-4	-0.6064945622140436	TRUE	874	33	1.5716845318082857
ENSG00000131653	chr16:2206584-2206885	516	55270	TRUE	8.741322932409104e-4	-0.3400394852729566	TRUE	874	33	1.124816400512516
ENSG00000103253	chr16:2206584-2206885	236	26073	TRUE	0.01995353736521585	-0.45734449151747847	TRUE	874	33	0.4842859672698105
ENSG00000167969	chr16:2206584-2206885	852	89451	TRUE	2.461670891394028e-19	-0.5064367285955824	TRUE	874	34	5.668093794597747
ENSG00000103266	chr16:2206584-2206885	702	72240	TRUE	5.2977392083528286e-14	-0.6551360220556736	TRUE	874	34	2.2476744064918694
ENSG00000086504	chr16:2206584-2206885	872	91943	TRUE	1.2307060670060618e-13	-0.49990505106501004	TRUE	874	34	12.96360302926133
ENSG00000103275	chr16:2206584-2206885	857	89516	TRUE	5.198590052636468e-12	-0.5409328845575687	TRUE	874	34	8.007781493171661
ENSG00000065054	chr16:2206584-2206885	455	46398	TRUE	9.180602690889617e-12	-0.7129968831269458	TRUE	874	34	0.8916736981364001
ENSG00000095906	chr16:2206584-2206885	672	67382	TRUE	1.7259496974008965e-11	-0.5750499573768719	TRUE	874	34	1.7336062585289123
ENSG00000127554	chr16:2206584-2206885	411	42607	TRUE	3.940449957485245e-7	-0.575661385828848	TRUE	874	34	0.7540131462441535
ENSG00000131653	chr16:2206584-2206885	516	55270	TRUE	1.2693392276424812e-6	-0.4477810539132874	TRUE	874	34	1.124816400512516
ENSG00000174109	chr16:2206584-2206885	669	70408	TRUE	1.20972503074219e-5	-0.4235063314969647	TRUE	874	34	2.0785232871860577
ENSG00000198736	chr16:2206584-2206885	597	60923	TRUE	1.9236922743493326e-5	-0.3911922224596379	TRUE	874	34	1.5289644468056294
ENSG00000074071	chr16:2206584-2206885	837	87891	TRUE	2.2297604613491766e-5	-0.4521560506046405	TRUE	874	34	8.00711480567101
ENSG00000065057	chr16:2206584-2206885	779	80453	TRUE	4.70847574370134e-5	-0.38390176169996826	TRUE	874	34	3.6725939352271424
ENSG00000162039	chr16:2206584-2206885	613	63798	TRUE	5.2058007713272954e-5	-0.4397646904799776	TRUE	874	34	1.6831567653155828
ENSG00000063854	chr16:2206584-2206885	468	48895	TRUE	1.9618190939980386e-4	-0.30615210372667734	TRUE	874	34	1.0312509765930185
ENSG00000103202	chr16:2206584-2206885	808	82656	TRUE	2.61176607635253e-4	-0.3426012902434916	TRUE	874	34	3.9204245966019773
ENSG00000086506	chr16:2206584-2206885	822	86844	TRUE	3.149290268926498e-4	-0.2569225964118469	TRUE	874	34	10.380022292363304
ENSG00000188536	chr16:2206584-2206885	874	92410	TRUE	4.144357715647959e-4	-0.013728004128115145	TRUE	874	34	358.34205235580276
ENSG00000127561	chr16:2206584-2206885	580	58201	TRUE	4.2071055318582823e-4	-0.403823560766467	TRUE	874	34	1.3043220100628146
ENSG00000007520	chr16:2206584-2206885	805	83723	TRUE	4.5492777834961473e-4	-0.3070617577229302	TRUE	874	34	3.5910288863193642
ENSG00000140983	chr16:2206584-2206885	535	55617	TRUE	9.329144848382338e-4	-0.4394614192213524	TRUE	874	34	1.1848495265477046
ENSG00000007376	chr16:2206584-2206885	646	66888	TRUE	0.001205156177830272	-0.43704857134025865	TRUE	874	34	2.134722960092503
ENSG00000140990	chr16:2206584-2206885	872	92014	TRUE	0.0015222177064745535	-0.3104925938805039	TRUE	874	34	18.28205048074419
ENSG00000103024	chr16:2206584-2206885	238	22920	TRUE	0.007330429593308402	-0.3338499209734389	TRUE	874	34	0.3398231194724835
ENSG00000103253	chr16:2206584-2206885	236	26073	TRUE	0.024	-0.42035028403527663	TRUE	874	34	0.4842859672698105
ENSG00000206053	chr16:2206584-2206885	477	46739	TRUE	0.052	-0.2189558619407783	TRUE	874	34	0.8066502078189943
ENSG00000103254	chr16:2206584-2206885	443	45280	TRUE	0.2	-0.4015128244264151	FALSE	874	34	1.5716845318082857
ENSG00000103260	chr16:2206584-2206885	233	23458	TRUE	0.528	-0.22438551015053343	FALSE	874	34	0.34295863412398303
ENSG00000140990	chr16:2206584-2206885	872	92014	TRUE	5.159135885300484e-26	-0.687980780804911	TRUE	874	35	18.28205048074419
ENSG00000167969	chr16:2206584-2206885	852	89451	TRUE	1.0826572584534775e-19	-0.5372427753767575	TRUE	874	35	5.668093794597747
ENSG00000103275	chr16:2206584-2206885	857	89516	TRUE	3.9437277221262116e-19	-0.664727842798178	TRUE	874	35	8.007781493171661
ENSG00000086504	chr16:2206584-2206885	872	91943	TRUE	3.0047128781152205e-18	-0.569067831157172	TRUE	874	35	12.96360302926133
ENSG00000007520	chr16:2206584-2206885	805	83723	TRUE	1.7655630800193733e-16	-0.5570253467374078	TRUE	874	35	3.5910288863193642
ENSG00000174109	chr16:2206584-2206885	669	70408	TRUE	1.4648833892591717e-15	-0.6688436707647762	TRUE	874	35	2.0785232871860577
ENSG00000140983	chr16:2206584-2206885	535	55617	TRUE	6.490084330319861e-14	-0.723410040942102	TRUE	874	35	1.1848495265477046
ENSG00000007376	chr16:2206584-2206885	646	66888	TRUE	1.998551093744183e-11	-0.6761714401312685	TRUE	874	35	2.134722960092503
ENSG00000103266	chr16:2206584-2206885	702	72240	TRUE	4.2697220151812344e-11	-0.5759177313408774	TRUE	874	35	2.2476744064918694
ENSG00000127561	chr16:2206584-2206885	580	58201	TRUE	2.267207038905116e-9	-0.5969256940083892	TRUE	874	35	1.3043220100628146
ENSG00000095906	chr16:2206584-2206885	672	67382	TRUE	2.509836831839904e-9	-0.5433120312735061	TRUE	874	35	1.7336062585289123
ENSG00000065054	chr16:2206584-2206885	455	46398	TRUE	6.033609257656276e-9	-0.6179011657050304	TRUE	874	35	0.8916736981364001
ENSG00000198736	chr16:2206584-2206885	597	60923	TRUE	1.4628581579816135e-8	-0.4968703003541749	TRUE	874	35	1.5289644468056294
ENSG00000103202	chr16:2206584-2206885	808	82656	TRUE	4.496845213246823e-8	-0.4382207329571184	TRUE	874	35	3.9204245966019773
ENSG00000103253	chr16:2206584-2206885	236	26073	TRUE	6.129322046050399e-8	-0.8353877833141203	TRUE	874	35	0.4842859672698105
ENSG00000206053	chr16:2206584-2206885	477	46739	TRUE	1.0946647634700601e-7	-0.449689775871262	TRUE	874	35	0.8066502078189943
ENSG00000131653	chr16:2206584-2206885	516	55270	TRUE	2.3202923249748597e-7	-0.49682367684980633	TRUE	874	35	1.124816400512516
ENSG00000074071	chr16:2206584-2206885	837	87891	TRUE	1.4738928475208427e-6	-0.46373753476572643	TRUE	874	35	8.00711480567101
ENSG00000065057	chr16:2206584-2206885	779	80453	TRUE	2.039240685179503e-6	-0.4233067289707464	TRUE	874	35	3.6725939352271424
ENSG00000127554	chr16:2206584-2206885	411	42607	TRUE	3.1666791296301126e-6	-0.5297605352202399	TRUE	874	35	0.7540131462441535
ENSG00000086506	chr16:2206584-2206885	822	86844	TRUE	8.650643995215465e-6	-0.27811641432000034	TRUE	874	35	10.380022292363304
ENSG00000103254	chr16:2206584-2206885	443	45280	TRUE	1.0907027333721762e-5	-0.6824008950730074	TRUE	874	35	1.5716845318082857
ENSG00000188536	chr16:2206584-2206885	874	92410	TRUE	5.072782108969578e-5	-0.11012123159616394	TRUE	874	35	358.34205235580276
ENSG00000063854	chr16:2206584-2206885	468	48895	TRUE	8.128163460307831e-5	-0.33764465113021425	TRUE	874	35	1.0312509765930185
ENSG00000103260	chr16:2206584-2206885	233	23458	TRUE	4.626988351834685e-4	-0.5531348708939099	TRUE	874	35	0.34295863412398303
ENSG00000162039	chr16:2206584-2206885	613	63798	TRUE	9.21226011776799e-4	-0.40138958691455817	TRUE	874	35	1.6831567653155828
ENSG00000103024	chr16:2206584-2206885	238	22920	TRUE	0.032	-0.2789415798710493	TRUE	874	35	0.3398231194724835
ENSG00000086504	chr16:2206584-2206885	872	91943	TRUE	1.348309825824463e-22	-0.5966749156360507	TRUE	874	36	12.96360302926133
ENSG00000065057	chr16:2206584-2206885	779	80453	TRUE	2.345653293238411e-13	-0.5552851884648666	TRUE	874	36	3.6725939352271424
ENSG00000167969	chr16:2206584-2206885	852	89451	TRUE	2.052557838198241e-10	-0.39698380187717097	TRUE	874	36	5.668093794597747
ENSG00000188536	chr16:2206584-2206885	874	92410	TRUE	7.745399468957236e-10	-0.21788562226270258	TRUE	874	36	358.34205235580276
ENSG00000103266	chr16:2206584-2206885	702	72240	TRUE	3.229876497526596e-9	-0.5287800355507604	TRUE	874	36	2.2476744064918694
ENSG00000131653	chr16:2206584-2206885	516	55270	TRUE	3.956927419978854e-9	-0.5331960665147681	TRUE	874	36	1.124816400512516
ENSG00000103275	chr16:2206584-2206885	857	89516	TRUE	6.614070372282493e-9	-0.4697154319463728	TRUE	874	36	8.007781493171661
ENSG00000140990	chr16:2206584-2206885	872	92014	TRUE	1.4360033903593564e-8	-0.4184278127848233	TRUE	874	36	18.28205048074419
ENSG00000127561	chr16:2206584-2206885	580	58201	TRUE	2.0266676388112307e-7	-0.5031307609554517	TRUE	874	36	1.3043220100628146
ENSG00000007520	chr16:2206584-2206885	805	83723	TRUE	3.5043541163023474e-7	-0.3663172058157287	TRUE	874	36	3.5910288863193642
ENSG00000140983	chr16:2206584-2206885	535	55617	TRUE	2.810943450621238e-6	-0.5128968658243629	TRUE	874	36	1.1848495265477046
ENSG00000074071	chr16:2206584-2206885	837	87891	TRUE	7.670581301894193e-6	-0.4631967944891975	TRUE	874	36	8.00711480567101
ENSG00000103202	chr16:2206584-2206885	808	82656	TRUE	7.709674409140353e-6	-0.38071826391578467	TRUE	874	36	3.9204245966019773
ENSG00000162039	chr16:2206584-2206885	613	63798	TRUE	1.289246743144297e-5	-0.4727565160907891	TRUE	874	36	1.6831567653155828
ENSG00000174109	chr16:2206584-2206885	669	70408	TRUE	1.6566916722766034e-5	-0.4204743968450364	TRUE	874	36	2.0785232871860577
ENSG00000198736	chr16:2206584-2206885	597	60923	TRUE	2.0779202412393445e-5	-0.40466286225708625	TRUE	874	36	1.5289644468056294
ENSG00000103260	chr16:2206584-2206885	233	23458	TRUE	2.7197246898336076e-5	-0.6303778698263702	TRUE	874	36	0.34295863412398303
ENSG00000103254	chr16:2206584-2206885	443	45280	TRUE	1.2102227824761433e-4	-0.6191360016149909	TRUE	874	36	1.5716845318082857
ENSG00000127554	chr16:2206584-2206885	411	42607	TRUE	2.608480114949579e-4	-0.45064880626210974	TRUE	874	36	0.7540131462441535
ENSG00000007376	chr16:2206584-2206885	646	66888	TRUE	2.713666055810769e-4	-0.4670017934418864	TRUE	874	36	2.134722960092503
ENSG00000095906	chr16:2206584-2206885	672	67382	TRUE	4.4710373752440344e-4	-0.38725990649222725	TRUE	874	36	1.7336062585289123
ENSG00000063854	chr16:2206584-2206885	468	48895	TRUE	5.257502462623354e-4	-0.2715257606170448	TRUE	874	36	1.0312509765930185
ENSG00000206053	chr16:2206584-2206885	477	46739	TRUE	6.183812521349218e-4	-0.31025169596032864	TRUE	874	36	0.8066502078189943
ENSG00000086506	chr16:2206584-2206885	822	86844	TRUE	0.0017170089324363529	-0.18092470227730262	TRUE	874	36	10.380022292363304
ENSG00000065054	chr16:2206584-2206885	455	46398	TRUE	0.0028342830272349573	-0.39049066960195783	TRUE	874	36	0.8916736981364001
ENSG00000103024	chr16:2206584-2206885	238	22920	TRUE	0.005364654609521097	-0.3526271280040669	TRUE	874	36	0.3398231194724835
ENSG00000103253	chr16:2206584-2206885	236	26073	TRUE	0.012848851560651325	-0.44800662693814197	TRUE	874	36	0.4842859672698105
ENSG00000103202	chr16:2206584-2206885	808	82656	TRUE	1.3186377377796137e-13	-0.5447181640039198	TRUE	874	37	3.9204245966019773
ENSG00000086506	chr16:2206584-2206885	822	86844	TRUE	1.6227742879653028e-12	-0.3773332556410436	TRUE	874	37	10.380022292363304
ENSG00000140990	chr16:2206584-2206885	872	92014	TRUE	1.6415976763178272e-12	-0.473349169671315	TRUE	874	37	18.28205048074419
ENSG00000065057	chr16:2206584-2206885	779	80453	TRUE	3.895721432844653e-12	-0.5484226261413778	TRUE	874	37	3.6725939352271424
ENSG00000174109	chr16:2206584-2206885	669	70408	TRUE	2.2363094785779068e-10	-0.5636426959483453	TRUE	874	37	2.0785232871860577
ENSG00000086504	chr16:2206584-2206885	872	91943	TRUE	2.2168176579667997e-9	-0.42777590581576685	TRUE	874	37	12.96360302926133
ENSG00000063854	chr16:2206584-2206885	468	48895	TRUE	1.180626727529207e-8	-0.4579388848479261	TRUE	874	37	1.0312509765930185
ENSG00000188536	chr16:2206584-2206885	874	92410	TRUE	1.5467461248223555e-8	-0.19626137572660163	TRUE	874	37	358.34205235580276
ENSG00000103275	chr16:2206584-2206885	857	89516	TRUE	1.7258659010819036e-8	-0.46348581822287294	TRUE	874	37	8.007781493171661
ENSG00000007376	chr16:2206584-2206885	646	66888	TRUE	1.9588936831798514e-8	-0.5781138183004204	TRUE	874	37	2.134722960092503
ENSG00000007520	chr16:2206584-2206885	805	83723	TRUE	3.4836354019087486e-8	-0.40064146655659605	TRUE	874	37	3.5910288863193642
ENSG00000131653	chr16:2206584-2206885	516	55270	TRUE	3.6034745686231676e-8	-0.4908497758051733	TRUE	874	37	1.124816400512516
ENSG00000162039	chr16:2206584-2206885	613	63798	TRUE	4.71423981371268e-8	-0.5357204737550911	TRUE	874	37	1.6831567653155828
ENSG00000167969	chr16:2206584-2206885	852	89451	TRUE	6.202511332903285e-8	-0.33738034963774943	TRUE	874	37	5.668093794597747
ENSG00000198736	chr16:2206584-2206885	597	60923	TRUE	4.6537407760792286e-7	-0.48108730311324743	TRUE	874	37	1.5289644468056294
ENSG00000074071	chr16:2206584-2206885	837	87891	TRUE	2.7064511320307367e-6	-0.47214503036492594	TRUE	874	37	8.00711480567101
ENSG00000140983	chr16:2206584-2206885	535	55617	TRUE	3.56967294092036e-6	-0.5128968658243629	TRUE	874	37	1.1848495265477046
ENSG00000103024	chr16:2206584-2206885	238	22920	TRUE	8.818976606875077e-6	-0.5771210719858029	TRUE	874	37	0.3398231194724835
ENSG00000103253	chr16:2206584-2206885	236	26073	TRUE	4.051554804474725e-5	-0.641981990858508	TRUE	874	37	0.4842859672698105
ENSG00000103266	chr16:2206584-2206885	702	72240	TRUE	9.795865197120097e-5	-0.42381047594921784	TRUE	874	37	2.2476744064918694
ENSG00000206053	chr16:2206584-2206885	477	46739	TRUE	2.5063688422370146e-4	-0.3370819628028857	TRUE	874	37	0.8066502078189943
ENSG00000127554	chr16:2206584-2206885	411	42607	TRUE	5.178576088353398e-4	-0.4280178317625419	TRUE	874	37	0.7540131462441535
ENSG00000103254	chr16:2206584-2206885	443	45280	TRUE	8.83640170856119e-4	-0.6159652420070474	TRUE	874	37	1.5716845318082857
ENSG00000095906	chr16:2206584-2206885	672	67382	TRUE	0.0019441889144036287	-0.36628335703521875	TRUE	874	37	1.7336062585289123
ENSG00000103260	chr16:2206584-2206885	233	23458	TRUE	0.01148055669842922	-0.44768557231018025	TRUE	874	37	0.34295863412398303
ENSG00000127561	chr16:2206584-2206885	580	58201	TRUE	0.011527558329246262	-0.3320639351235886	TRUE	874	37	1.3043220100628146
ENSG00000065054	chr16:2206584-2206885	455	46398	TRUE	0.01311735787854347	-0.35622076751721166	TRUE	874	37	0.8916736981364001
ENSG00000162039	chr16:2206584-2206885	613	63798	TRUE	9.125403629824586e-17	-0.7399040966020534	TRUE	874	38	1.6831567653155828
ENSG00000167969	chr16:2206584-2206885	852	89451	TRUE	4.1934771995324277e-13	-0.4418647272994991	TRUE	874	38	5.668093794597747
ENSG00000103266	chr16:2206584-2206885	702	72240	TRUE	2.1639534343976246e-9	-0.5450016545581835	TRUE	874	38	2.2476744064918694
ENSG00000127554	chr16:2206584-2206885	411	42607	TRUE	2.887589018883948e-9	-0.6457398215649883	TRUE	874	38	0.7540131462441535
ENSG00000095906	chr16:2206584-2206885	672	67382	TRUE	4.05891639518167e-9	-0.5251156363815741	TRUE	874	38	1.7336062585289123
ENSG00000140990	chr16:2206584-2206885	872	92014	TRUE	7.874837651640711e-9	-0.43560226114211176	TRUE	874	38	18.28205048074419
ENSG00000103275	chr16:2206584-2206885	857	89516	TRUE	1.0831529472571844e-8	-0.4825297781083253	TRUE	874	38	8.007781493171661
ENSG00000127561	chr16:2206584-2206885	580	58201	TRUE	2.53874967501378e-7	-0.513448051940965	TRUE	874	38	1.3043220100628146
ENSG00000131653	chr16:2206584-2206885	516	55270	TRUE	9.607414880321454e-7	-0.45745711326232785	TRUE	874	38	1.124816400512516
ENSG00000065057	chr16:2206584-2206885	779	80453	TRUE	2.771896481630078e-6	-0.42787945876057054	TRUE	874	38	3.6725939352271424
ENSG00000007520	chr16:2206584-2206885	805	83723	TRUE	3.076306912663004e-6	-0.3595492729618568	TRUE	874	38	3.5910288863193642
ENSG00000103202	chr16:2206584-2206885	808	82656	TRUE	3.1305393077057583e-6	-0.3885689727910897	TRUE	874	38	3.9204245966019773
ENSG00000063854	chr16:2206584-2206885	468	48895	TRUE	1.1342440544551916e-5	-0.3476287397028365	TRUE	874	38	1.0312509765930185
ENSG00000086504	chr16:2206584-2206885	872	91943	TRUE	1.5702587303608557e-5	-0.3518848475719816	TRUE	874	38	12.96360302926133
ENSG00000198736	chr16:2206584-2206885	597	60923	TRUE	1.768040500244874e-5	-0.40466286225708625	TRUE	874	38	1.5289644468056294
ENSG00000206053	chr16:2206584-2206885	477	46739	TRUE	2.362938897121792e-5	-0.3719674804467441	TRUE	874	38	0.8066502078189943
ENSG00000188536	chr16:2206584-2206885	874	92410	TRUE	3.136104943758655e-5	-0.07682654720104232	TRUE	874	38	358.34205235580276
ENSG00000074071	chr16:2206584-2206885	837	87891	TRUE	5.686238093835418e-5	-0.4396026682583094	TRUE	874	38	8.00711480567101
ENSG00000103254	chr16:2206584-2206885	443	45280	TRUE	1.7277786663784725e-4	-0.6415286136574793	TRUE	874	38	1.5716845318082857
ENSG00000174109	chr16:2206584-2206885	669	70408	TRUE	5.500859618935289e-4	-0.3659892213200494	TRUE	874	38	2.0785232871860577
ENSG00000103253	chr16:2206584-2206885	236	26073	TRUE	5.892635278931385e-4	-0.5743839127076975	TRUE	874	38	0.4842859672698105
ENSG00000103024	chr16:2206584-2206885	238	22920	TRUE	0.0016405818263591256	-0.37165195368582316	TRUE	874	38	0.3398231194724835
ENSG00000065054	chr16:2206584-2206885	455	46398	TRUE	0.0020772978777787	-0.41145028823760393	TRUE	874	38	0.8916736981364001
ENSG00000086506	chr16:2206584-2206885	822	86844	TRUE	0.0028254520838503702	-0.1709794066108521	TRUE	874	38	10.380022292363304
ENSG00000140983	chr16:2206584-2206885	535	55617	TRUE	0.005244968952813914	-0.3971299215150326	TRUE	874	38	1.1848495265477046
ENSG00000103260	chr16:2206584-2206885	233	23458	TRUE	0.032	-0.37336725162034656	TRUE	874	38	0.34295863412398303
ENSG00000007376	chr16:2206584-2206885	646	66888	TRUE	0.044	-0.3405464031297293	TRUE	874	38	2.134722960092503
ENSG00000103275	chr16:2206584-2206885	857	89516	TRUE	1.0139165510954625e-10	-0.5290050229678966	TRUE	874	39	8.007781493171661
ENSG00000167969	chr16:2206584-2206885	852	89451	TRUE	1.6616573660420904e-10	-0.40315460401250913	TRUE	874	39	5.668093794597747
ENSG00000206053	chr16:2206584-2206885	477	46739	TRUE	1.7346988840747552e-9	-0.5206115618018795	TRUE	874	39	0.8066502078189943
ENSG00000086504	chr16:2206584-2206885	872	91943	TRUE	5.419987980779704e-8	-0.39924147890228134	TRUE	874	39	12.96360302926133
ENSG00000007520	chr16:2206584-2206885	805	83723	TRUE	6.895667469393837e-8	-0.394287243892266	TRUE	874	39	3.5910288863193642
ENSG00000063854	chr16:2206584-2206885	468	48895	TRUE	7.109525511372634e-8	-0.4450191414221941	TRUE	874	39	1.0312509765930185
ENSG00000162039	chr16:2206584-2206885	613	63798	TRUE	3.7882504199327125e-7	-0.5223744485073536	TRUE	874	39	1.6831567653155828
ENSG00000074071	chr16:2206584-2206885	837	87891	TRUE	6.614463609463592e-7	-0.4973887219093789	TRUE	874	39	8.00711480567101
ENSG00000127561	chr16:2206584-2206885	580	58201	TRUE	2.343703835091691e-6	-0.45593559328575717	TRUE	874	39	1.3043220100628146
ENSG00000103202	chr16:2206584-2206885	808	82656	TRUE	4.434898756859129e-6	-0.39224730852481704	TRUE	874	39	3.9204245966019773
ENSG00000065057	chr16:2206584-2206885	779	80453	TRUE	4.673800910123555e-6	-0.3944914193586353	TRUE	874	39	3.6725939352271424
ENSG00000140990	chr16:2206584-2206885	872	92014	TRUE	7.911189570576887e-6	-0.3706800832218642	TRUE	874	39	18.28205048074419
ENSG00000095906	chr16:2206584-2206885	672	67382	TRUE	8.29582555183234e-6	-0.46070454798487165	TRUE	874	39	1.7336062585289123
ENSG00000127554	chr16:2206584-2206885	411	42607	TRUE	2.7507715394116958e-5	-0.5058644188740777	TRUE	874	39	0.7540131462441535
ENSG00000103266	chr16:2206584-2206885	702	72240	TRUE	2.864044555784531e-5	-0.42287335669516435	TRUE	874	39	2.2476744064918694
ENSG00000188536	chr16:2206584-2206885	874	92410	TRUE	5.775816406300427e-5	-0.07641609321704124	TRUE	874	39	358.34205235580276
ENSG00000174109	chr16:2206584-2206885	669	70408	TRUE	9.706640271895436e-5	-0.4054095710536818	TRUE	874	39	2.0785232871860577
ENSG00000086506	chr16:2206584-2206885	822	86844	TRUE	1.5566644510186037e-4	-0.2371671482550326	TRUE	874	39	10.380022292363304
ENSG00000103253	chr16:2206584-2206885	236	26073	TRUE	1.643182173104111e-4	-0.6156065754342106	TRUE	874	39	0.4842859672698105
ENSG00000131653	chr16:2206584-2206885	516	55270	TRUE	6.516649504775852e-4	-0.34901708139221393	TRUE	874	39	1.124816400512516
ENSG00000140983	chr16:2206584-2206885	535	55617	TRUE	7.19467902358193e-4	-0.4341015553193423	TRUE	874	39	1.1848495265477046
ENSG00000198736	chr16:2206584-2206885	597	60923	TRUE	0.0019366154736989508	-0.3269452989118628	TRUE	874	39	1.5289644468056294
ENSG00000007376	chr16:2206584-2206885	646	66888	TRUE	0.002103920340709402	-0.4106122930552195	TRUE	874	39	2.134722960092503
ENSG00000103254	chr16:2206584-2206885	443	45280	TRUE	0.002860583402463132	-0.561576112469703	TRUE	874	39	1.5716845318082857
ENSG00000065054	chr16:2206584-2206885	455	46398	TRUE	0.002943674570191769	-0.40209728924994154	TRUE	874	39	0.8916736981364001
ENSG00000103024	chr16:2206584-2206885	238	22920	TRUE	0.152	-0.22604663143892378	FALSE	874	39	0.3398231194724835
ENSG00000103260	chr16:2206584-2206885	233	23458	TRUE	0.404	-0.2574257719145412	FALSE	874	39	0.34295863412398303
ENSG00000007520	chr16:2206584-2206885	805	83723	TRUE	1.1592695122326457e-18	-0.5909726786607454	TRUE	874	40	3.5910288863193642
ENSG00000140990	chr16:2206584-2206885	872	92014	TRUE	8.96794391690301e-16	-0.5153361315353595	TRUE	874	40	18.28205048074419
ENSG00000074071	chr16:2206584-2206885	837	87891	TRUE	2.4642279778622327e-11	-0.5796880662426447	TRUE	874	40	8.00711480567101
ENSG00000131653	chr16:2206584-2206885	516	55270	TRUE	3.0576062629865514e-9	-0.5393482934963634	TRUE	874	40	1.124816400512516
ENSG00000174109	chr16:2206584-2206885	669	70408	TRUE	6.170591870339464e-9	-0.5154021972993919	TRUE	874	40	2.0785232871860577
ENSG00000103266	chr16:2206584-2206885	702	72240	TRUE	4.197992617145218e-8	-0.5037933520787319	TRUE	874	40	2.2476744064918694
ENSG00000167969	chr16:2206584-2206885	852	89451	TRUE	5.241286400808943e-8	-0.35873843841224584	TRUE	874	40	5.668093794597747
ENSG00000127554	chr16:2206584-2206885	411	42607	TRUE	1.5440303296993885e-7	-0.5601982684410434	TRUE	874	40	0.7540131462441535
ENSG00000086504	chr16:2206584-2206885	872	91943	TRUE	1.873039229834903e-7	-0.38213825401938184	TRUE	874	40	12.96360302926133
ENSG00000086506	chr16:2206584-2206885	822	86844	TRUE	1.4296520091815657e-6	-0.23962183578283236	TRUE	874	40	10.380022292363304
ENSG00000103253	chr16:2206584-2206885	236	26073	TRUE	2.6675883177305036e-6	-0.7185064830185015	TRUE	874	40	0.4842859672698105
ENSG00000007376	chr16:2206584-2206885	646	66888	TRUE	6.090473367704238e-6	-0.49655998467682005	TRUE	874	40	2.134722960092503
ENSG00000103202	chr16:2206584-2206885	808	82656	TRUE	7.28579460843612e-6	-0.39699041978083605	TRUE	874	40	3.9204245966019773
ENSG00000206053	chr16:2206584-2206885	477	46739	TRUE	2.7330123259828502e-5	-0.36693189054944575	TRUE	874	40	0.8066502078189943
ENSG00000188536	chr16:2206584-2206885	874	92410	TRUE	3.2357588163799134e-5	-0.06602952347499169	TRUE	874	40	358.34205235580276
ENSG00000103260	chr16:2206584-2206885	233	23458	TRUE	3.2866626763195916e-5	-0.6448774395214856	TRUE	874	40	0.34295863412398303
ENSG00000103275	chr16:2206584-2206885	857	89516	TRUE	1.2754574344045217e-4	-0.3708494618383571	TRUE	874	40	8.007781493171661
ENSG00000063854	chr16:2206584-2206885	468	48895	TRUE	2.0796564198775035e-4	-0.29451740324327413	TRUE	874	40	1.0312509765930185
ENSG00000065054	chr16:2206584-2206885	455	46398	TRUE	5.334386216083696e-4	-0.442273211704504	TRUE	874	40	0.8916736981364001
ENSG00000095906	chr16:2206584-2206885	672	67382	TRUE	0.0010824748618709877	-0.3744047015906512	TRUE	874	40	1.7336062585289123
ENSG00000127561	chr16:2206584-2206885	580	58201	TRUE	0.008211575859044896	-0.3229617280163364	TRUE	874	40	1.3043220100628146
ENSG00000103254	chr16:2206584-2206885	443	45280	TRUE	0.0112	-0.45858779903693214	TRUE	874	40	1.5716845318082857
ENSG00000162039	chr16:2206584-2206885	613	63798	TRUE	0.024	-0.3275722552592303	TRUE	874	40	1.6831567653155828
ENSG00000065057	chr16:2206584-2206885	779	80453	TRUE	0.036	-0.28621830953697946	TRUE	874	40	3.6725939352271424
ENSG00000140983	chr16:2206584-2206885	535	55617	TRUE	0.06	-0.3392099455858512	TRUE	874	40	1.1848495265477046
ENSG00000198736	chr16:2206584-2206885	597	60923	TRUE	0.06	-0.22544462426124068	TRUE	874	40	1.5289644468056294
ENSG00000103024	chr16:2206584-2206885	238	22920	TRUE	0.28	-0.17502262841445693	FALSE	874	40	0.3398231194724835
ENSG00000167969	chr16:2206584-2206885	852	89451	TRUE	1.3418260907931228e-20	-0.5638332719402932	TRUE	874	41	5.668093794597747
ENSG00000140990	chr16:2206584-2206885	872	92014	TRUE	4.794129886473322e-19	-0.5837580785874477	TRUE	874	41	18.28205048074419
ENSG00000103275	chr16:2206584-2206885	857	89516	TRUE	8.979179105004713e-18	-0.6248887873126359	TRUE	874	41	8.007781493171661
ENSG00000174109	chr16:2206584-2206885	669	70408	TRUE	1.3546689403341968e-14	-0.6485991654906041	TRUE	874	41	2.0785232871860577
ENSG00000065057	chr16:2206584-2206885	779	80453	TRUE	3.586634925029713e-14	-0.5590422089237599	TRUE	874	41	3.6725939352271424
ENSG00000140983	chr16:2206584-2206885	535	55617	TRUE	3.8200243734327107e-14	-0.7299627927412682	TRUE	874	41	1.1848495265477046
ENSG00000095906	chr16:2206584-2206885	672	67382	TRUE	5.814652336229197e-14	-0.6590072607891937	TRUE	874	41	1.7336062585289123
ENSG00000162039	chr16:2206584-2206885	613	63798	TRUE	4.333380449819459e-13	-0.6661352299711346	TRUE	874	41	1.6831567653155828
ENSG00000074071	chr16:2206584-2206885	837	87891	TRUE	7.014189545677057e-13	-0.609594154874987	TRUE	874	41	8.00711480567101
ENSG00000086504	chr16:2206584-2206885	872	91943	TRUE	4.313543425214885e-9	-0.4218312772686672	TRUE	874	41	12.96360302926133
ENSG00000103202	chr16:2206584-2206885	808	82656	TRUE	7.897139701868715e-9	-0.4606649331697392	TRUE	874	41	3.9204245966019773
ENSG00000065054	chr16:2206584-2206885	455	46398	TRUE	9.483285895314574e-9	-0.642469886926756	TRUE	874	41	0.8916736981364001
ENSG00000127561	chr16:2206584-2206885	580	58201	TRUE	6.622152288210544e-8	-0.5238396577875607	TRUE	874	41	1.3043220100628146
ENSG00000103266	chr16:2206584-2206885	702	72240	TRUE	7.381347210387397e-8	-0.49884752947392985	TRUE	874	41	2.2476744064918694
ENSG00000086506	chr16:2206584-2206885	822	86844	TRUE	1.5035586900925233e-7	-0.3158720715172665	TRUE	874	41	10.380022292363304
ENSG00000007520	chr16:2206584-2206885	805	83723	TRUE	1.6826460779182989e-7	-0.38394941672205807	TRUE	874	41	3.5910288863193642
ENSG00000103254	chr16:2206584-2206885	443	45280	TRUE	2.656056726362292e-7	-0.7713154528673493	TRUE	874	41	1.5716845318082857
ENSG00000063854	chr16:2206584-2206885	468	48895	TRUE	1.4721750967518514e-6	-0.3841546157279505	TRUE	874	41	1.0312509765930185
ENSG00000198736	chr16:2206584-2206885	597	60923	TRUE	2.3504119577620955e-6	-0.43198744876932066	TRUE	874	41	1.5289644468056294
ENSG00000127554	chr16:2206584-2206885	411	42607	TRUE	3.3599725890118563e-6	-0.55712543439142	TRUE	874	41	0.7540131462441535
ENSG00000131653	chr16:2206584-2206885	516	55270	TRUE	1.982531617692059e-5	-0.42102832630760206	TRUE	874	41	1.124816400512516
ENSG00000103024	chr16:2206584-2206885	238	22920	TRUE	3.39514979389886e-5	-0.5407792249220822	TRUE	874	41	0.3398231194724835
ENSG00000007376	chr16:2206584-2206885	646	66888	TRUE	4.819178841546177e-5	-0.4873217778214822	TRUE	874	41	2.134722960092503
ENSG00000103253	chr16:2206584-2206885	236	26073	TRUE	4.9071874409066345e-5	-0.658041841754607	TRUE	874	41	0.4842859672698105
ENSG00000188536	chr16:2206584-2206885	874	92410	TRUE	1.0260203501055026e-4	-0.06636511087980423	TRUE	874	41	358.34205235580276
ENSG00000206053	chr16:2206584-2206885	477	46739	TRUE	0.006728248349630803	-0.2603757893207589	TRUE	874	41	0.8066502078189943
ENSG00000103260	chr16:2206584-2206885	233	23458	TRUE	0.022613502237821992	-0.4224850181850377	TRUE	874	41	0.34295863412398303
ENSG00000086504	chr16:2206584-2206885	872	91943	TRUE	1.0712026469090399e-23	-0.6152553358615731	TRUE	874	42	12.96360302926133
ENSG00000140990	chr16:2206584-2206885	872	92014	TRUE	4.0087796533867287e-17	-0.5483787911709781	TRUE	874	42	18.28205048074419
ENSG00000007520	chr16:2206584-2206885	805	83723	TRUE	7.033535803035584e-15	-0.5454580194083769	TRUE	874	42	3.5910288863193642
ENSG00000086506	chr16:2206584-2206885	822	86844	TRUE	1.1412924697396411e-14	-0.46254980790432976	TRUE	874	42	10.380022292363304
ENSG00000167969	chr16:2206584-2206885	852	89451	TRUE	4.5043008589508955e-13	-0.4565115032639002	TRUE	874	42	5.668093794597747
ENSG00000074071	chr16:2206584-2206885	837	87891	TRUE	1.8816053808616775e-12	-0.6125891633014371	TRUE	874	42	8.00711480567101
ENSG00000127561	chr16:2206584-2206885	580	58201	TRUE	2.1365496164581578e-12	-0.6339673960600213	TRUE	874	42	1.3043220100628146
ENSG00000103266	chr16:2206584-2206885	702	72240	TRUE	4.1947131885267535e-12	-0.6000770042653569	TRUE	874	42	2.2476744064918694
ENSG00000103202	chr16:2206584-2206885	808	82656	TRUE	2.7600997039802342e-11	-0.5140521459167642	TRUE	874	42	3.9204245966019773
ENSG00000065057	chr16:2206584-2206885	779	80453	TRUE	6.487674840032253e-11	-0.5360282626161932	TRUE	874	42	3.6725939352271424
ENSG00000174109	chr16:2206584-2206885	669	70408	TRUE	1.37809592685331e-10	-0.5558593512230575	TRUE	874	42	2.0785232871860577
ENSG00000065054	chr16:2206584-2206885	455	46398	TRUE	3.8616140679447093e-10	-0.6618724181492714	TRUE	874	42	0.8916736981364001
ENSG00000095906	chr16:2206584-2206885	672	67382	TRUE	8.556212581381639e-10	-0.5643928818375797	TRUE	874	42	1.7336062585289123
ENSG00000162039	chr16:2206584-2206885	613	63798	TRUE	1.1599473159116958e-9	-0.5889826574984895	TRUE	874	42	1.6831567653155828
ENSG00000140983	chr16:2206584-2206885	535	55617	TRUE	1.7589857129547335e-9	-0.6143171837202202	TRUE	874	42	1.1848495265477046
ENSG00000007376	chr16:2206584-2206885	646	66888	TRUE	3.021792420278345e-9	-0.6280006762260013	TRUE	874	42	2.134722960092503
ENSG00000127554	chr16:2206584-2206885	411	42607	TRUE	5.984279968635395e-9	-0.6295113597731024	TRUE	874	42	0.7540131462441535
ENSG00000198736	chr16:2206584-2206885	597	60923	TRUE	8.283641263289013e-9	-0.5172107486383506	TRUE	874	42	1.5289644468056294
ENSG00000103275	chr16:2206584-2206885	857	89516	TRUE	2.8372582096746758e-8	-0.47488200155762206	TRUE	874	42	8.007781493171661
ENSG00000103254	chr16:2206584-2206885	443	45280	TRUE	1.3460311141887506e-7	-0.7244649546395513	TRUE	874	42	1.5716845318082857
ENSG00000206053	chr16:2206584-2206885	477	46739	TRUE	1.349103694885825e-6	-0.43908167630528117	TRUE	874	42	0.8066502078189943
ENSG00000188536	chr16:2206584-2206885	874	92410	TRUE	2.9005192734598596e-6	-0.1041976939833873	TRUE	874	42	358.34205235580276
ENSG00000063854	chr16:2206584-2206885	468	48895	TRUE	3.371492838362899e-6	-0.38005021739521394	TRUE	874	42	1.0312509765930185
ENSG00000131653	chr16:2206584-2206885	516	55270	TRUE	4.046685663652784e-5	-0.41347493187596707	TRUE	874	42	1.124816400512516
ENSG00000103024	chr16:2206584-2206885	238	22920	TRUE	4.0304022162656467e-4	-0.47758539843488834	TRUE	874	42	0.3398231194724835
ENSG00000103260	chr16:2206584-2206885	233	23458	TRUE	8.078725418968653e-4	-0.5599885419349726	TRUE	874	42	0.34295863412398303
ENSG00000103253	chr16:2206584-2206885	236	26073	TRUE	0.092	-0.41124807692802423	TRUE	874	42	0.4842859672698105
ENSG00000140990	chr16:2206584-2206885	872	92014	TRUE	1.9623921544716852e-16	-0.5334598943283422	TRUE	874	43	18.28205048074419
ENSG00000103275	chr16:2206584-2206885	857	89516	TRUE	5.8018807845347166e-15	-0.565668692562078	TRUE	874	43	8.007781493171661
ENSG00000074071	chr16:2206584-2206885	837	87891	TRUE	5.43729769457598e-11	-0.5518258597180044	TRUE	874	43	8.00711480567101
ENSG00000086504	chr16:2206584-2206885	872	91943	TRUE	1.2867712089617245e-10	-0.4387654585373486	TRUE	874	43	12.96360302926133
ENSG00000174109	chr16:2206584-2206885	669	70408	TRUE	2.45150384635651e-10	-0.5448126277190982	TRUE	874	43	2.0785232871860577
ENSG00000167969	chr16:2206584-2206885	852	89451	TRUE	7.189615989555379e-10	-0.37576995986162176	TRUE	874	43	5.668093794597747
ENSG00000007520	chr16:2206584-2206885	805	83723	TRUE	3.994198771089462e-9	-0.4046996831309495	TRUE	874	43	3.5910288863193642
ENSG00000103202	chr16:2206584-2206885	808	82656	TRUE	5.6319593391854405e-9	-0.4518646311381538	TRUE	874	43	3.9204245966019773
ENSG00000206053	chr16:2206584-2206885	477	46739	TRUE	1.055518646225152e-8	-0.5066992549466253	TRUE	874	43	0.8066502078189943
ENSG00000086506	chr16:2206584-2206885	822	86844	TRUE	1.6920429911468533e-8	-0.3383613013783755	TRUE	874	43	10.380022292363304
ENSG00000131653	chr16:2206584-2206885	516	55270	TRUE	4.807708389647841e-7	-0.46915470470585435	TRUE	874	43	1.124816400512516
ENSG00000095906	chr16:2206584-2206885	672	67382	TRUE	5.820620568356466e-7	-0.4944460305762071	TRUE	874	43	1.7336062585289123
ENSG00000007376	chr16:2206584-2206885	646	66888	TRUE	1.303069495991831e-6	-0.5256853149605374	TRUE	874	43	2.134722960092503
ENSG00000063854	chr16:2206584-2206885	468	48895	TRUE	1.5842660725721275e-6	-0.4006899834542502	TRUE	874	43	1.0312509765930185
ENSG00000103266	chr16:2206584-2206885	702	72240	TRUE	2.318109109083924e-6	-0.4589188947631564	TRUE	874	43	2.2476744064918694
ENSG00000198736	chr16:2206584-2206885	597	60923	TRUE	4.1283416233346e-6	-0.43751502273775383	TRUE	874	43	1.5289644468056294
ENSG00000162039	chr16:2206584-2206885	613	63798	TRUE	9.399542153901196e-6	-0.46252459347983294	TRUE	874	43	1.6831567653155828
ENSG00000127561	chr16:2206584-2206885	580	58201	TRUE	3.4827907113353315e-5	-0.4345375563733818	TRUE	874	43	1.3043220100628146
ENSG00000103253	chr16:2206584-2206885	236	26073	TRUE	6.106036535709868e-5	-0.6156065754342106	TRUE	874	43	0.4842859672698105
ENSG00000103254	chr16:2206584-2206885	443	45280	TRUE	6.519396653220568e-5	-0.6544821915080341	TRUE	874	43	1.5716845318082857
ENSG00000065057	chr16:2206584-2206885	779	80453	TRUE	1.0543580865679004e-4	-0.3406860535070715	TRUE	874	43	3.6725939352271424
ENSG00000127554	chr16:2206584-2206885	411	42607	TRUE	1.1736941460440548e-4	-0.4678580962943328	TRUE	874	43	0.7540131462441535
ENSG00000140983	chr16:2206584-2206885	535	55617	TRUE	5.378614834319253e-4	-0.4269859056742922	TRUE	874	43	1.1848495265477046
ENSG00000103024	chr16:2206584-2206885	238	22920	TRUE	0.001612915118737266	-0.4039283567095793	TRUE	874	43	0.3398231194724835
ENSG00000065054	chr16:2206584-2206885	455	46398	TRUE	0.00296835009604747	-0.3928045354402044	TRUE	874	43	0.8916736981364001
ENSG00000188536	chr16:2206584-2206885	874	92410	TRUE	0.0030780226682105144	0.032393618029809446	TRUE	874	43	358.34205235580276
ENSG00000103260	chr16:2206584-2206885	233	23458	TRUE	0.124	-0.32586682801641764	FALSE	874	43	0.34295863412398303
ENSG00000086504	chr16:2206584-2206885	872	91943	TRUE	7.85451625396412e-18	-0.5212180759278486	TRUE	874	44	12.96360302926133
ENSG00000065057	chr16:2206584-2206885	779	80453	TRUE	2.8439744211071485e-15	-0.6068495998058898	TRUE	874	44	3.6725939352271424
ENSG00000007520	chr16:2206584-2206885	805	83723	TRUE	1.1482154594419108e-14	-0.5025775627150313	TRUE	874	44	3.5910288863193642
ENSG00000074071	chr16:2206584-2206885	837	87891	TRUE	1.600756122205153e-13	-0.5958966377637851	TRUE	874	44	8.00711480567101
ENSG00000167969	chr16:2206584-2206885	852	89451	TRUE	2.498074306768206e-12	-0.4046104013518703	TRUE	874	44	5.668093794597747
ENSG00000140990	chr16:2206584-2206885	872	92014	TRUE	4.861846958148031e-12	-0.455245558107348	TRUE	874	44	18.28205048074419
ENSG00000174109	chr16:2206584-2206885	669	70408	TRUE	1.0944628331639521e-10	-0.550325416394422	TRUE	874	44	2.0785232871860577
ENSG00000127561	chr16:2206584-2206885	580	58201	TRUE	5.579296671136247e-10	-0.5841825634781991	TRUE	874	44	1.3043220100628146
ENSG00000086506	chr16:2206584-2206885	822	86844	TRUE	1.8331182013920277e-9	-0.33149708028614056	TRUE	874	44	10.380022292363304
ENSG00000103275	chr16:2206584-2206885	857	89516	TRUE	3.994143827582696e-8	-0.4486970898542797	TRUE	874	44	8.007781493171661
ENSG00000007376	chr16:2206584-2206885	646	66888	TRUE	5.916576949522461e-8	-0.565096932633586	TRUE	874	44	2.134722960092503
ENSG00000103202	chr16:2206584-2206885	808	82656	TRUE	7.392658200111249e-8	-0.43442345109342884	TRUE	874	44	3.9204245966019773
ENSG00000188536	chr16:2206584-2206885	874	92410	TRUE	1.7328067601057179e-6	-0.06890852313506635	TRUE	874	44	358.34205235580276
ENSG00000103266	chr16:2206584-2206885	702	72240	TRUE	1.8826698608412004e-6	-0.45699914059979074	TRUE	874	44	2.2476744064918694
ENSG00000206053	chr16:2206584-2206885	477	46739	TRUE	2.7233091237604374e-6	-0.402555800280167	TRUE	874	44	0.8066502078189943
ENSG00000131653	chr16:2206584-2206885	516	55270	TRUE	1.4782196186846792e-5	-0.4115927462979906	TRUE	874	44	1.124816400512516
ENSG00000198736	chr16:2206584-2206885	597	60923	TRUE	1.8461780738771808e-5	-0.3805055436623905	TRUE	874	44	1.5289644468056294
ENSG00000095906	chr16:2206584-2206885	672	67382	TRUE	2.0219328307365808e-5	-0.4205086711592546	TRUE	874	44	1.7336062585289123
ENSG00000140983	chr16:2206584-2206885	535	55617	TRUE	6.073215468510931e-5	-0.46292039204534136	TRUE	874	44	1.1848495265477046
ENSG00000103253	chr16:2206584-2206885	236	26073	TRUE	2.2414738852267677e-4	-0.5743839127076975	TRUE	874	44	0.4842859672698105
ENSG00000103254	chr16:2206584-2206885	443	45280	TRUE	4e-4	-0.5846351282503043	TRUE	874	44	1.5716845318082857
ENSG00000063854	chr16:2206584-2206885	468	48895	TRUE	7.750619253236229e-4	-0.2582812541075542	TRUE	874	44	1.0312509765930185
ENSG00000127554	chr16:2206584-2206885	411	42607	TRUE	0.0027488481608500814	-0.3810743301522664	TRUE	874	44	0.7540131462441535
ENSG00000162039	chr16:2206584-2206885	613	63798	TRUE	0.004905731715240627	-0.34861680242178233	TRUE	874	44	1.6831567653155828
ENSG00000103024	chr16:2206584-2206885	238	22920	TRUE	0.017217565948026634	-0.3214661965176062	TRUE	874	44	0.3398231194724835
ENSG00000065054	chr16:2206584-2206885	455	46398	TRUE	0.068	-0.29003048782274526	TRUE	874	44	0.8916736981364001
ENSG00000103260	chr16:2206584-2206885	233	23458	TRUE	0.092	-0.35537082232650063	TRUE	874	44	0.34295863412398303
ENSG00000086504	chr16:2206584-2206885	872	91943	TRUE	5.074153803724256e-23	-0.6439564982189516	TRUE	874	45	12.96360302926133
ENSG00000167969	chr16:2206584-2206885	852	89451	TRUE	2.2138127268119014e-17	-0.5052649172078434	TRUE	874	45	5.668093794597747
ENSG00000007520	chr16:2206584-2206885	805	83723	TRUE	2.993434206505807e-17	-0.557670703509918	TRUE	874	45	3.5910288863193642
ENSG00000103275	chr16:2206584-2206885	857	89516	TRUE	3.945984710551796e-17	-0.6236802468935743	TRUE	874	45	8.007781493171661
ENSG00000065057	chr16:2206584-2206885	779	80453	TRUE	6.124588053890219e-11	-0.5292564791356524	TRUE	874	45	3.6725939352271424
ENSG00000095906	chr16:2206584-2206885	672	67382	TRUE	6.940091028736286e-11	-0.585786342114633	TRUE	874	45	1.7336062585289123
ENSG00000140990	chr16:2206584-2206885	872	92014	TRUE	9.788887528887713e-11	-0.4654083713151649	TRUE	874	45	18.28205048074419
ENSG00000063854	chr16:2206584-2206885	468	48895	TRUE	1.482549093217689e-10	-0.5243322737762106	TRUE	874	45	1.0312509765930185
ENSG00000198736	chr16:2206584-2206885	597	60923	TRUE	2.6352872265986567e-9	-0.523075370701569	TRUE	874	45	1.5289644468056294
ENSG00000127561	chr16:2206584-2206885	580	58201	TRUE	3.4638646349469816e-9	-0.5661711554938804	TRUE	874	45	1.3043220100628146
ENSG00000103266	chr16:2206584-2206885	702	72240	TRUE	9.136327617613867e-9	-0.5217400318381304	TRUE	874	45	2.2476744064918694
ENSG00000188536	chr16:2206584-2206885	874	92410	TRUE	5.2167606904001546e-8	-0.17457914660094254	TRUE	874	45	358.34205235580276
ENSG00000074071	chr16:2206584-2206885	837	87891	TRUE	1.0950796157737741e-7	-0.4973887219093789	TRUE	874	45	8.00711480567101
ENSG00000007376	chr16:2206584-2206885	646	66888	TRUE	4.142212700498221e-7	-0.5607839397625035	TRUE	874	45	2.134722960092503
ENSG00000103202	chr16:2206584-2206885	808	82656	TRUE	1.3362752056239846e-6	-0.4139822397950761	TRUE	874	45	3.9204245966019773
ENSG00000206053	chr16:2206584-2206885	477	46739	TRUE	2.3838485087891443e-6	-0.4180966511759453	TRUE	874	45	0.8066502078189943
ENSG00000140983	chr16:2206584-2206885	535	55617	TRUE	3.006088150955019e-6	-0.5337646135368785	TRUE	874	45	1.1848495265477046
ENSG00000174109	chr16:2206584-2206885	669	70408	TRUE	4.009025803357628e-6	-0.4397851506546968	TRUE	874	45	2.0785232871860577
ENSG00000103254	chr16:2206584-2206885	443	45280	TRUE	4.4933979450089215e-6	-0.6790881610321717	TRUE	874	45	1.5716845318082857
ENSG00000131653	chr16:2206584-2206885	516	55270	TRUE	4.6352973454665935e-6	-0.43816945912899596	TRUE	874	45	1.124816400512516
ENSG00000065054	chr16:2206584-2206885	455	46398	TRUE	8.34993189069833e-6	-0.5261457689595241	TRUE	874	45	0.8916736981364001
ENSG00000103024	chr16:2206584-2206885	238	22920	TRUE	1.687671812959429e-4	-0.47758539843488834	TRUE	874	45	0.3398231194724835
ENSG00000162039	chr16:2206584-2206885	613	63798	TRUE	3.2729835857472564e-4	-0.4198307631112188	TRUE	874	45	1.6831567653155828
ENSG00000103260	chr16:2206584-2206885	233	23458	TRUE	5.310245072789512e-4	-0.5599885419349726	TRUE	874	45	0.34295863412398303
ENSG00000086506	chr16:2206584-2206885	822	86844	TRUE	9.85341779541113e-4	-0.15609966136381503	TRUE	874	45	10.380022292363304
ENSG00000127554	chr16:2206584-2206885	411	42607	TRUE	0.009324442841820386	-0.3621800183997958	TRUE	874	45	0.7540131462441535
ENSG00000103253	chr16:2206584-2206885	236	26073	TRUE	0.048	-0.43411218527976114	TRUE	874	45	0.4842859672698105
ENSG00000167969	chr16:2206584-2206885	852	89451	TRUE	3.75868762507757e-21	-0.5304723514411496	TRUE	874	46	5.668093794597747
ENSG00000086504	chr16:2206584-2206885	872	91943	TRUE	5.212406270310869e-15	-0.5034637062855687	TRUE	874	46	12.96360302926133
ENSG00000140990	chr16:2206584-2206885	872	92014	TRUE	1.931609146228735e-14	-0.5139704719996434	TRUE	874	46	18.28205048074419
ENSG00000065057	chr16:2206584-2206885	779	80453	TRUE	7.958658447800407e-13	-0.5565364418311489	TRUE	874	46	3.6725939352271424
ENSG00000086506	chr16:2206584-2206885	822	86844	TRUE	2.8990441341934504e-11	-0.4374055888572981	TRUE	874	46	10.380022292363304
ENSG00000007520	chr16:2206584-2206885	805	83723	TRUE	5.56714427442489e-11	-0.45370938387496373	TRUE	874	46	3.5910288863193642
ENSG00000131653	chr16:2206584-2206885	516	55270	TRUE	1.2834030664322697e-10	-0.5852845776632222	TRUE	874	46	1.124816400512516
ENSG00000074071	chr16:2206584-2206885	837	87891	TRUE	2.7293106556032997e-10	-0.546661074819327	TRUE	874	46	8.00711480567101
ENSG00000140983	chr16:2206584-2206885	535	55617	TRUE	3.293255164592187e-10	-0.6490826018808966	TRUE	874	46	1.1848495265477046
ENSG00000188536	chr16:2206584-2206885	874	92410	TRUE	1.1212593253233458e-9	-0.1765392003881061	TRUE	874	46	358.34205235580276
ENSG00000103202	chr16:2206584-2206885	808	82656	TRUE	1.1551947830699071e-8	-0.42847641421069027	TRUE	874	46	3.9204245966019773
ENSG00000103275	chr16:2206584-2206885	857	89516	TRUE	2.5504716853940254e-8	-0.4637561123765237	TRUE	874	46	8.007781493171661
ENSG00000063854	chr16:2206584-2206885	468	48895	TRUE	2.9910111936805165e-8	-0.4579388848479261	TRUE	874	46	1.0312509765930185
ENSG00000162039	chr16:2206584-2206885	613	63798	TRUE	2.444021072519481e-7	-0.50258408274734645	TRUE	874	46	1.6831567653155828
ENSG00000065054	chr16:2206584-2206885	455	46398	TRUE	1.350719715707786e-6	-0.5363415360654127	TRUE	874	46	0.8916736981364001
ENSG00000103024	chr16:2206584-2206885	238	22920	TRUE	1.4752610382949381e-6	-0.6372420644233736	TRUE	874	46	0.3398231194724835
ENSG00000103266	chr16:2206584-2206885	702	72240	TRUE	2.2379227729973222e-6	-0.45699914059979074	TRUE	874	46	2.2476744064918694
ENSG00000174109	chr16:2206584-2206885	669	70408	TRUE	1.7079379246895312e-5	-0.4174488206765963	TRUE	874	46	2.0785232871860577
ENSG00000007376	chr16:2206584-2206885	646	66888	TRUE	4.9428999327146006e-5	-0.4710429586637501	TRUE	874	46	2.134722960092503
ENSG00000198736	chr16:2206584-2206885	597	60923	TRUE	7.367443253626649e-5	-0.38851312226375667	TRUE	874	46	1.5289644468056294
ENSG00000103254	chr16:2206584-2206885	443	45280	TRUE	8.237461803706995e-5	-0.620723998518183	TRUE	874	46	1.5716845318082857
ENSG00000206053	chr16:2206584-2206885	477	46739	TRUE	6.041316069778074e-4	-0.30783714302702847	TRUE	874	46	0.8066502078189943
ENSG00000127561	chr16:2206584-2206885	580	58201	TRUE	0.0010750285911342887	-0.38791716985710617	TRUE	874	46	1.3043220100628146
ENSG00000103253	chr16:2206584-2206885	236	26073	TRUE	0.003866491450687237	-0.4714655997621311	TRUE	874	46	0.4842859672698105
ENSG00000095906	chr16:2206584-2206885	672	67382	TRUE	0.0043387775914169036	-0.34219007672548163	TRUE	874	46	1.7336062585289123
ENSG00000103260	chr16:2206584-2206885	233	23458	TRUE	0.007028833257716145	-0.44768557231018025	TRUE	874	46	0.34295863412398303
ENSG00000127554	chr16:2206584-2206885	411	42607	TRUE	0.068	-0.3043593640114534	TRUE	874	46	0.7540131462441535
ENSG00000167969	chr16:2206584-2206885	852	89451	TRUE	6.923513843972346e-22	-0.5213626476138682	TRUE	874	47	5.668093794597747
ENSG00000140990	chr16:2206584-2206885	872	92014	TRUE	2.4239521016964634e-19	-0.5794664689550753	TRUE	874	47	18.28205048074419
ENSG00000007520	chr16:2206584-2206885	805	83723	TRUE	1.605863742669703e-18	-0.5903122551926372	TRUE	874	47	3.5910288863193642
ENSG00000103275	chr16:2206584-2206885	857	89516	TRUE	1.6153855473924136e-18	-0.6248887873126359	TRUE	874	47	8.007781493171661
ENSG00000103202	chr16:2206584-2206885	808	82656	TRUE	4.328742593708662e-15	-0.5635541073343384	TRUE	874	47	3.9204245966019773
ENSG00000103266	chr16:2206584-2206885	702	72240	TRUE	3.6090628398281935e-13	-0.6085759687024314	TRUE	874	47	2.2476744064918694
ENSG00000095906	chr16:2206584-2206885	672	67382	TRUE	5.778248957801868e-12	-0.6102393858391719	TRUE	874	47	1.7336062585289123
ENSG00000188536	chr16:2206584-2206885	874	92410	TRUE	5.937486391560513e-12	-0.25425624427546545	TRUE	874	47	358.34205235580276
ENSG00000074071	chr16:2206584-2206885	837	87891	TRUE	7.048439112940993e-12	-0.6086968634347083	TRUE	874	47	8.00711480567101
ENSG00000174109	chr16:2206584-2206885	669	70408	TRUE	6.444974699122718e-10	-0.5164808478475	TRUE	874	47	2.0785232871860577
ENSG00000065054	chr16:2206584-2206885	455	46398	TRUE	2.0265786309691996e-8	-0.6098036980064337	TRUE	874	47	0.8916736981364001
ENSG00000065057	chr16:2206584-2206885	779	80453	TRUE	3.393392553595071e-8	-0.48034687865470627	TRUE	874	47	3.6725939352271424
ENSG00000086504	chr16:2206584-2206885	872	91943	TRUE	1.1631233438392542e-7	-0.3835427925442936	TRUE	874	47	12.96360302926133
ENSG00000140983	chr16:2206584-2206885	535	55617	TRUE	3.0784904190784754e-7	-0.5491330149600828	TRUE	874	47	1.1848495265477046
ENSG00000063854	chr16:2206584-2206885	468	48895	TRUE	3.3232338918459496e-7	-0.40485360839578655	TRUE	874	47	1.0312509765930185
ENSG00000086506	chr16:2206584-2206885	822	86844	TRUE	8.094285580103125e-7	-0.250053515656802	TRUE	874	47	10.380022292363304
ENSG00000103024	chr16:2206584-2206885	238	22920	TRUE	1.4414913176352597e-6	-0.591918073913883	TRUE	874	47	0.3398231194724835
ENSG00000131653	chr16:2206584-2206885	516	55270	TRUE	1.6697539991492906e-6	-0.45551670269289257	TRUE	874	47	1.124816400512516
ENSG00000206053	chr16:2206584-2206885	477	46739	TRUE	4.932121713507165e-6	-0.4128977445016263	TRUE	874	47	0.8066502078189943
ENSG00000162039	chr16:2206584-2206885	613	63798	TRUE	7.25114299018327e-6	-0.47532587570292245	TRUE	874	47	1.6831567653155828
ENSG00000103260	chr16:2206584-2206885	233	23458	TRUE	8.020622554474627e-6	-0.6669037458514846	TRUE	874	47	0.34295863412398303
ENSG00000198736	chr16:2206584-2206885	597	60923	TRUE	6.270322549526081e-5	-0.4100865342121085	TRUE	874	47	1.5289644468056294
ENSG00000127561	chr16:2206584-2206885	580	58201	TRUE	1.7477878771119532e-4	-0.42476757519207803	TRUE	874	47	1.3043220100628146
ENSG00000007376	chr16:2206584-2206885	646	66888	TRUE	4.3029226960039635e-4	-0.4311318369738263	TRUE	874	47	2.134722960092503
ENSG00000103254	chr16:2206584-2206885	443	45280	TRUE	5.634521629802915e-4	-0.5924041025488617	TRUE	874	47	1.5716845318082857
ENSG00000103253	chr16:2206584-2206885	236	26073	TRUE	0.0011553855774496594	-0.5492053497117009	TRUE	874	47	0.4842859672698105
ENSG00000127554	chr16:2206584-2206885	411	42607	TRUE	0.0013522834893649298	-0.4140516525985391	TRUE	874	47	0.7540131462441535
ENSG00000086504	chr16:2206584-2206885	872	91943	TRUE	2.5176636900436407e-16	-0.4907943282121572	TRUE	874	48	12.96360302926133
ENSG00000074071	chr16:2206584-2206885	837	87891	TRUE	8.758616342047616e-16	-0.6398277642488708	TRUE	874	48	8.00711480567101
ENSG00000065057	chr16:2206584-2206885	779	80453	TRUE	8.753019597656669e-14	-0.5640668375670561	TRUE	874	48	3.6725939352271424
ENSG00000103275	chr16:2206584-2206885	857	89516	TRUE	5.127509302610472e-13	-0.5329700295022106	TRUE	874	48	8.007781493171661
ENSG00000103202	chr16:2206584-2206885	808	82656	TRUE	1.0780205466828706e-12	-0.5232413173714245	TRUE	874	48	3.9204245966019773
ENSG00000167969	chr16:2206584-2206885	852	89451	TRUE	1.2788490028319778e-12	-0.4144756458465082	TRUE	874	48	5.668093794597747
ENSG00000174109	chr16:2206584-2206885	669	70408	TRUE	2.5060163630150158e-11	-0.5669913126336621	TRUE	874	48	2.0785232871860577
ENSG00000007520	chr16:2206584-2206885	805	83723	TRUE	6.222610235735731e-11	-0.4459223458574624	TRUE	874	48	3.5910288863193642
ENSG00000063854	chr16:2206584-2206885	468	48895	TRUE	2.2033221614594484e-10	-0.48192983141442747	TRUE	874	48	1.0312509765930185
ENSG00000131653	chr16:2206584-2206885	516	55270	TRUE	3.967160705907699e-9	-0.5291091089915252	TRUE	874	48	1.124816400512516
ENSG00000086506	chr16:2206584-2206885	822	86844	TRUE	7.321161313223379e-9	-0.3434294406482845	TRUE	874	48	10.380022292363304
ENSG00000103266	chr16:2206584-2206885	702	72240	TRUE	1.1326308475037607e-8	-0.5177325430366058	TRUE	874	48	2.2476744064918694
ENSG00000007376	chr16:2206584-2206885	646	66888	TRUE	3.863431220681992e-8	-0.568340160018665	TRUE	874	48	2.134722960092503
ENSG00000162039	chr16:2206584-2206885	613	63798	TRUE	5.6566832387817826e-8	-0.5290320285770649	TRUE	874	48	1.6831567653155828
ENSG00000198736	chr16:2206584-2206885	597	60923	TRUE	1.1126213580417866e-7	-0.4598395694092079	TRUE	874	48	1.5289644468056294
ENSG00000188536	chr16:2206584-2206885	874	92410	TRUE	1.0333724555408683e-5	-0.07710185823921378	TRUE	874	48	358.34205235580276
ENSG00000095906	chr16:2206584-2206885	672	67382	TRUE	1.2307765822879114e-5	-0.46317703366439233	TRUE	874	48	1.7336062585289123
ENSG00000127554	chr16:2206584-2206885	411	42607	TRUE	3.127985371430015e-5	-0.4707463756191595	TRUE	874	48	0.7540131462441535
ENSG00000103254	chr16:2206584-2206885	443	45280	TRUE	3.5710139158155046e-5	-0.6143824716443564	TRUE	874	48	1.5716845318082857
ENSG00000127561	chr16:2206584-2206885	580	58201	TRUE	7.478172899031722e-5	-0.42801688972078394	TRUE	874	48	1.3043220100628146
ENSG00000206053	chr16:2206584-2206885	477	46739	TRUE	1.1066436925144616e-4	-0.3469634743168498	TRUE	874	48	0.8066502078189943
ENSG00000103260	chr16:2206584-2206885	233	23458	TRUE	1.646384602610549e-4	-0.5599885419349726	TRUE	874	48	0.34295863412398303
ENSG00000140990	chr16:2206584-2206885	872	92014	TRUE	2.5223903130872083e-4	-0.30887697344861564	TRUE	874	48	18.28205048074419
ENSG00000103253	chr16:2206584-2206885	236	26073	TRUE	0.0011937623166040565	-0.5392556893040958	TRUE	874	48	0.4842859672698105
ENSG00000140983	chr16:2206584-2206885	535	55617	TRUE	0.0025262515482886647	-0.4023539285780451	TRUE	874	48	1.1848495265477046
ENSG00000065054	chr16:2206584-2206885	455	46398	TRUE	0.044	-0.3117582334561545	TRUE	874	48	0.8916736981364001
ENSG00000103024	chr16:2206584-2206885	238	22920	TRUE	0.152	-0.19747747924215298	FALSE	874	48	0.3398231194724835
ENSG00000140990	chr16:2206584-2206885	872	92014	TRUE	1.4559752029997096e-22	-0.6038240664662431	TRUE	874	49	18.28205048074419
ENSG00000174109	chr16:2206584-2206885	669	70408	TRUE	4.58649761736651e-19	-0.7413932611624633	TRUE	874	49	2.0785232871860577
ENSG00000086504	chr16:2206584-2206885	872	91943	TRUE	2.6186020172926184e-16	-0.5034637062855687	TRUE	874	49	12.96360302926133
ENSG00000007520	chr16:2206584-2206885	805	83723	TRUE	1.2410283561304499e-14	-0.5019563807717902	TRUE	874	49	3.5910288863193642
ENSG00000103266	chr16:2206584-2206885	702	72240	TRUE	2.5394597366176145e-11	-0.5521563736401309	TRUE	874	49	2.2476744064918694
ENSG00000065057	chr16:2206584-2206885	779	80453	TRUE	3.866782302620805e-10	-0.49706704144221514	TRUE	874	49	3.6725939352271424
ENSG00000074071	chr16:2206584-2206885	837	87891	TRUE	6.035932189481198e-10	-0.5343973088179852	TRUE	874	49	8.00711480567101
ENSG00000127561	chr16:2206584-2206885	580	58201	TRUE	1.399817426398474e-9	-0.576950994247123	TRUE	874	49	1.3043220100628146
ENSG00000086506	chr16:2206584-2206885	822	86844	TRUE	9.862382868769317e-9	-0.3385636854764682	TRUE	874	49	10.380022292363304
ENSG00000103275	chr16:2206584-2206885	857	89516	TRUE	1.0831476233217187e-7	-0.44255738478984297	TRUE	874	49	8.007781493171661
ENSG00000167969	chr16:2206584-2206885	852	89451	TRUE	2.1846772547018823e-7	-0.3245778393105483	TRUE	874	49	5.668093794597747
ENSG00000007376	chr16:2206584-2206885	646	66888	TRUE	3.071302995522984e-7	-0.5341159893004235	TRUE	874	49	2.134722960092503
ENSG00000188536	chr16:2206584-2206885	874	92410	TRUE	5.322182123790754e-7	-0.1355397428384819	TRUE	874	49	358.34205235580276
ENSG00000131653	chr16:2206584-2206885	516	55270	TRUE	2.160712042825817e-6	-0.4420064162866523	TRUE	874	49	1.124816400512516
ENSG00000127554	chr16:2206584-2206885	411	42607	TRUE	3.4394052694958514e-6	-0.5388246176484763	TRUE	874	49	0.7540131462441535
ENSG00000065054	chr16:2206584-2206885	455	46398	TRUE	1.1363790623687307e-5	-0.5236080461576245	TRUE	874	49	0.8916736981364001
ENSG00000103202	chr16:2206584-2206885	808	82656	TRUE	1.5573317650907593e-5	-0.3697985520766489	TRUE	874	49	3.9204245966019773
ENSG00000140983	chr16:2206584-2206885	535	55617	TRUE	3.1502986885561645e-5	-0.4904711027631279	TRUE	874	49	1.1848495265477046
ENSG00000198736	chr16:2206584-2206885	597	60923	TRUE	5.84453618212577e-5	-0.3751917437659227	TRUE	874	49	1.5289644468056294
ENSG00000063854	chr16:2206584-2206885	468	48895	TRUE	6.584838013533399e-5	-0.3139610269374415	TRUE	874	49	1.0312509765930185
ENSG00000162039	chr16:2206584-2206885	613	63798	TRUE	7.886046583817623e-5	-0.4185939906043671	TRUE	874	49	1.6831567653155828
ENSG00000206053	chr16:2206584-2206885	477	46739	TRUE	2.3495432660306306e-4	-0.32726767297592985	TRUE	874	49	0.8066502078189943
ENSG00000103260	chr16:2206584-2206885	233	23458	TRUE	0.009728953478483474	-0.4413440454363535	TRUE	874	49	0.34295863412398303
ENSG00000103253	chr16:2206584-2206885	236	26073	TRUE	0.011951928141725493	-0.4667431895197278	TRUE	874	49	0.4842859672698105
ENSG00000095906	chr16:2206584-2206885	672	67382	TRUE	0.021540332301758072	-0.31290720487238133	TRUE	874	49	1.7336062585289123
ENSG00000103024	chr16:2206584-2206885	238	22920	TRUE	0.04	-0.2970131527930673	TRUE	874	49	0.3398231194724835
ENSG00000103254	chr16:2206584-2206885	443	45280	TRUE	0.172	-0.386576554121544	FALSE	874	49	1.5716845318082857
ENSG00000086504	chr16:2206584-2206885	872	91943	TRUE	2.3066328815476114e-20	-0.5701335995195205	TRUE	874	50	12.96360302926133
ENSG00000065057	chr16:2206584-2206885	779	80453	TRUE	3.965036618316258e-14	-0.5875361247490558	TRUE	874	50	3.6725939352271424
ENSG00000103275	chr16:2206584-2206885	857	89516	TRUE	1.5294834538913052e-10	-0.49380196440494695	TRUE	874	50	8.007781493171661
ENSG00000174109	chr16:2206584-2206885	669	70408	TRUE	1.044856459437183e-9	-0.5229697420289611	TRUE	874	50	2.0785232871860577
ENSG00000140983	chr16:2206584-2206885	535	55617	TRUE	9.19718803313362e-9	-0.5902717097535691	TRUE	874	50	1.1848495265477046
ENSG00000074071	chr16:2206584-2206885	837	87891	TRUE	1.5723469768867075e-8	-0.5068308405774022	TRUE	874	50	8.00711480567101
ENSG00000162039	chr16:2206584-2206885	613	63798	TRUE	4.794880745651319e-8	-0.5384045583263027	TRUE	874	50	1.6831567653155828
ENSG00000007520	chr16:2206584-2206885	805	83723	TRUE	5.311025472235192e-8	-0.3902581707424637	TRUE	874	50	3.5910288863193642
ENSG00000103266	chr16:2206584-2206885	702	72240	TRUE	2.8794262704677736e-7	-0.4890064610225979	TRUE	874	50	2.2476744064918694
ENSG00000086506	chr16:2206584-2206885	822	86844	TRUE	4.13090266211441e-7	-0.29765748295790795	TRUE	874	50	10.380022292363304
ENSG00000206053	chr16:2206584-2206885	477	46739	TRUE	7.108317929588025e-7	-0.43908167630528117	TRUE	874	50	0.8066502078189943
ENSG00000007376	chr16:2206584-2206885	646	66888	TRUE	3.169280116040738e-6	-0.5235853218082539	TRUE	874	50	2.134722960092503
ENSG00000103202	chr16:2206584-2206885	808	82656	TRUE	5.2521560461476526e-6	-0.38176256004599196	TRUE	874	50	3.9204245966019773
ENSG00000167969	chr16:2206584-2206885	852	89451	TRUE	5.300600879345595e-6	-0.30745569386918703	TRUE	874	50	5.668093794597747
ENSG00000188536	chr16:2206584-2206885	874	92410	TRUE	5.681582778373738e-6	-0.09869549284350398	TRUE	874	50	358.34205235580276
ENSG00000127561	chr16:2206584-2206885	580	58201	TRUE	1.0853598563190128e-5	-0.45593559328575717	TRUE	874	50	1.3043220100628146
ENSG00000063854	chr16:2206584-2206885	468	48895	TRUE	1.5568585932290192e-5	-0.3396359489493058	TRUE	874	50	1.0312509765930185
ENSG00000198736	chr16:2206584-2206885	597	60923	TRUE	2.4716166711415653e-5	-0.41689492363357916	TRUE	874	50	1.5289644468056294
ENSG00000140990	chr16:2206584-2206885	872	92014	TRUE	5.8631359095551866e-5	-0.33002249333296607	TRUE	874	50	18.28205048074419
ENSG00000103024	chr16:2206584-2206885	238	22920	TRUE	9.868870946961456e-5	-0.4707317273938256	TRUE	874	50	0.3398231194724835
ENSG00000103253	chr16:2206584-2206885	236	26073	TRUE	1.0024172686133072e-4	-0.6156065754342106	TRUE	874	50	0.4842859672698105
ENSG00000131653	chr16:2206584-2206885	516	55270	TRUE	1.2152505854205742e-4	-0.38180701650988347	TRUE	874	50	1.124816400512516
ENSG00000127554	chr16:2206584-2206885	411	42607	TRUE	3.3277172586031797e-4	-0.439288944097562	TRUE	874	50	0.7540131462441535
ENSG00000095906	chr16:2206584-2206885	672	67382	TRUE	0.0017934735381563843	-0.35935840754302817	TRUE	874	50	1.7336062585289123
ENSG00000103254	chr16:2206584-2206885	443	45280	TRUE	0.032	-0.4557506397334029	TRUE	874	50	1.5716845318082857
ENSG00000103260	chr16:2206584-2206885	233	23458	TRUE	0.032	-0.4038693400176905	TRUE	874	50	0.34295863412398303
ENSG00000065054	chr16:2206584-2206885	455	46398	TRUE	0.196	-0.277149196526013	FALSE	874	50	0.8916736981364001
ENSG00000140990	chr16:2206584-2206885	872	92014	TRUE	1.4364376563266398e-15	-0.5258076527893736	TRUE	874	51	18.28205048074419
ENSG00000103266	chr16:2206584-2206885	702	72240	TRUE	6.86110973710866e-14	-0.6452657780316122	TRUE	874	51	2.2476744064918694
ENSG00000007520	chr16:2206584-2206885	805	83723	TRUE	1.8557167746487035e-11	-0.4730584757949765	TRUE	874	51	3.5910288863193642
ENSG00000167969	chr16:2206584-2206885	852	89451	TRUE	2.2335438454286158e-11	-0.412277532103523	TRUE	874	51	5.668093794597747
ENSG00000065057	chr16:2206584-2206885	779	80453	TRUE	5.09205211871802e-11	-0.5577887813550038	TRUE	874	51	3.6725939352271424
ENSG00000086504	chr16:2206584-2206885	872	91943	TRUE	5.930979774843775e-11	-0.45787211844452047	TRUE	874	51	12.96360302926133
ENSG00000007376	chr16:2206584-2206885	646	66888	TRUE	3.5313831478378153e-10	-0.6495932067203594	TRUE	874	51	2.134722960092503
ENSG00000103275	chr16:2206584-2206885	857	89516	TRUE	2.8104905523528723e-9	-0.48966777003642203	TRUE	874	51	8.007781493171661
ENSG00000140983	chr16:2206584-2206885	535	55617	TRUE	3.739110234088838e-9	-0.6102816704850633	TRUE	874	51	1.1848495265477046
ENSG00000188536	chr16:2206584-2206885	874	92410	TRUE	1.220349287456697e-7	-0.1440607970524237	TRUE	874	51	358.34205235580276
ENSG00000162039	chr16:2206584-2206885	613	63798	TRUE	1.715959668528353e-7	-0.5290320285770649	TRUE	874	51	1.6831567653155828
ENSG00000074071	chr16:2206584-2206885	837	87891	TRUE	3.204827405320587e-6	-0.4724170573367674	TRUE	874	51	8.00711480567101
ENSG00000086506	chr16:2206584-2206885	822	86844	TRUE	3.4075439270479096e-6	-0.2667101227553452	TRUE	874	51	10.380022292363304
ENSG00000131653	chr16:2206584-2206885	516	55270	TRUE	6.230773118310988e-6	-0.42102832630760206	TRUE	874	51	1.124816400512516
ENSG00000103254	chr16:2206584-2206885	443	45280	TRUE	8.568013636753432e-6	-0.7108705544908078	TRUE	874	51	1.5716845318082857
ENSG00000127561	chr16:2206584-2206885	580	58201	TRUE	8.892423026282334e-6	-0.4542782754229833	TRUE	874	51	1.3043220100628146
ENSG00000206053	chr16:2206584-2206885	477	46739	TRUE	4.1332215980122936e-5	-0.3795539749185518	TRUE	874	51	0.8066502078189943
ENSG00000127554	chr16:2206584-2206885	411	42607	TRUE	4.5451546840957454e-5	-0.5118014438819298	TRUE	874	51	0.7540131462441535
ENSG00000198736	chr16:2206584-2206885	597	60923	TRUE	5.0526976833033255e-5	-0.38985205047205446	TRUE	874	51	1.5289644468056294
ENSG00000095906	chr16:2206584-2206885	672	67382	TRUE	5.143804409625161e-5	-0.4205086711592546	TRUE	874	51	1.7336062585289123
ENSG00000103260	chr16:2206584-2206885	233	23458	TRUE	5.4021844944253036e-5	-0.6160225768493004	TRUE	874	51	0.34295863412398303
ENSG00000103253	chr16:2206584-2206885	236	26073	TRUE	1.0226936311193494e-4	-0.600009720383192	TRUE	874	51	0.4842859672698105
ENSG00000065054	chr16:2206584-2206885	455	46398	TRUE	6.073108006079131e-4	-0.4374881491391273	TRUE	874	51	0.8916736981364001
ENSG00000174109	chr16:2206584-2206885	669	70408	TRUE	0.003443747104832043	-0.3418875074141694	TRUE	874	51	2.0785232871860577
ENSG00000103202	chr16:2206584-2206885	808	82656	TRUE	0.003704226822965638	-0.3024959963861522	TRUE	874	51	3.9204245966019773
ENSG00000063854	chr16:2206584-2206885	468	48895	TRUE	0.005719354494307112	-0.23956899384538344	TRUE	874	51	1.0312509765930185
ENSG00000103024	chr16:2206584-2206885	238	22920	TRUE	0.136	-0.20314622932884485	FALSE	874	51	0.3398231194724835
ENSG00000007520	chr16:2206584-2206885	805	83723	TRUE	3.762224221044308e-21	-0.5903122551926372	TRUE	874	52	3.5910288863193642
ENSG00000174109	chr16:2206584-2206885	669	70408	TRUE	4.527898623616476e-21	-0.7426549097263746	TRUE	874	52	2.0785232871860577
ENSG00000086504	chr16:2206584-2206885	872	91943	TRUE	3.131787765939001e-19	-0.5423276867732842	TRUE	874	52	12.96360302926133
ENSG00000103275	chr16:2206584-2206885	857	89516	TRUE	2.9816020630980735e-18	-0.6425273528023809	TRUE	874	52	8.007781493171661
ENSG00000167969	chr16:2206584-2206885	852	89451	TRUE	7.589882939260839e-16	-0.47359849780118424	TRUE	874	52	5.668093794597747
ENSG00000074071	chr16:2206584-2206885	837	87891	TRUE	1.8897022694947475e-15	-0.6657229858315099	TRUE	874	52	8.00711480567101
ENSG00000103202	chr16:2206584-2206885	808	82656	TRUE	7.034046501472453e-15	-0.55469413041411	TRUE	874	52	3.9204245966019773
ENSG00000140990	chr16:2206584-2206885	872	92014	TRUE	1.8228822998440762e-14	-0.4968239651198698	TRUE	874	52	18.28205048074419
ENSG00000063854	chr16:2206584-2206885	468	48895	TRUE	3.4503458823053863e-13	-0.5963078525595602	TRUE	874	52	1.0312509765930185
ENSG00000065057	chr16:2206584-2206885	779	80453	TRUE	1.5014757880279015e-9	-0.49526629849044523	TRUE	874	52	3.6725939352271424
ENSG00000095906	chr16:2206584-2206885	672	67382	TRUE	1.8170406181163936e-8	-0.5238246340216988	TRUE	874	52	1.7336062585289123
ENSG00000127554	chr16:2206584-2206885	411	42607	TRUE	2.8354919537865143e-8	-0.6166587577010392	TRUE	874	52	0.7540131462441535
ENSG00000103266	chr16:2206584-2206885	702	72240	TRUE	4.205925260474593e-8	-0.4939186041436162	TRUE	874	52	2.2476744064918694
ENSG00000086506	chr16:2206584-2206885	822	86844	TRUE	5.494185602083817e-8	-0.293924255709356	TRUE	874	52	10.380022292363304
ENSG00000140983	chr16:2206584-2206885	535	55617	TRUE	1.134650635441106e-6	-0.5185582009147893	TRUE	874	52	1.1848495265477046
ENSG00000007376	chr16:2206584-2206885	646	66888	TRUE	3.500494109360229e-6	-0.5351732960834656	TRUE	874	52	2.134722960092503
ENSG00000131653	chr16:2206584-2206885	516	55270	TRUE	1.911627927828115e-5	-0.4153595762209099	TRUE	874	52	1.124816400512516
ENSG00000127561	chr16:2206584-2206885	580	58201	TRUE	2.1908291288999168e-5	-0.4542782754229833	TRUE	874	52	1.3043220100628146
ENSG00000065054	chr16:2206584-2206885	455	46398	TRUE	5.904127027852833e-4	-0.43034018220852394	TRUE	874	52	0.8916736981364001
ENSG00000103254	chr16:2206584-2206885	443	45280	TRUE	8.149930079975158e-4	-0.561576112469703	TRUE	874	52	1.5716845318082857
ENSG00000162039	chr16:2206584-2206885	613	63798	TRUE	0.0020263074428447103	-0.3663915041497584	TRUE	874	52	1.6831567653155828
ENSG00000198736	chr16:2206584-2206885	597	60923	TRUE	0.0021853714328532448	-0.3091025533081503	TRUE	874	52	1.5289644468056294
ENSG00000188536	chr16:2206584-2206885	874	92410	TRUE	0.006439539891133175	0.03066877688702263	TRUE	874	52	358.34205235580276
ENSG00000103260	chr16:2206584-2206885	233	23458	TRUE	0.044	-0.38549081070283586	TRUE	874	52	0.34295863412398303
ENSG00000103253	chr16:2206584-2206885	236	26073	TRUE	0.068	-0.38874067751845476	TRUE	874	52	0.4842859672698105
ENSG00000103024	chr16:2206584-2206885	238	22920	TRUE	0.184	-0.20314622932884485	FALSE	874	52	0.3398231194724835
ENSG00000206053	chr16:2206584-2206885	477	46739	TRUE	0.224	-0.1611514104179159	FALSE	874	52	0.8066502078189943
ENSG00000103275	chr16:2206584-2206885	857	89516	TRUE	1.7211363230072096e-13	-0.565668692562078	TRUE	874	53	8.007781493171661
ENSG00000103266	chr16:2206584-2206885	702	72240	TRUE	5.399770042376061e-13	-0.6203444028499857	TRUE	874	53	2.2476744064918694
ENSG00000131653	chr16:2206584-2206885	516	55270	TRUE	3.143821050159998e-11	-0.5895340506645802	TRUE	874	53	1.124816400512516
ENSG00000007520	chr16:2206584-2206885	805	83723	TRUE	4.844966361843028e-8	-0.3908330641714255	TRUE	874	53	3.5910288863193642
ENSG00000198736	chr16:2206584-2206885	597	60923	TRUE	8.50313590299392e-8	-0.4556273181222935	TRUE	874	53	1.5289644468056294
ENSG00000188536	chr16:2206584-2206885	874	92410	TRUE	9.196029207721688e-8	-0.1027365824180233	TRUE	874	53	358.34205235580276
ENSG00000086504	chr16:2206584-2206885	872	91943	TRUE	1.9822650350021463e-7	-0.38666889353101297	TRUE	874	53	12.96360302926133
ENSG00000065057	chr16:2206584-2206885	779	80453	TRUE	4.425677266252533e-7	-0.4318925212671938	TRUE	874	53	3.6725939352271424
ENSG00000007376	chr16:2206584-2206885	646	66888	TRUE	6.497699899034618e-7	-0.5404714843402469	TRUE	874	53	2.134722960092503
ENSG00000127554	chr16:2206584-2206885	411	42607	TRUE	9.651049100802044e-7	-0.5601982684410434	TRUE	874	53	0.7540131462441535
ENSG00000140990	chr16:2206584-2206885	872	92014	TRUE	2.4299966187137437e-6	-0.38105436145367655	TRUE	874	53	18.28205048074419
ENSG00000103253	chr16:2206584-2206885	236	26073	TRUE	9.8831373412043e-6	-0.7185064830185015	TRUE	874	53	0.4842859672698105
ENSG00000074071	chr16:2206584-2206885	837	87891	TRUE	1.8480706235328003e-5	-0.4508153804580828	TRUE	874	53	8.00711480567101
ENSG00000103202	chr16:2206584-2206885	808	82656	TRUE	2.7066599422863628e-5	-0.3630799171392898	TRUE	874	53	3.9204245966019773
ENSG00000167969	chr16:2206584-2206885	852	89451	TRUE	2.79907075521231e-5	-0.2885170903825838	TRUE	874	53	5.668093794597747
ENSG00000162039	chr16:2206584-2206885	613	63798	TRUE	5.530170855313349e-5	-0.44227590963602753	TRUE	874	53	1.6831567653155828
ENSG00000086506	chr16:2206584-2206885	822	86844	TRUE	4.8411530096392763e-4	-0.17911135985545323	TRUE	874	53	10.380022292363304
ENSG00000103024	chr16:2206584-2206885	238	22920	TRUE	4.982122495504789e-4	-0.4039283567095793	TRUE	874	53	0.3398231194724835
ENSG00000127561	chr16:2206584-2206885	580	58201	TRUE	9.839328790368683e-4	-0.3910844489357891	TRUE	874	53	1.3043220100628146
ENSG00000095906	chr16:2206584-2206885	672	67382	TRUE	0.0015607710541768634	-0.37207964864440746	TRUE	874	53	1.7336062585289123
ENSG00000140983	chr16:2206584-2206885	535	55617	TRUE	0.005668018855137971	-0.38157044730949663	TRUE	874	53	1.1848495265477046
ENSG00000174109	chr16:2206584-2206885	669	70408	TRUE	0.006185381031107495	-0.3210060304410649	TRUE	874	53	2.0785232871860577
ENSG00000065054	chr16:2206584-2206885	455	46398	TRUE	0.006748892830419628	-0.3789766815849171	TRUE	874	53	0.8916736981364001
ENSG00000103260	chr16:2206584-2206885	233	23458	TRUE	0.009968724808768703	-0.4350302715041512	TRUE	874	53	0.34295863412398303
ENSG00000063854	chr16:2206584-2206885	468	48895	TRUE	0.013033218940330035	-0.2192620105250247	TRUE	874	53	1.0312509765930185
ENSG00000206053	chr16:2206584-2206885	477	46739	TRUE	0.156	-0.1720892569028041	FALSE	874	53	0.8066502078189943
ENSG00000103254	chr16:2206584-2206885	443	45280	TRUE	0.164	-0.41936648923921366	FALSE	874	53	1.5716845318082857
ENSG00000103275	chr16:2206584-2206885	857	89516	TRUE	9.242268689043055e-17	-0.5979385321261419	TRUE	874	54	8.007781493171661
ENSG00000074071	chr16:2206584-2206885	837	87891	TRUE	1.530822902839427e-16	-0.6685252431856221	TRUE	874	54	8.00711480567101
ENSG00000167969	chr16:2206584-2206885	852	89451	TRUE	2.392545409380054e-16	-0.4550024078952446	TRUE	874	54	5.668093794597747
ENSG00000162039	chr16:2206584-2206885	613	63798	TRUE	2.558943195527201e-16	-0.7199622208433303	TRUE	874	54	1.6831567653155828
ENSG00000140990	chr16:2206584-2206885	872	92014	TRUE	9.653523161346811e-16	-0.4866817399426817	TRUE	874	54	18.28205048074419
ENSG00000086504	chr16:2206584-2206885	872	91943	TRUE	3.79427279905371e-15	-0.5031244082969661	TRUE	874	54	12.96360302926133
ENSG00000007520	chr16:2206584-2206885	805	83723	TRUE	1.4190846927657223e-13	-0.5088041370799192	TRUE	874	54	3.5910288863193642
ENSG00000131653	chr16:2206584-2206885	516	55270	TRUE	7.263862457044123e-13	-0.6393244173761115	TRUE	874	54	1.124816400512516
ENSG00000065057	chr16:2206584-2206885	779	80453	TRUE	2.960609682500563e-12	-0.5323306227256015	TRUE	874	54	3.6725939352271424
ENSG00000095906	chr16:2206584-2206885	672	67382	TRUE	6.237940473882773e-12	-0.5683800655110172	TRUE	874	54	1.7336062585289123
ENSG00000188536	chr16:2206584-2206885	874	92410	TRUE	6.654036457438449e-11	-0.18677567199080336	TRUE	874	54	358.34205235580276
ENSG00000086506	chr16:2206584-2206885	822	86844	TRUE	8.609537133275112e-11	-0.4220977641670358	TRUE	874	54	10.380022292363304
ENSG00000065054	chr16:2206584-2206885	455	46398	TRUE	1.3797308316064157e-10	-0.6618724181492714	TRUE	874	54	0.8916736981364001
ENSG00000174109	chr16:2206584-2206885	669	70408	TRUE	8.176646861150836e-10	-0.5218862308695906	TRUE	874	54	2.0785232871860577
ENSG00000103202	chr16:2206584-2206885	808	82656	TRUE	1.8343400561974374e-9	-0.4667464311384075	TRUE	874	54	3.9204245966019773
ENSG00000103266	chr16:2206584-2206885	702	72240	TRUE	6.200509378731389e-9	-0.5187333721026806	TRUE	874	54	2.2476744064918694
ENSG00000127554	chr16:2206584-2206885	411	42607	TRUE	1.3553363369333779e-6	-0.5388246176484763	TRUE	874	54	0.7540131462441535
ENSG00000007376	chr16:2206584-2206885	646	66888	TRUE	4.368834640661309e-6	-0.5235853218082539	TRUE	874	54	2.134722960092503
ENSG00000103260	chr16:2206584-2206885	233	23458	TRUE	6.873718560835196e-6	-0.6743212174139672	TRUE	874	54	0.34295863412398303
ENSG00000140983	chr16:2206584-2206885	535	55617	TRUE	7.724250225137996e-6	-0.5147815101693056	TRUE	874	54	1.1848495265477046
ENSG00000103254	chr16:2206584-2206885	443	45280	TRUE	1.0945689902263842e-5	-0.652856619458992	TRUE	874	54	1.5716845318082857
ENSG00000103253	chr16:2206584-2206885	236	26073	TRUE	7.886792070734873e-5	-0.6366681909620402	TRUE	874	54	0.4842859672698105
ENSG00000063854	chr16:2206584-2206885	468	48895	TRUE	1.3024094322787276e-4	-0.3139610269374415	TRUE	874	54	1.0312509765930185
ENSG00000198736	chr16:2206584-2206885	597	60923	TRUE	1.4384582081761015e-4	-0.3698974440964097	TRUE	874	54	1.5289644468056294
ENSG00000206053	chr16:2206584-2206885	477	46739	TRUE	0.002163822790341363	-0.28391130378154816	TRUE	874	54	0.8066502078189943
ENSG00000127561	chr16:2206584-2206885	580	58201	TRUE	0.0025476548769555437	-0.3458258363680733	TRUE	874	54	1.3043220100628146
ENSG00000103024	chr16:2206584-2206885	238	22920	TRUE	0.252	-0.1694631030725564	FALSE	874	54	0.3398231194724835
ENSG00000140990	chr16:2206584-2206885	872	92014	TRUE	1.0833642643743824e-21	-0.5807656091066988	TRUE	874	55	18.28205048074419
ENSG00000167969	chr16:2206584-2206885	852	89451	TRUE	2.702642045515679e-20	-0.5111335152969816	TRUE	874	55	5.668093794597747
ENSG00000103275	chr16:2206584-2206885	857	89516	TRUE	1.4127443522915496e-15	-0.5752740818927995	TRUE	874	55	8.007781493171661
ENSG00000065057	chr16:2206584-2206885	779	80453	TRUE	2.505055378508315e-11	-0.5109479207227148	TRUE	874	55	3.6725939352271424
ENSG00000103202	chr16:2206584-2206885	808	82656	TRUE	8.769654303224303e-11	-0.4924596154224061	TRUE	874	55	3.9204245966019773
ENSG00000188536	chr16:2206584-2206885	874	92410	TRUE	1.0030009779507293e-10	-0.2393415443389202	TRUE	874	55	358.34205235580276
ENSG00000174109	chr16:2206584-2206885	669	70408	TRUE	1.927330428490854e-10	-0.5360357486893081	TRUE	874	55	2.0785232871860577
ENSG00000086504	chr16:2206584-2206885	872	91943	TRUE	2.478255471593193e-10	-0.41479372652873314	TRUE	874	55	12.96360302926133
ENSG00000007376	chr16:2206584-2206885	646	66888	TRUE	4.927537049928348e-10	-0.6473050301250893	TRUE	874	55	2.134722960092503
ENSG00000131653	chr16:2206584-2206885	516	55270	TRUE	8.987025809286708e-10	-0.5496606679325009	TRUE	874	55	1.124816400512516
ENSG00000086506	chr16:2206584-2206885	822	86844	TRUE	2.902018532557481e-9	-0.31866412803876365	TRUE	874	55	10.380022292363304
ENSG00000007520	chr16:2206584-2206885	805	83723	TRUE	3.6225571727472846e-8	-0.39313493149802725	TRUE	874	55	3.5910288863193642
ENSG00000074071	chr16:2206584-2206885	837	87891	TRUE	6.043016480603404e-8	-0.4860842213227996	TRUE	874	55	8.00711480567101
ENSG00000103266	chr16:2206584-2206885	702	72240	TRUE	1.2460036741737527e-7	-0.49293483660403814	TRUE	874	55	2.2476744064918694
ENSG00000140983	chr16:2206584-2206885	535	55617	TRUE	1.2517877316981069e-7	-0.5783976094652774	TRUE	874	55	1.1848495265477046
ENSG00000065054	chr16:2206584-2206885	455	46398	TRUE	1.539125274812415e-7	-0.5937438471103347	TRUE	874	55	0.8916736981364001
ENSG00000095906	chr16:2206584-2206885	672	67382	TRUE	2.2002367136214683e-7	-0.47810159821940623	TRUE	874	55	1.7336062585289123
ENSG00000206053	chr16:2206584-2206885	477	46739	TRUE	3.040802993695664e-7	-0.449689775871262	TRUE	874	55	0.8066502078189943
ENSG00000127561	chr16:2206584-2206885	580	58201	TRUE	8.653166899487191e-7	-0.4962933309018981	TRUE	874	55	1.3043220100628146
ENSG00000127554	chr16:2206584-2206885	411	42607	TRUE	2.133717686401927e-6	-0.5327755729756714	TRUE	874	55	0.7540131462441535
ENSG00000103254	chr16:2206584-2206885	443	45280	TRUE	3.193469307374722e-6	-0.6807435772102335	TRUE	874	55	1.5716845318082857
ENSG00000063854	chr16:2206584-2206885	468	48895	TRUE	8.449747649648572e-6	-0.3698400187929951	TRUE	874	55	1.0312509765930185
ENSG00000162039	chr16:2206584-2206885	613	63798	TRUE	4.5018432789460053e-5	-0.43100968720422533	TRUE	874	55	1.6831567653155828
ENSG00000103260	chr16:2206584-2206885	233	23458	TRUE	2.1721470440052432e-4	-0.5531348708939099	TRUE	874	55	0.34295863412398303
ENSG00000103024	chr16:2206584-2206885	238	22920	TRUE	0.013384576709171064	-0.315313969536011	TRUE	874	55	0.3398231194724835
ENSG00000198736	chr16:2206584-2206885	597	60923	TRUE	0.032	-0.27159537048460586	TRUE	874	55	1.5289644468056294
ENSG00000103253	chr16:2206584-2206885	236	26073	TRUE	0.08	-0.3621872584771382	TRUE	874	55	0.4842859672698105
ENSG00000167969	chr16:2206584-2206885	852	89451	TRUE	7.21251863309487e-20	-0.5005871664222012	TRUE	874	56	5.668093794597747
ENSG00000103202	chr16:2206584-2206885	808	82656	TRUE	1.310944712269608e-15	-0.5706814748526967	TRUE	874	56	3.9204245966019773
ENSG00000140990	chr16:2206584-2206885	872	92014	TRUE	6.941992524175918e-12	-0.4741939449086545	TRUE	874	56	18.28205048074419
ENSG00000065057	chr16:2206584-2206885	779	80453	TRUE	1.0584618981461578e-10	-0.5000732834987165	TRUE	874	56	3.6725939352271424
ENSG00000198736	chr16:2206584-2206885	597	60923	TRUE	1.2005370305895625e-10	-0.5542619642425116	TRUE	874	56	1.5289644468056294
ENSG00000103275	chr16:2206584-2206885	857	89516	TRUE	1.2981515070543118e-9	-0.49049366169578024	TRUE	874	56	8.007781493171661
ENSG00000103266	chr16:2206584-2206885	702	72240	TRUE	2.8581830201755178e-9	-0.5378822426580129	TRUE	874	56	2.2476744064918694
ENSG00000074071	chr16:2206584-2206885	837	87891	TRUE	8.64954461976845e-9	-0.5118547401668967	TRUE	874	56	8.00711480567101
ENSG00000007376	chr16:2206584-2206885	646	66888	TRUE	3.022116092315817e-8	-0.6223717379853351	TRUE	874	56	2.134722960092503
ENSG00000007520	chr16:2206584-2206885	805	83723	TRUE	4.039009163356224e-8	-0.4029590494499953	TRUE	874	56	3.5910288863193642
ENSG00000086504	chr16:2206584-2206885	872	91943	TRUE	7.365184768055302e-8	-0.4047766269835127	TRUE	874	56	12.96360302926133
ENSG00000140983	chr16:2206584-2206885	535	55617	TRUE	1.2598341868897398e-7	-0.560767715443486	TRUE	874	56	1.1848495265477046
ENSG00000174109	chr16:2206584-2206885	669	70408	TRUE	5.174271136574552e-6	-0.4469653043209536	TRUE	874	56	2.0785232871860577
ENSG00000103254	chr16:2206584-2206885	443	45280	TRUE	8.287195272944567e-6	-0.6757830163084997	TRUE	874	56	1.5716845318082857
ENSG00000127561	chr16:2206584-2206885	580	58201	TRUE	1.0105541077516829e-5	-0.45262285924492146	TRUE	874	56	1.3043220100628146
ENSG00000162039	chr16:2206584-2206885	613	63798	TRUE	1.2947143219883134e-5	-0.44857314809723714	TRUE	874	56	1.6831567653155828
ENSG00000206053	chr16:2206584-2206885	477	46739	TRUE	1.5522595779178614e-5	-0.3795539749185518	TRUE	874	56	0.8066502078189943
ENSG00000086506	chr16:2206584-2206885	822	86844	TRUE	1.6998541087590263e-5	-0.24359594413415975	TRUE	874	56	10.380022292363304
ENSG00000095906	chr16:2206584-2206885	672	67382	TRUE	3.067637099191654e-5	-0.4374248872229821	TRUE	874	56	1.7336062585289123
ENSG00000065054	chr16:2206584-2206885	455	46398	TRUE	7.423245462298556e-5	-0.47132174421500245	TRUE	874	56	0.8916736981364001
ENSG00000131653	chr16:2206584-2206885	516	55270	TRUE	1.1514178134077184e-4	-0.40971301307976793	TRUE	874	56	1.124816400512516
ENSG00000103253	chr16:2206584-2206885	236	26073	TRUE	1.5100983727610144e-4	-0.6051899594888723	TRUE	874	56	0.4842859672698105
ENSG00000103024	chr16:2206584-2206885	238	22920	TRUE	9.926243261537716e-4	-0.390931016180706	TRUE	874	56	0.3398231194724835
ENSG00000063854	chr16:2206584-2206885	468	48895	TRUE	0.0013738784433462367	-0.28681273851823946	TRUE	874	56	1.0312509765930185
ENSG00000127554	chr16:2206584-2206885	411	42607	TRUE	0.00881282205780863	-0.3783599454552303	TRUE	874	56	0.7540131462441535
ENSG00000103260	chr16:2206584-2206885	233	23458	TRUE	0.017355161089743693	-0.39771711303609525	TRUE	874	56	0.34295863412398303
ENSG00000188536	chr16:2206584-2206885	874	92410	TRUE	0.204	0.08996872846289428	FALSE	874	56	358.34205235580276
ENSG00000167969	chr16:2206584-2206885	852	89451	TRUE	2.5656299975832834e-20	-0.5269008311552983	TRUE	874	57	5.668093794597747
ENSG00000103275	chr16:2206584-2206885	857	89516	TRUE	2.931647800962487e-14	-0.57293962338847	TRUE	874	57	8.007781493171661
ENSG00000074071	chr16:2206584-2206885	837	87891	TRUE	5.378770189615787e-14	-0.6089958985774286	TRUE	874	57	8.00711480567101
ENSG00000007520	chr16:2206584-2206885	805	83723	TRUE	1.4259568325991434e-13	-0.49514097387324973	TRUE	874	57	3.5910288863193642
ENSG00000103266	chr16:2206584-2206885	702	72240	TRUE	2.114556980747494e-12	-0.578002551126934	TRUE	874	57	2.2476744064918694
ENSG00000086504	chr16:2206584-2206885	872	91943	TRUE	2.3767163474793823e-11	-0.46116368966676724	TRUE	874	57	12.96360302926133
ENSG00000103202	chr16:2206584-2206885	808	82656	TRUE	4.398899272437814e-10	-0.4873925837286248	TRUE	874	57	3.9204245966019773
ENSG00000140990	chr16:2206584-2206885	872	92014	TRUE	5.229163266607414e-10	-0.4323151361831572	TRUE	874	57	18.28205048074419
ENSG00000007376	chr16:2206584-2206885	646	66888	TRUE	1.1792175686563115e-8	-0.5989671336503914	TRUE	874	57	2.134722960092503
ENSG00000065057	chr16:2206584-2206885	779	80453	TRUE	2.6127553269151443e-8	-0.45679215067580925	TRUE	874	57	3.6725939352271424
ENSG00000206053	chr16:2206584-2206885	477	46739	TRUE	4.645042930920434e-8	-0.48744469786668	TRUE	874	57	0.8066502078189943
ENSG00000086506	chr16:2206584-2206885	822	86844	TRUE	1.2159945489051936e-7	-0.2692156387857336	TRUE	874	57	10.380022292363304
ENSG00000140983	chr16:2206584-2206885	535	55617	TRUE	5.381976301593221e-7	-0.5337646135368785	TRUE	874	57	1.1848495265477046
ENSG00000198736	chr16:2206584-2206885	597	60923	TRUE	1.3563296764329004e-6	-0.4598395694092079	TRUE	874	57	1.5289644468056294
ENSG00000174109	chr16:2206584-2206885	669	70408	TRUE	2.05398993217916e-6	-0.4469653043209536	TRUE	874	57	2.0785232871860577
ENSG00000095906	chr16:2206584-2206885	672	67382	TRUE	2.3340085863903827e-6	-0.45331241375483666	TRUE	874	57	1.7336062585289123
ENSG00000127561	chr16:2206584-2206885	580	58201	TRUE	2.8474372106054423e-6	-0.47093775662500387	TRUE	874	57	1.3043220100628146
ENSG00000162039	chr16:2206584-2206885	613	63798	TRUE	3.3821233758289377e-6	-0.4921391861500054	TRUE	874	57	1.6831567653155828
ENSG00000103253	chr16:2206584-2206885	236	26073	TRUE	1.5526694242197665e-5	-0.658041841754607	TRUE	874	57	0.4842859672698105
ENSG00000131653	chr16:2206584-2206885	516	55270	TRUE	4.683661172491093e-5	-0.3984857576565137	TRUE	874	57	1.124816400512516
ENSG00000127554	chr16:2206584-2206885	411	42607	TRUE	1.445335206383602e-4	-0.44495769418425407	TRUE	874	57	0.7540131462441535
ENSG00000103260	chr16:2206584-2206885	233	23458	TRUE	0.002813986176880015	-0.48633150020966354	TRUE	874	57	0.34295863412398303
ENSG00000103254	chr16:2206584-2206885	443	45280	TRUE	0.003885882372776095	-0.5479155628859871	TRUE	874	57	1.5716845318082857
ENSG00000188536	chr16:2206584-2206885	874	92410	TRUE	0.007700994683277798	0.003805929154609089	TRUE	874	57	358.34205235580276
ENSG00000065054	chr16:2206584-2206885	455	46398	TRUE	0.011632372696023768	-0.3517123418454651	TRUE	874	57	0.8916736981364001
ENSG00000103024	chr16:2206584-2206885	238	22920	TRUE	0.032	-0.2849403204924923	TRUE	874	57	0.3398231194724835
ENSG00000063854	chr16:2206584-2206885	468	48895	TRUE	0.136	-0.12009301509042895	FALSE	874	57	1.0312509765930185
ENSG00000103275	chr16:2206584-2206885	857	89516	TRUE	1.0383861760788105e-25	-0.7305257582031297	TRUE	874	58	8.007781493171661
ENSG00000086504	chr16:2206584-2206885	872	91943	TRUE	4.4070651133671835e-17	-0.5350255270870785	TRUE	874	58	12.96360302926133
ENSG00000140990	chr16:2206584-2206885	872	92014	TRUE	2.673305981693909e-16	-0.5231826383443585	TRUE	874	58	18.28205048074419
ENSG00000167969	chr16:2206584-2206885	852	89451	TRUE	3.840098184138264e-13	-0.44523157839789773	TRUE	874	58	5.668093794597747
ENSG00000074071	chr16:2206584-2206885	837	87891	TRUE	2.252459283991496e-12	-0.5852668267867318	TRUE	874	58	8.00711480567101
ENSG00000103202	chr16:2206584-2206885	808	82656	TRUE	2.6590114771977535e-12	-0.5049211341646358	TRUE	874	58	3.9204245966019773
ENSG00000007520	chr16:2206584-2206885	805	83723	TRUE	3.1192143997570126e-12	-0.4694106987798321	TRUE	874	58	3.5910288863193642
ENSG00000174109	chr16:2206584-2206885	669	70408	TRUE	7.129840830999567e-12	-0.5963429283591802	TRUE	874	58	2.0785232871860577
ENSG00000086506	chr16:2206584-2206885	822	86844	TRUE	2.2473500758100635e-10	-0.3446484479374461	TRUE	874	58	10.380022292363304
ENSG00000103266	chr16:2206584-2206885	702	72240	TRUE	1.2699055069769794e-9	-0.5470422419434888	TRUE	874	58	2.2476744064918694
ENSG00000065057	chr16:2206584-2206885	779	80453	TRUE	2.1091635010194505e-9	-0.47797402443412107	TRUE	874	58	3.6725939352271424
ENSG00000007376	chr16:2206584-2206885	646	66888	TRUE	4.56169160775628e-9	-0.6190048868869363	TRUE	874	58	2.134722960092503
ENSG00000127561	chr16:2206584-2206885	580	58201	TRUE	8.814392536152302e-9	-0.5608112915918704	TRUE	874	58	1.3043220100628146
ENSG00000131653	chr16:2206584-2206885	516	55270	TRUE	3.506575641619617e-8	-0.5209697641815088	TRUE	874	58	1.124816400512516
ENSG00000095906	chr16:2206584-2206885	672	67382	TRUE	4.705077262274083e-8	-0.50332418192266	TRUE	874	58	1.7336062585289123
ENSG00000127554	chr16:2206584-2206885	411	42607	TRUE	2.2642598447557966e-7	-0.5540591313436367	TRUE	874	58	0.7540131462441535
ENSG00000140983	chr16:2206584-2206885	535	55617	TRUE	2.2734202313859407e-7	-0.5510656274940819	TRUE	874	58	1.1848495265477046
ENSG00000188536	chr16:2206584-2206885	874	92410	TRUE	4.70912662626187e-6	-0.11787675604106163	TRUE	874	58	358.34205235580276
ENSG00000063854	chr16:2206584-2206885	468	48895	TRUE	1.2560686174101915e-5	-0.3277291822651316	TRUE	874	58	1.0312509765930185
ENSG00000103024	chr16:2206584-2206885	238	22920	TRUE	2.768886545435113e-4	-0.4302796836565317	TRUE	874	58	0.3398231194724835
ENSG00000103254	chr16:2206584-2206885	443	45280	TRUE	4.949201984842388e-4	-0.5738283732937215	TRUE	874	58	1.5716845318082857
ENSG00000198736	chr16:2206584-2206885	597	60923	TRUE	0.0022883213134228114	-0.31163804612401413	TRUE	874	58	1.5289644468056294
ENSG00000103253	chr16:2206584-2206885	236	26073	TRUE	0.008861046770962486	-0.44800662693814197	TRUE	874	58	0.4842859672698105
ENSG00000162039	chr16:2206584-2206885	613	63798	TRUE	0.013898769723538845	-0.3310584310374777	TRUE	874	58	1.6831567653155828
ENSG00000065054	chr16:2206584-2206885	455	46398	TRUE	0.016326565701925866	-0.3449760103495893	TRUE	874	58	0.8916736981364001
ENSG00000103260	chr16:2206584-2206885	233	23458	TRUE	0.052	-0.3915910102392537	TRUE	874	58	0.34295863412398303
ENSG00000206053	chr16:2206584-2206885	477	46739	TRUE	0.076	-0.1942169152326261	TRUE	874	58	0.8066502078189943
ENSG00000167969	chr16:2206584-2206885	852	89451	TRUE	1.0260487864446445e-22	-0.5687210068499251	TRUE	874	59	5.668093794597747
ENSG00000074071	chr16:2206584-2206885	837	87891	TRUE	6.375692102023128e-22	-0.7732125681933071	TRUE	874	59	8.00711480567101
ENSG00000131653	chr16:2206584-2206885	516	55270	TRUE	6.939135845189112e-16	-0.7092732949386756	TRUE	874	59	1.124816400512516
ENSG00000140990	chr16:2206584-2206885	872	92014	TRUE	1.7249012389070544e-15	-0.5295659782238511	TRUE	874	59	18.28205048074419
ENSG00000007520	chr16:2206584-2206885	805	83723	TRUE	1.0156187904914855e-14	-0.5308112434439756	TRUE	874	59	3.5910288863193642
ENSG00000103275	chr16:2206584-2206885	857	89516	TRUE	3.565736907260473e-13	-0.5526726529556671	TRUE	874	59	8.007781493171661
ENSG00000086506	chr16:2206584-2206885	822	86844	TRUE	1.4011226167540634e-12	-0.42811527045476083	TRUE	874	59	10.380022292363304
ENSG00000188536	chr16:2206584-2206885	874	92410	TRUE	2.2285722652988144e-11	-0.22290575676616164	TRUE	874	59	358.34205235580276
ENSG00000103202	chr16:2206584-2206885	808	82656	TRUE	1.0367715835363509e-10	-0.5100502153592679	TRUE	874	59	3.9204245966019773
ENSG00000198736	chr16:2206584-2206885	597	60923	TRUE	1.279150486518211e-10	-0.5542619642425116	TRUE	874	59	1.5289644468056294
ENSG00000127561	chr16:2206584-2206885	580	58201	TRUE	3.477196403736476e-10	-0.5805622477995022	TRUE	874	59	1.3043220100628146
ENSG00000065057	chr16:2206584-2206885	779	80453	TRUE	9.076368343233294e-9	-0.4644053347856847	TRUE	874	59	3.6725939352271424
ENSG00000086504	chr16:2206584-2206885	872	91943	TRUE	9.904824121331784e-9	-0.40906115590982006	TRUE	874	59	12.96360302926133
ENSG00000103266	chr16:2206584-2206885	702	72240	TRUE	1.1249203833162981e-7	-0.4899875525537014	TRUE	874	59	2.2476744064918694
ENSG00000007376	chr16:2206584-2206885	646	66888	TRUE	1.6382740985617056e-7	-0.5726758358314636	TRUE	874	59	2.134722960092503
ENSG00000206053	chr16:2206584-2206885	477	46739	TRUE	1.6871329819120618e-7	-0.449689775871262	TRUE	874	59	0.8066502078189943
ENSG00000174109	chr16:2206584-2206885	669	70408	TRUE	3.593386384843206e-7	-0.4635125256172501	TRUE	874	59	2.0785232871860577
ENSG00000103254	chr16:2206584-2206885	443	45280	TRUE	4.52960667704852e-7	-0.6774346421796581	TRUE	874	59	1.5716845318082857
ENSG00000162039	chr16:2206584-2206885	613	63798	TRUE	8.170359576580369e-7	-0.490838875074247	TRUE	874	59	1.6831567653155828
ENSG00000127554	chr16:2206584-2206885	411	42607	TRUE	1.1709460874267914e-5	-0.5147791436818254	TRUE	874	59	0.7540131462441535
ENSG00000140983	chr16:2206584-2206885	535	55617	TRUE	1.552075110607809e-5	-0.505382812167056	TRUE	874	59	1.1848495265477046
ENSG00000065054	chr16:2206584-2206885	455	46398	TRUE	3.4056719135988796e-5	-0.47622054362784166	TRUE	874	59	0.8916736981364001
ENSG00000095906	chr16:2206584-2206885	672	67382	TRUE	4.505033522294948e-5	-0.4253216699213867	TRUE	874	59	1.7336062585289123
ENSG00000103024	chr16:2206584-2206885	238	22920	TRUE	5.616968325162673e-5	-0.5123508165955648	TRUE	874	59	0.3398231194724835
ENSG00000063854	chr16:2206584-2206885	468	48895	TRUE	6.085894970011153e-5	-0.30810037551619895	TRUE	874	59	1.0312509765930185
ENSG00000103253	chr16:2206584-2206885	236	26073	TRUE	5.018672795705052e-4	-0.584579679813586	TRUE	874	59	0.4842859672698105
ENSG00000103260	chr16:2206584-2206885	233	23458	TRUE	0.022335708120192338	-0.41004791494681503	TRUE	874	59	0.34295863412398303
ENSG00000086504	chr16:2206584-2206885	872	91943	TRUE	4.36195630405261e-17	-0.508222275936645	TRUE	874	60	12.96360302926133
ENSG00000140990	chr16:2206584-2206885	872	92014	TRUE	5.781521362682145e-15	-0.5033378269474871	TRUE	874	60	18.28205048074419
ENSG00000167969	chr16:2206584-2206885	852	89451	TRUE	1.1381988267530167e-10	-0.39192170882090993	TRUE	874	60	5.668093794597747
ENSG00000065057	chr16:2206584-2206885	779	80453	TRUE	2.1086872242081508e-9	-0.4916715415453232	TRUE	874	60	3.6725939352271424
ENSG00000162039	chr16:2206584-2206885	613	63798	TRUE	1.259736398875888e-8	-0.5451366985912248	TRUE	874	60	1.6831567653155828
ENSG00000074071	chr16:2206584-2206885	837	87891	TRUE	1.5404107648940384e-8	-0.5324107116148844	TRUE	874	60	8.00711480567101
ENSG00000188536	chr16:2206584-2206885	874	92410	TRUE	3.262032564275343e-8	-0.20353017109884775	TRUE	874	60	358.34205235580276
ENSG00000007376	chr16:2206584-2206885	646	66888	TRUE	1.1572137916952873e-7	-0.5521964439257798	TRUE	874	60	2.134722960092503
ENSG00000103275	chr16:2206584-2206885	857	89516	TRUE	3.450873607441381e-7	-0.4404279452284956	TRUE	874	60	8.007781493171661
ENSG00000140983	chr16:2206584-2206885	535	55617	TRUE	5.70446364369921e-7	-0.5375913930773917	TRUE	874	60	1.1848495265477046
ENSG00000065054	chr16:2206584-2206885	455	46398	TRUE	1.1476571659020261e-6	-0.5466098715192397	TRUE	874	60	0.8916736981364001
ENSG00000174109	chr16:2206584-2206885	669	70408	TRUE	4.272470167052036e-6	-0.4224949784650893	TRUE	874	60	2.0785232871860577
ENSG00000063854	chr16:2206584-2206885	468	48895	TRUE	5.203933523029018e-6	-0.35768240436675947	TRUE	874	60	1.0312509765930185
ENSG00000131653	chr16:2206584-2206885	516	55270	TRUE	1.5537353103543946e-5	-0.4286214756298324	TRUE	874	60	1.124816400512516
ENSG00000198736	chr16:2206584-2206885	597	60923	TRUE	2.0001615258932954e-5	-0.4087287034851574	TRUE	874	60	1.5289644468056294
ENSG00000095906	chr16:2206584-2206885	672	67382	TRUE	2.0698478982092688e-5	-0.4265274326667838	TRUE	874	60	1.7336062585289123
ENSG00000127561	chr16:2206584-2206885	580	58201	TRUE	5.6790531319106906e-5	-0.44437415157711485	TRUE	874	60	1.3043220100628146
ENSG00000103253	chr16:2206584-2206885	236	26073	TRUE	6.605389286858283e-5	-0.6208432238003578	TRUE	874	60	0.4842859672698105
ENSG00000103254	chr16:2206584-2206885	443	45280	TRUE	7.237969238594981e-5	-0.6270935233939103	TRUE	874	60	1.5716845318082857
ENSG00000103266	chr16:2206584-2206885	702	72240	TRUE	2.8609508874169985e-4	-0.3895361728210519	TRUE	874	60	2.2476744064918694
ENSG00000103024	chr16:2206584-2206885	238	22920	TRUE	3.5894262466809254e-4	-0.4571212958751725	TRUE	874	60	0.3398231194724835
ENSG00000086506	chr16:2206584-2206885	822	86844	TRUE	4.463210625398409e-4	-0.2028644743445578	TRUE	874	60	10.380022292363304
ENSG00000103202	chr16:2206584-2206885	808	82656	TRUE	5.736904244106437e-4	-0.341077048114502	TRUE	874	60	3.9204245966019773
ENSG00000007520	chr16:2206584-2206885	805	83723	TRUE	0.0010278879553397013	-0.279652683339364	TRUE	874	60	3.5910288863193642
ENSG00000206053	chr16:2206584-2206885	477	46739	TRUE	0.0032536565055682337	-0.27917338477488496	TRUE	874	60	0.8066502078189943
ENSG00000127554	chr16:2206584-2206885	411	42607	TRUE	0.0063208188576351215	-0.3648641029710074	TRUE	874	60	0.7540131462441535
ENSG00000103260	chr16:2206584-2206885	233	23458	TRUE	0.052	-0.36134472337113355	TRUE	874	60	0.34295863412398303
ENSG00000167969	chr16:2206584-2206885	852	89451	TRUE	6.021552920691636e-17	-0.44973297063283857	TRUE	874	61	5.668093794597747
ENSG00000074071	chr16:2206584-2206885	837	87891	TRUE	6.811245551712061e-14	-0.6006462553570029	TRUE	874	61	8.00711480567101
ENSG00000007520	chr16:2206584-2206885	805	83723	TRUE	3.6389828001542376e-13	-0.48589882156840103	TRUE	874	61	3.5910288863193642
ENSG00000095906	chr16:2206584-2206885	672	67382	TRUE	5.909126747939923e-13	-0.6129821529027104	TRUE	874	61	1.7336062585289123
ENSG00000086504	chr16:2206584-2206885	872	91943	TRUE	2.820375058445596e-12	-0.44331501306166254	TRUE	874	61	12.96360302926133
ENSG00000103275	chr16:2206584-2206885	857	89516	TRUE	4.1139549180423644e-12	-0.5051629175115449	TRUE	874	61	8.007781493171661
ENSG00000103266	chr16:2206584-2206885	702	72240	TRUE	4.627999405950231e-10	-0.5267650980152824	TRUE	874	61	2.2476744064918694
ENSG00000140990	chr16:2206584-2206885	872	92014	TRUE	4.710734230097674e-9	-0.4004227449807263	TRUE	874	61	18.28205048074419
ENSG00000065054	chr16:2206584-2206885	455	46398	TRUE	1.0919022337585769e-8	-0.6071146104787937	TRUE	874	61	0.8916736981364001
ENSG00000103202	chr16:2206584-2206885	808	82656	TRUE	1.1511253741951596e-8	-0.45405967917041123	TRUE	874	61	3.9204245966019773
ENSG00000162039	chr16:2206584-2206885	613	63798	TRUE	3.0624015511304555e-8	-0.5519004008105256	TRUE	874	61	1.6831567653155828
ENSG00000131653	chr16:2206584-2206885	516	55270	TRUE	1.9372344603935153e-7	-0.46915470470585435	TRUE	874	61	1.124816400512516
ENSG00000127554	chr16:2206584-2206885	411	42607	TRUE	2.7864912868331114e-6	-0.5147791436818254	TRUE	874	61	0.7540131462441535
ENSG00000065057	chr16:2206584-2206885	779	80453	TRUE	3.461957617516276e-6	-0.39058091733759515	TRUE	874	61	3.6725939352271424
ENSG00000007376	chr16:2206584-2206885	646	66888	TRUE	4.4125076334111885e-6	-0.5204410524033469	TRUE	874	61	2.134722960092503
ENSG00000174109	chr16:2206584-2206885	669	70408	TRUE	7.354775009492994e-6	-0.4336590478578555	TRUE	874	61	2.0785232871860577
ENSG00000140983	chr16:2206584-2206885	535	55617	TRUE	1.3291895991970632e-5	-0.4941846055621921	TRUE	874	61	1.1848495265477046
ENSG00000198736	chr16:2206584-2206885	597	60923	TRUE	2.1800468594058726e-5	-0.40466286225708625	TRUE	874	61	1.5289644468056294
ENSG00000103254	chr16:2206584-2206885	443	45280	TRUE	3.065353125922526e-5	-0.6774346421796581	TRUE	874	61	1.5716845318082857
ENSG00000127561	chr16:2206584-2206885	580	58201	TRUE	3.3059279319344994e-5	-0.4231456581680878	TRUE	874	61	1.3043220100628146
ENSG00000103260	chr16:2206584-2206885	233	23458	TRUE	1.0683622892973077e-4	-0.5807471021017698	TRUE	874	61	0.34295863412398303
ENSG00000206053	chr16:2206584-2206885	477	46739	TRUE	1.1732047591722986e-4	-0.354419279235897	TRUE	874	61	0.8066502078189943
ENSG00000103024	chr16:2206584-2206885	238	22920	TRUE	1.7905549721829693e-4	-0.4436380665115507	TRUE	874	61	0.3398231194724835
ENSG00000103253	chr16:2206584-2206885	236	26073	TRUE	0.0013688264010970619	-0.5343064733323624	TRUE	874	61	0.4842859672698105
ENSG00000188536	chr16:2206584-2206885	874	92410	TRUE	0.0063208973813222435	0.02642181635944496	TRUE	874	61	358.34205235580276
ENSG00000086506	chr16:2206584-2206885	822	86844	TRUE	0.007185670932554733	-0.11825457864050959	TRUE	874	61	10.380022292363304
ENSG00000063854	chr16:2206584-2206885	468	48895	TRUE	0.01711926975464466	-0.19382340362380107	TRUE	874	61	1.0312509765930185
ENSG00000103275	chr16:2206584-2206885	857	89516	TRUE	6.853516108015747e-18	-0.611350730126369	TRUE	874	62	8.007781493171661
ENSG00000174109	chr16:2206584-2206885	669	70408	TRUE	8.097588542675492e-12	-0.5625282153669364	TRUE	874	62	2.0785232871860577
ENSG00000086504	chr16:2206584-2206885	872	91943	TRUE	7.087044912821483e-11	-0.4260060237614409	TRUE	874	62	12.96360302926133
ENSG00000065057	chr16:2206584-2206885	779	80453	TRUE	7.57288466905866e-11	-0.5133756790421768	TRUE	874	62	3.6725939352271424
ENSG00000103202	chr16:2206584-2206885	808	82656	TRUE	1.1136239915420106e-10	-0.48346382608334126	TRUE	874	62	3.9204245966019773
ENSG00000162039	chr16:2206584-2206885	613	63798	TRUE	9.982630802212833e-9	-0.5478383754872904	TRUE	874	62	1.6831567653155828
ENSG00000007520	chr16:2206584-2206885	805	83723	TRUE	4.058864316241822e-8	-0.37937849791735956	TRUE	874	62	3.5910288863193642
ENSG00000103266	chr16:2206584-2206885	702	72240	TRUE	5.053792691983323e-8	-0.47631261565662475	TRUE	874	62	2.2476744064918694
ENSG00000140990	chr16:2206584-2206885	872	92014	TRUE	7.567435279901306e-8	-0.3707924470243187	TRUE	874	62	18.28205048074419
ENSG00000198736	chr16:2206584-2206885	597	60923	TRUE	1.3238766827970335e-7	-0.47681264801292167	TRUE	874	62	1.5289644468056294
ENSG00000167969	chr16:2206584-2206885	852	89451	TRUE	1.6769974512813356e-7	-0.33390899319659795	TRUE	874	62	5.668093794597747
ENSG00000074071	chr16:2206584-2206885	837	87891	TRUE	1.7686918461052269e-7	-0.4924148593432096	TRUE	874	62	8.00711480567101
ENSG00000140983	chr16:2206584-2206885	535	55617	TRUE	2.569938538200616e-7	-0.5433506623660765	TRUE	874	62	1.1848495265477046
ENSG00000103254	chr16:2206584-2206885	443	45280	TRUE	4.0701622972699227e-7	-0.7450998004435505	TRUE	874	62	1.5716845318082857
ENSG00000086506	chr16:2206584-2206885	822	86844	TRUE	1.2085438943704521e-6	-0.24967285733245914	TRUE	874	62	10.380022292363304
ENSG00000206053	chr16:2206584-2206885	477	46739	TRUE	1.2624653783546702e-6	-0.42070314699042644	TRUE	874	62	0.8066502078189943
ENSG00000007376	chr16:2206584-2206885	646	66888	TRUE	1.4967032995094783e-6	-0.4996525797322018	TRUE	874	62	2.134722960092503
ENSG00000188536	chr16:2206584-2206885	874	92410	TRUE	1.5227651110531846e-6	-0.08785584208474262	TRUE	874	62	358.34205235580276
ENSG00000063854	chr16:2206584-2206885	468	48895	TRUE	2.753256838426509e-6	-0.3780023887463553	TRUE	874	62	1.0312509765930185
ENSG00000095906	chr16:2206584-2206885	672	67382	TRUE	3.5173956647205785e-6	-0.4484052830344281	TRUE	874	62	1.7336062585289123
ENSG00000065054	chr16:2206584-2206885	455	46398	TRUE	2.529250359928478e-5	-0.4934985350596773	TRUE	874	62	0.8916736981364001
ENSG00000131653	chr16:2206584-2206885	516	55270	TRUE	2.694929069477006e-4	-0.3634984580969456	TRUE	874	62	1.124816400512516
ENSG00000127561	chr16:2206584-2206885	580	58201	TRUE	6.035318737940536e-4	-0.38791716985710617	TRUE	874	62	1.3043220100628146
ENSG00000103253	chr16:2206584-2206885	236	26073	TRUE	0.0010684797122773593	-0.5492053497117009	TRUE	874	62	0.4842859672698105
ENSG00000127554	chr16:2206584-2206885	411	42607	TRUE	0.0021359882496383084	-0.3892482615979664	TRUE	874	62	0.7540131462441535
ENSG00000103024	chr16:2206584-2206885	238	22920	TRUE	0.004731885444546571	-0.34008187468495343	TRUE	874	62	0.3398231194724835
ENSG00000103260	chr16:2206584-2206885	233	23458	TRUE	0.692	-0.20277169704447084	FALSE	874	62	0.34295863412398303
ENSG00000140990	chr16:2206584-2206885	872	92014	TRUE	6.317920484513055e-17	-0.5224335106559268	TRUE	874	63	18.28205048074419
ENSG00000086504	chr16:2206584-2206885	872	91943	TRUE	7.828871288721436e-16	-0.5135090655005574	TRUE	874	63	12.96360302926133
ENSG00000140983	chr16:2206584-2206885	535	55617	TRUE	7.218432304153925e-12	-0.6804695187251473	TRUE	874	63	1.1848495265477046
ENSG00000103202	chr16:2206584-2206885	808	82656	TRUE	5.373198624697342e-9	-0.4656387957359085	TRUE	874	63	3.9204245966019773
ENSG00000007520	chr16:2206584-2206885	805	83723	TRUE	8.541555958196782e-9	-0.4000626520890973	TRUE	874	63	3.5910288863193642
ENSG00000065057	chr16:2206584-2206885	779	80453	TRUE	1.1200518255363376e-7	-0.4221658075661767	TRUE	874	63	3.6725939352271424
ENSG00000074071	chr16:2206584-2206885	837	87891	TRUE	1.1491837897102154e-7	-0.507109487616586	TRUE	874	63	8.00711480567101
ENSG00000188536	chr16:2206584-2206885	874	92410	TRUE	2.5113234197076447e-7	-0.1575783537651727	TRUE	874	63	358.34205235580276
ENSG00000198736	chr16:2206584-2206885	597	60923	TRUE	5.558227590034617e-7	-0.438900231716845	TRUE	874	63	1.5289644468056294
ENSG00000086506	chr16:2206584-2206885	822	86844	TRUE	1.748015246967518e-6	-0.2746269594159494	TRUE	874	63	10.380022292363304
ENSG00000103266	chr16:2206584-2206885	702	72240	TRUE	2.6741391876493976e-6	-0.44839172006069095	TRUE	874	63	2.2476744064918694
ENSG00000131653	chr16:2206584-2206885	516	55270	TRUE	7.908258549340404e-6	-0.4191362669663935	TRUE	874	63	1.124816400512516
ENSG00000162039	chr16:2206584-2206885	613	63798	TRUE	8.028452086126955e-6	-0.4599779113694865	TRUE	874	63	1.6831567653155828
ENSG00000103254	chr16:2206584-2206885	443	45280	TRUE	2.712259842809015e-5	-0.6270935233939103	TRUE	874	63	1.5716845318082857
ENSG00000174109	chr16:2206584-2206885	669	70408	TRUE	3.101069146220145e-5	-0.3964456103080115	TRUE	874	63	2.0785232871860577
ENSG00000063854	chr16:2206584-2206885	468	48895	TRUE	4.4230705718488125e-5	-0.3277291822651316	TRUE	874	63	1.0312509765930185
ENSG00000103275	chr16:2206584-2206885	857	89516	TRUE	4.264188394424249e-4	-0.35421733480140505	TRUE	874	63	8.007781493171661
ENSG00000127561	chr16:2206584-2206885	580	58201	TRUE	6.205267889557269e-4	-0.3800292604267934	TRUE	874	63	1.3043220100628146
ENSG00000095906	chr16:2206584-2206885	672	67382	TRUE	8.098228207854951e-4	-0.37789932188851916	TRUE	874	63	1.7336062585289123
ENSG00000103253	chr16:2206584-2206885	236	26073	TRUE	8.784578723404031e-4	-0.5693129231602756	TRUE	874	63	0.4842859672698105
ENSG00000065054	chr16:2206584-2206885	455	46398	TRUE	0.0012431211954853309	-0.42796537502062076	TRUE	874	63	0.8916736981364001
ENSG00000167969	chr16:2206584-2206885	852	89451	TRUE	0.0016420253173915524	-0.24353258279897627	TRUE	874	63	5.668093794597747
ENSG00000007376	chr16:2206584-2206885	646	66888	TRUE	0.0024462257146477956	-0.4106122930552195	TRUE	874	63	2.134722960092503
ENSG00000127554	chr16:2206584-2206885	411	42607	TRUE	0.002972078134074435	-0.39746876840293494	TRUE	874	63	0.7540131462441535
ENSG00000103260	chr16:2206584-2206885	233	23458	TRUE	0.0057709624085998945	-0.4604528683840581	TRUE	874	63	0.34295863412398303
ENSG00000206053	chr16:2206584-2206885	477	46739	TRUE	0.021916014107229743	-0.2418199702925152	TRUE	874	63	0.8066502078189943
ENSG00000103024	chr16:2206584-2206885	238	22920	TRUE	0.08	-0.23182898403292973	TRUE	874	63	0.3398231194724835
ENSG00000065057	chr16:2206584-2206885	779	80453	TRUE	3.8067953418167257e-23	-0.7270874771478493	TRUE	874	64	3.6725939352271424
ENSG00000167969	chr16:2206584-2206885	852	89451	TRUE	1.3516500353106082e-19	-0.5364446038261694	TRUE	874	64	5.668093794597747
ENSG00000103275	chr16:2206584-2206885	857	89516	TRUE	4.473455805105407e-14	-0.5700268522781173	TRUE	874	64	8.007781493171661
ENSG00000086504	chr16:2206584-2206885	872	91943	TRUE	6.503724177225651e-14	-0.4975374816000748	TRUE	874	64	12.96360302926133
ENSG00000103202	chr16:2206584-2206885	808	82656	TRUE	2.2825309258756843e-13	-0.5517528551019877	TRUE	874	64	3.9204245966019773
ENSG00000007520	chr16:2206584-2206885	805	83723	TRUE	7.649399365072586e-13	-0.48283121454215383	TRUE	874	64	3.5910288863193642
ENSG00000162039	chr16:2206584-2206885	613	63798	TRUE	1.692158693685365e-11	-0.6156609902360202	TRUE	874	64	1.6831567653155828
ENSG00000140990	chr16:2206584-2206885	872	92014	TRUE	3.4153753293330984e-11	-0.4527457352236568	TRUE	874	64	18.28205048074419
ENSG00000065054	chr16:2206584-2206885	455	46398	TRUE	3.070460828726886e-9	-0.6260443390136445	TRUE	874	64	0.8916736981364001
ENSG00000063854	chr16:2206584-2206885	468	48895	TRUE	1.1120030751123207e-8	-0.440738144094318	TRUE	874	64	1.0312509765930185
ENSG00000095906	chr16:2206584-2206885	672	67382	TRUE	2.150782575281031e-8	-0.5225347858884948	TRUE	874	64	1.7336062585289123
ENSG00000127554	chr16:2206584-2206885	411	42607	TRUE	2.7540576966719515e-8	-0.6230707462152731	TRUE	874	64	0.7540131462441535
ENSG00000140983	chr16:2206584-2206885	535	55617	TRUE	3.617088492592773e-8	-0.5863028075506236	TRUE	874	64	1.1848495265477046
ENSG00000074071	chr16:2206584-2206885	837	87891	TRUE	4.9188688703959697e-8	-0.5309933865761556	TRUE	874	64	8.00711480567101
ENSG00000086506	chr16:2206584-2206885	822	86844	TRUE	5.705003430219813e-8	-0.28258747980519416	TRUE	874	64	10.380022292363304
ENSG00000103266	chr16:2206584-2206885	702	72240	TRUE	4.0873683867331497e-7	-0.4646935323897914	TRUE	874	64	2.2476744064918694
ENSG00000131653	chr16:2206584-2206885	516	55270	TRUE	7.967079434698023e-6	-0.4324330895798514	TRUE	874	64	1.124816400512516
ENSG00000188536	chr16:2206584-2206885	874	92410	TRUE	8.230147955337781e-6	-0.09148603777050113	TRUE	874	64	358.34205235580276
ENSG00000103253	chr16:2206584-2206885	236	26073	TRUE	1.3361412330728517e-5	-0.6688485967111899	TRUE	874	64	0.4842859672698105
ENSG00000198736	chr16:2206584-2206885	597	60923	TRUE	2.665032632144515e-5	-0.38851312226375667	TRUE	874	64	1.5289644468056294
ENSG00000007376	chr16:2206584-2206885	646	66888	TRUE	2.721213117606999e-5	-0.49244680999934975	TRUE	874	64	2.134722960092503
ENSG00000206053	chr16:2206584-2206885	477	46739	TRUE	2.7558718460154877e-5	-0.3820916977204515	TRUE	874	64	0.8066502078189943
ENSG00000103260	chr16:2206584-2206885	233	23458	TRUE	4.818096221147032e-5	-0.6303778698263702	TRUE	874	64	0.34295863412398303
ENSG00000127561	chr16:2206584-2206885	580	58201	TRUE	7.127200752433819e-5	-0.4329046246304162	TRUE	874	64	1.3043220100628146
ENSG00000174109	chr16:2206584-2206885	669	70408	TRUE	3.0865276726520924e-4	-0.38753700198841545	TRUE	874	64	2.0785232871860577
ENSG00000103254	chr16:2206584-2206885	443	45280	TRUE	8.56446126272517e-4	-0.5738283732937215	TRUE	874	64	1.5716845318082857
ENSG00000103024	chr16:2206584-2206885	238	22920	TRUE	0.024	-0.2970131527930673	TRUE	874	64	0.3398231194724835
ENSG00000086504	chr16:2206584-2206885	872	91943	TRUE	8.659738450063891e-27	-0.6631600825736914	TRUE	874	65	12.96360302926133
ENSG00000103275	chr16:2206584-2206885	857	89516	TRUE	6.29186833030806e-16	-0.5943829048405043	TRUE	874	65	8.007781493171661
ENSG00000140990	chr16:2206584-2206885	872	92014	TRUE	4.0060160723705957e-13	-0.48911913711120514	TRUE	874	65	18.28205048074419
ENSG00000007376	chr16:2206584-2206885	646	66888	TRUE	1.2925163857022246e-11	-0.6530322906871304	TRUE	874	65	2.134722960092503
ENSG00000167969	chr16:2206584-2206885	852	89451	TRUE	1.3962597851306772e-11	-0.42035370863914734	TRUE	874	65	5.668093794597747
ENSG00000103202	chr16:2206584-2206885	808	82656	TRUE	5.759457372021326e-11	-0.4902054039623964	TRUE	874	65	3.9204245966019773
ENSG00000065054	chr16:2206584-2206885	455	46398	TRUE	3.1033170108092884e-10	-0.6646656330409522	TRUE	874	65	0.8916736981364001
ENSG00000074071	chr16:2206584-2206885	837	87891	TRUE	5.661756523659356e-10	-0.5610536028123994	TRUE	874	65	8.00711480567101
ENSG00000174109	chr16:2206584-2206885	669	70408	TRUE	2.838883170473337e-9	-0.5382249676843383	TRUE	874	65	2.0785232871860577
ENSG00000131653	chr16:2206584-2206885	516	55270	TRUE	1.846942040034964e-8	-0.5008200645601016	TRUE	874	65	1.124816400512516
ENSG00000103266	chr16:2206584-2206885	702	72240	TRUE	2.7064308407626813e-8	-0.4998353385100486	TRUE	874	65	2.2476744064918694
ENSG00000007520	chr16:2206584-2206885	805	83723	TRUE	1.2252578898778446e-7	-0.38452180119331913	TRUE	874	65	3.5910288863193642
ENSG00000127561	chr16:2206584-2206885	580	58201	TRUE	1.3521779775432357e-7	-0.5221025172515034	TRUE	874	65	1.3043220100628146
ENSG00000063854	chr16:2206584-2206885	468	48895	TRUE	1.5749723458485814e-7	-0.41741706985969873	TRUE	874	65	1.0312509765930185
ENSG00000086506	chr16:2206584-2206885	822	86844	TRUE	1.5877347344118885e-7	-0.3077262815538755	TRUE	874	65	10.380022292363304
ENSG00000198736	chr16:2206584-2206885	597	60923	TRUE	2.338220544147564e-7	-0.46971624885044827	TRUE	874	65	1.5289644468056294
ENSG00000065057	chr16:2206584-2206885	779	80453	TRUE	1.2663755806469707e-6	-0.402344366653433	TRUE	874	65	3.6725939352271424
ENSG00000188536	chr16:2206584-2206885	874	92410	TRUE	1.283825423177001e-6	-0.1356655023092035	TRUE	874	65	358.34205235580276
ENSG00000127554	chr16:2206584-2206885	411	42607	TRUE	1.7298769063044974e-6	-0.5479460076170248	TRUE	874	65	0.7540131462441535
ENSG00000206053	chr16:2206584-2206885	477	46739	TRUE	2.037543569660848e-6	-0.42070314699042644	TRUE	874	65	0.8066502078189943
ENSG00000140983	chr16:2206584-2206885	535	55617	TRUE	5.792469847125519e-6	-0.5223448042457743	TRUE	874	65	1.1848495265477046
ENSG00000162039	chr16:2206584-2206885	613	63798	TRUE	7.810808989932411e-6	-0.471473550207316	TRUE	874	65	1.6831567653155828
ENSG00000103253	chr16:2206584-2206885	236	26073	TRUE	5.635987669901782e-5	-0.600009720383192	TRUE	874	65	0.4842859672698105
ENSG00000095906	chr16:2206584-2206885	672	67382	TRUE	7.38146293116566e-4	-0.3709185258124038	TRUE	874	65	1.7336062585289123
ENSG00000103260	chr16:2206584-2206885	233	23458	TRUE	0.0035528689059178623	-0.48633150020966354	TRUE	874	65	0.34295863412398303
ENSG00000103024	chr16:2206584-2206885	238	22920	TRUE	0.004214184004528693	-0.37165195368582316	TRUE	874	65	0.3398231194724835
ENSG00000103254	chr16:2206584-2206885	443	45280	TRUE	0.009610715586219315	-0.4959877708421261	TRUE	874	65	1.5716845318082857
ENSG00000086504	chr16:2206584-2206885	872	91943	TRUE	9.538696489402702e-16	-0.5066910233171584	TRUE	874	66	12.96360302926133
ENSG00000174109	chr16:2206584-2206885	669	70408	TRUE	3.654768463602623e-14	-0.6497821873206409	TRUE	874	66	2.0785232871860577
ENSG00000074071	chr16:2206584-2206885	837	87891	TRUE	2.62647639362783e-13	-0.6325137052835657	TRUE	874	66	8.00711480567101
ENSG00000103275	chr16:2206584-2206885	857	89516	TRUE	2.899061878384907e-13	-0.5469340016305986	TRUE	874	66	8.007781493171661
ENSG00000167969	chr16:2206584-2206885	852	89451	TRUE	5.872940803483923e-13	-0.42293291128912314	TRUE	874	66	5.668093794597747
ENSG00000103202	chr16:2206584-2206885	808	82656	TRUE	2.6118787672948716e-12	-0.545303079901204	TRUE	874	66	3.9204245966019773
ENSG00000140990	chr16:2206584-2206885	872	92014	TRUE	4.386079406189428e-11	-0.44882617274610936	TRUE	874	66	18.28205048074419
ENSG00000103266	chr16:2206584-2206885	702	72240	TRUE	5.635097815338819e-9	-0.5057764383578337	TRUE	874	66	2.2476744064918694
ENSG00000140983	chr16:2206584-2206885	535	55617	TRUE	2.543892800493182e-8	-0.5705354916923071	TRUE	874	66	1.1848495265477046
ENSG00000127561	chr16:2206584-2206885	580	58201	TRUE	5.605840264362292e-8	-0.544850151080099	TRUE	874	66	1.3043220100628146
ENSG00000095906	chr16:2206584-2206885	672	67382	TRUE	8.721255054350778e-8	-0.5109777544660952	TRUE	874	66	1.7336062585289123
ENSG00000065054	chr16:2206584-2206885	455	46398	TRUE	1.0910898680941339e-7	-0.5778608055036796	TRUE	874	66	0.8916736981364001
ENSG00000206053	chr16:2206584-2206885	477	46739	TRUE	1.5848314437507391e-7	-0.45502322017430263	TRUE	874	66	0.8066502078189943
ENSG00000131653	chr16:2206584-2206885	516	55270	TRUE	2.394220015831418e-7	-0.46719850774052807	TRUE	874	66	1.124816400512516
ENSG00000007376	chr16:2206584-2206885	646	66888	TRUE	4.6478551019221975e-6	-0.5006849196981751	TRUE	874	66	2.134722960092503
ENSG00000162039	chr16:2206584-2206885	613	63798	TRUE	1.4933323772190821e-5	-0.47019172423148575	TRUE	874	66	1.6831567653155828
ENSG00000103260	chr16:2206584-2206885	233	23458	TRUE	4.5211301924176495e-5	-0.6376094390574463	TRUE	874	66	0.34295863412398303
ENSG00000188536	chr16:2206584-2206885	874	92410	TRUE	8.011967843600011e-5	-0.10581303351192517	TRUE	874	66	358.34205235580276
ENSG00000127554	chr16:2206584-2206885	411	42607	TRUE	1.4138773783560314e-4	-0.4620988270056479	TRUE	874	66	0.7540131462441535
ENSG00000065057	chr16:2206584-2206885	779	80453	TRUE	5.788189826512573e-4	-0.34176430097197774	TRUE	874	66	3.6725939352271424
ENSG00000198736	chr16:2206584-2206885	597	60923	TRUE	6.368918157259179e-4	-0.33079762440746924	TRUE	874	66	1.5289644468056294
ENSG00000103024	chr16:2206584-2206885	238	22920	TRUE	9.585657158077548e-4	-0.41047120257635106	TRUE	874	66	0.3398231194724835
ENSG00000063854	chr16:2206584-2206885	468	48895	TRUE	0.0032942813690574058	-0.24889478611747687	TRUE	874	66	1.0312509765930185
ENSG00000086506	chr16:2206584-2206885	822	86844	TRUE	0.008910667075665207	-0.1329226284293452	TRUE	874	66	10.380022292363304
ENSG00000103253	chr16:2206584-2206885	236	26073	TRUE	0.011054253822103989	-0.4667431895197278	TRUE	874	66	0.4842859672698105
ENSG00000007520	chr16:2206584-2206885	805	83723	TRUE	0.048	-0.2125626858562064	TRUE	874	66	3.5910288863193642
ENSG00000103254	chr16:2206584-2206885	443	45280	TRUE	0.06	-0.47142451780231337	TRUE	874	66	1.5716845318082857
ENSG00000007520	chr16:2206584-2206885	805	83723	TRUE	3.8306087932477155e-21	-0.5824106651573213	TRUE	874	67	3.5910288863193642
ENSG00000065057	chr16:2206584-2206885	779	80453	TRUE	4.1152378173771083e-19	-0.6888543424160698	TRUE	874	67	3.6725939352271424
ENSG00000140990	chr16:2206584-2206885	872	92014	TRUE	3.9337927801504554e-17	-0.544317718705047	TRUE	874	67	18.28205048074419
ENSG00000167969	chr16:2206584-2206885	852	89451	TRUE	5.372079450826224e-17	-0.4870297230005729	TRUE	874	67	5.668093794597747
ENSG00000103266	chr16:2206584-2206885	702	72240	TRUE	8.263961143267964e-17	-0.7089490684898759	TRUE	874	67	2.2476744064918694
ENSG00000103275	chr16:2206584-2206885	857	89516	TRUE	1.8125024414636835e-14	-0.5650885980464659	TRUE	874	67	8.007781493171661
ENSG00000174109	chr16:2206584-2206885	669	70408	TRUE	2.134830797474159e-14	-0.6403450642779476	TRUE	874	67	2.0785232871860577
ENSG00000086504	chr16:2206584-2206885	872	91943	TRUE	4.18222612203924e-14	-0.46876292536148645	TRUE	874	67	12.96360302926133
ENSG00000140983	chr16:2206584-2206885	535	55617	TRUE	2.39531984118189e-13	-0.7147190806780577	TRUE	874	67	1.1848495265477046
ENSG00000074071	chr16:2206584-2206885	837	87891	TRUE	1.9636985896284953e-10	-0.5636595754964775	TRUE	874	67	8.00711480567101
ENSG00000007376	chr16:2206584-2206885	646	66888	TRUE	4.4275949820384066e-10	-0.646162301320086	TRUE	874	67	2.134722960092503
ENSG00000131653	chr16:2206584-2206885	516	55270	TRUE	8.34102517032609e-10	-0.5352438951636268	TRUE	874	67	1.124816400512516
ENSG00000127561	chr16:2206584-2206885	580	58201	TRUE	5.061260102704265e-9	-0.5536956419468202	TRUE	874	67	1.3043220100628146
ENSG00000095906	chr16:2206584-2206885	672	67382	TRUE	1.1184046452852544e-8	-0.5109777544660952	TRUE	874	67	1.7336062585289123
ENSG00000188536	chr16:2206584-2206885	874	92410	TRUE	1.419004738012616e-8	-0.1567971040314191	TRUE	874	67	358.34205235580276
ENSG00000103202	chr16:2206584-2206885	808	82656	TRUE	4.463683092239553e-8	-0.431717213119458	TRUE	874	67	3.9204245966019773
ENSG00000206053	chr16:2206584-2206885	477	46739	TRUE	6.492254799988486e-8	-0.46844373593662436	TRUE	874	67	0.8066502078189943
ENSG00000162039	chr16:2206584-2206885	613	63798	TRUE	7.757545649440955e-8	-0.5237035089798736	TRUE	874	67	1.6831567653155828
ENSG00000103254	chr16:2206584-2206885	443	45280	TRUE	8.791252372012141e-8	-0.7416400984476835	TRUE	874	67	1.5716845318082857
ENSG00000198736	chr16:2206584-2206885	597	60923	TRUE	1.8481171682113717e-6	-0.43060885808545357	TRUE	874	67	1.5289644468056294
ENSG00000103024	chr16:2206584-2206885	238	22920	TRUE	5.245301542546434e-6	-0.5697790966446348	TRUE	874	67	0.3398231194724835
ENSG00000086506	chr16:2206584-2206885	822	86844	TRUE	5.834808589461364e-6	-0.26324811459675646	TRUE	874	67	10.380022292363304
ENSG00000063854	chr16:2206584-2206885	468	48895	TRUE	7.390664849398106e-6	-0.375957462761331	TRUE	874	67	1.0312509765930185
ENSG00000103260	chr16:2206584-2206885	233	23458	TRUE	7.484942839136284e-6	-0.6817770223330148	TRUE	874	67	0.34295863412398303
ENSG00000127554	chr16:2206584-2206885	411	42607	TRUE	9.419559317274447e-6	-0.49406316664172684	TRUE	874	67	0.7540131462441535
ENSG00000065054	chr16:2206584-2206885	455	46398	TRUE	4.0634314657275045e-4	-0.42559447055787375	TRUE	874	67	0.8916736981364001
ENSG00000103253	chr16:2206584-2206885	236	26073	TRUE	0.0020205380619920735	-0.5244586873760151	TRUE	874	67	0.4842859672698105
ENSG00000103275	chr16:2206584-2206885	857	89516	TRUE	3.558207231541493e-19	-0.6416097051253771	TRUE	874	68	8.007781493171661
ENSG00000007520	chr16:2206584-2206885	805	83723	TRUE	1.6577505055775247e-16	-0.555735498604204	TRUE	874	68	3.5910288863193642
ENSG00000162039	chr16:2206584-2206885	613	63798	TRUE	2.183408064558851e-15	-0.6987902155379648	TRUE	874	68	1.6831567653155828
ENSG00000103202	chr16:2206584-2206885	808	82656	TRUE	3.4575915594804278e-15	-0.584441473808162	TRUE	874	68	3.9204245966019773
ENSG00000198736	chr16:2206584-2206885	597	60923	TRUE	3.555049425092114e-15	-0.6862215525715292	TRUE	874	68	1.5289644468056294
ENSG00000086504	chr16:2206584-2206885	872	91943	TRUE	1.3257037671102827e-13	-0.48978556809119134	TRUE	874	68	12.96360302926133
ENSG00000206053	chr16:2206584-2206885	477	46739	TRUE	4.721484834988074e-12	-0.618949480995172	TRUE	874	68	0.8066502078189943
ENSG00000095906	chr16:2206584-2206885	672	67382	TRUE	7.302302523076308e-12	-0.5993201659501242	TRUE	874	68	1.7336062585289123
ENSG00000074071	chr16:2206584-2206885	837	87891	TRUE	1.1458833456232989e-11	-0.5929360476813295	TRUE	874	68	8.00711480567101
ENSG00000188536	chr16:2206584-2206885	874	92410	TRUE	1.5225875529530512e-11	-0.2213888057729605	TRUE	874	68	358.34205235580276
ENSG00000103266	chr16:2206584-2206885	702	72240	TRUE	5.003062889539438e-11	-0.5738359199538254	TRUE	874	68	2.2476744064918694
ENSG00000167969	chr16:2206584-2206885	852	89451	TRUE	8.3741532885847e-11	-0.4057032142112602	TRUE	874	68	5.668093794597747
ENSG00000065057	chr16:2206584-2206885	779	80453	TRUE	1.2206239668648593e-10	-0.5397354039473528	TRUE	874	68	3.6725939352271424
ENSG00000086506	chr16:2206584-2206885	822	86844	TRUE	2.414783309849012e-9	-0.3282781247387354	TRUE	874	68	10.380022292363304
ENSG00000174109	chr16:2206584-2206885	669	70408	TRUE	2.3986929325970064e-8	-0.5197216467562678	TRUE	874	68	2.0785232871860577
ENSG00000140990	chr16:2206584-2206885	872	92014	TRUE	3.5320950407942376e-8	-0.42308092128836705	TRUE	874	68	18.28205048074419
ENSG00000131653	chr16:2206584-2206885	516	55270	TRUE	7.648287504360019e-7	-0.4613457814950902	TRUE	874	68	1.124816400512516
ENSG00000065054	chr16:2206584-2206885	455	46398	TRUE	8.393799719992687e-7	-0.5726050800521844	TRUE	874	68	0.8916736981364001
ENSG00000140983	chr16:2206584-2206885	535	55617	TRUE	5.1058150772452125e-6	-0.5204502602559978	TRUE	874	68	1.1848495265477046
ENSG00000103253	chr16:2206584-2206885	236	26073	TRUE	8.459961768178493e-6	-0.6852120429200774	TRUE	874	68	0.4842859672698105
ENSG00000007376	chr16:2206584-2206885	646	66888	TRUE	5.015458990407357e-5	-0.4955305910970149	TRUE	874	68	2.134722960092503
ENSG00000127561	chr16:2206584-2206885	580	58201	TRUE	5.4308689203767715e-5	-0.4296442954668296	TRUE	874	68	1.3043220100628146
ENSG00000103254	chr16:2206584-2206885	443	45280	TRUE	6.031754225790248e-5	-0.6561095972540798	TRUE	874	68	1.5716845318082857
ENSG00000103260	chr16:2206584-2206885	233	23458	TRUE	1.18407298564778e-4	-0.6018087176295994	TRUE	874	68	0.34295863412398303
ENSG00000127554	chr16:2206584-2206885	411	42607	TRUE	1.555877192141843e-4	-0.482357665989448	TRUE	874	68	0.7540131462441535
ENSG00000103024	chr16:2206584-2206885	238	22920	TRUE	0.0034837737447655157	-0.365282428810096	TRUE	874	68	0.3398231194724835
ENSG00000063854	chr16:2206584-2206885	468	48895	TRUE	0.011706799408032056	-0.22293299225352173	TRUE	874	68	1.0312509765930185
ENSG00000086504	chr16:2206584-2206885	872	91943	TRUE	4.6542793408039697e-29	-0.6518329238295828	TRUE	874	69	12.96360302926133
ENSG00000140990	chr16:2206584-2206885	872	92014	TRUE	2.900778297851125e-19	-0.5629399802673278	TRUE	874	69	18.28205048074419
ENSG00000007520	chr16:2206584-2206885	805	83723	TRUE	1.4801382893574846e-17	-0.555735498604204	TRUE	874	69	3.5910288863193642
ENSG00000074071	chr16:2206584-2206885	837	87891	TRUE	2.1808208270651492e-16	-0.6782193397593335	TRUE	874	69	8.00711480567101
ENSG00000095906	chr16:2206584-2206885	672	67382	TRUE	1.7224693650452655e-15	-0.6746811388581042	TRUE	874	69	1.7336062585289123
ENSG00000103202	chr16:2206584-2206885	808	82656	TRUE	3.089543993022351e-13	-0.5284360640794201	TRUE	874	69	3.9204245966019773
ENSG00000103275	chr16:2206584-2206885	857	89516	TRUE	3.4943440629521986e-13	-0.5486532014855503	TRUE	874	69	8.007781493171661
ENSG00000140983	chr16:2206584-2206885	535	55617	TRUE	4.0200783825657896e-11	-0.6720326815765074	TRUE	874	69	1.1848495265477046
ENSG00000007376	chr16:2206584-2206885	646	66888	TRUE	9.390886420371908e-11	-0.6212485810263977	TRUE	874	69	2.134722960092503
ENSG00000167969	chr16:2206584-2206885	852	89451	TRUE	3.178992124572979e-10	-0.3807755982345724	TRUE	874	69	5.668093794597747
ENSG00000065057	chr16:2206584-2206885	779	80453	TRUE	3.3086968419412493e-10	-0.5151991826018456	TRUE	874	69	3.6725939352271424
ENSG00000198736	chr16:2206584-2206885	597	60923	TRUE	6.87434310464466e-10	-0.5260166460136916	TRUE	874	69	1.5289644468056294
ENSG00000065054	chr16:2206584-2206885	455	46398	TRUE	1.0835469103199726e-9	-0.6618724181492714	TRUE	874	69	0.8916736981364001
ENSG00000131653	chr16:2206584-2206885	516	55270	TRUE	1.6391973207026671e-9	-0.5209697641815088	TRUE	874	69	1.124816400512516
ENSG00000188536	chr16:2206584-2206885	874	92410	TRUE	2.0531098487985844e-9	-0.10446350968767426	TRUE	874	69	358.34205235580276
ENSG00000063854	chr16:2206584-2206885	468	48895	TRUE	2.285166216970603e-9	-0.4775380622972696	TRUE	874	69	1.0312509765930185
ENSG00000174109	chr16:2206584-2206885	669	70408	TRUE	3.741464744002529e-9	-0.5143243526165424	TRUE	874	69	2.0785232871860577
ENSG00000086506	chr16:2206584-2206885	822	86844	TRUE	4.345488827220794e-9	-0.3075281771881828	TRUE	874	69	10.380022292363304
ENSG00000162039	chr16:2206584-2206885	613	63798	TRUE	1.1500575117711578e-8	-0.568263847019413	TRUE	874	69	1.6831567653155828
ENSG00000103266	chr16:2206584-2206885	702	72240	TRUE	2.5783862767803117e-8	-0.501812987950491	TRUE	874	69	2.2476744064918694
ENSG00000127554	chr16:2206584-2206885	411	42607	TRUE	2.9861311535896856e-8	-0.5944385928594762	TRUE	874	69	0.7540131462441535
ENSG00000103253	chr16:2206584-2206885	236	26073	TRUE	7.957714586503202e-8	-0.7933936946494933	TRUE	874	69	0.4842859672698105
ENSG00000206053	chr16:2206584-2206885	477	46739	TRUE	2.66485302190226e-7	-0.4364417944325769	TRUE	874	69	0.8066502078189943
ENSG00000127561	chr16:2206584-2206885	580	58201	TRUE	1.230043848642542e-5	-0.4592559515773685	TRUE	874	69	1.3043220100628146
ENSG00000103024	chr16:2206584-2206885	238	22920	TRUE	1.6159415949458002e-05	-0.5624742960214013	TRUE	874	69	0.3398231194724835
ENSG00000103254	chr16:2206584-2206885	443	45280	TRUE	4e-4	-0.7980163082917836	TRUE	874	69	1.5716845318082857
ENSG00000103260	chr16:2206584-2206885	233	23458	TRUE	0.006073632176013685	-0.4668791375434911	TRUE	874	69	0.34295863412398303
ENSG00000086504	chr16:2206584-2206885	872	91943	TRUE	2.208810534618833e-27	-0.6539029229389985	TRUE	874	70	12.96360302926133
ENSG00000065057	chr16:2206584-2206885	779	80453	TRUE	1.4546227123373052e-20	-0.7074967487899686	TRUE	874	70	3.6725939352271424
ENSG00000103202	chr16:2206584-2206885	808	82656	TRUE	5.203511152057519e-19	-0.6389586198364121	TRUE	874	70	3.9204245966019773
ENSG00000103275	chr16:2206584-2206885	857	89516	TRUE	3.13767545279922e-13	-0.565378616147933	TRUE	874	70	8.007781493171661
ENSG00000007520	chr16:2206584-2206885	805	83723	TRUE	4.78283590719699e-11	-0.4525086388694126	TRUE	874	70	3.5910288863193642
ENSG00000127561	chr16:2206584-2206885	580	58201	TRUE	3.903721749652455e-9	-0.5643823207440676	TRUE	874	70	1.3043220100628146
ENSG00000140990	chr16:2206584-2206885	872	92014	TRUE	1.3593814919695638e-8	-0.4313773316220524	TRUE	874	70	18.28205048074419
ENSG00000074071	chr16:2206584-2206885	837	87891	TRUE	1.5536909919226468e-8	-0.5472340275833663	TRUE	874	70	8.00711480567101
ENSG00000167969	chr16:2206584-2206885	852	89451	TRUE	1.848509987070049e-8	-0.36015007750812966	TRUE	874	70	5.668093794597747
ENSG00000063854	chr16:2206584-2206885	468	48895	TRUE	2.864063594666417e-7	-0.41321708133041324	TRUE	874	70	1.0312509765930185
ENSG00000131653	chr16:2206584-2206885	516	55270	TRUE	1.5417847927696337e-6	-0.45357889845140015	TRUE	874	70	1.124816400512516
ENSG00000095906	chr16:2206584-2206885	672	67382	TRUE	1.932356030661039e-6	-0.4706200168499544	TRUE	874	70	1.7336062585289123
ENSG00000103266	chr16:2206584-2206885	702	72240	TRUE	3.461873256200166e-6	-0.45316727900876386	TRUE	874	70	2.2476744064918694
ENSG00000162039	chr16:2206584-2206885	613	63798	TRUE	7.046241969321668e-6	-0.47661227350628865	TRUE	874	70	1.6831567653155828
ENSG00000127554	chr16:2206584-2206885	411	42607	TRUE	1.0106690248155468e-5	-0.5029050433935338	TRUE	874	70	0.7540131462441535
ENSG00000188536	chr16:2206584-2206885	874	92410	TRUE	1.187813652736222e-5	-0.08445322347082573	TRUE	874	70	358.34205235580276
ENSG00000174109	chr16:2206584-2206885	669	70408	TRUE	1.5060737870995107e-5	-0.4054095710536818	TRUE	874	70	2.0785232871860577
ENSG00000206053	chr16:2206584-2206885	477	46739	TRUE	3.597292077713119e-5	-0.36693189054944575	TRUE	874	70	0.8066502078189943
ENSG00000086506	chr16:2206584-2206885	822	86844	TRUE	0.0012362399568092673	-0.21991386271678204	TRUE	874	70	10.380022292363304
ENSG00000103253	chr16:2206584-2206885	236	26073	TRUE	0.0017918923482936645	-0.5492053497117009	TRUE	874	70	0.4842859672698105
ENSG00000065054	chr16:2206584-2206885	455	46398	TRUE	0.0033893401201765907	-0.3835712556621673	TRUE	874	70	0.8916736981364001
ENSG00000103254	chr16:2206584-2206885	443	45280	TRUE	0.005641779939411423	-0.5224599822033171	TRUE	874	70	1.5716845318082857
ENSG00000140983	chr16:2206584-2206885	535	55617	TRUE	0.007566158525231098	-0.3884650603879053	TRUE	874	70	1.1848495265477046
ENSG00000007376	chr16:2206584-2206885	646	66888	TRUE	0.007800059005995952	-0.4106122930552195	TRUE	874	70	2.134722960092503
ENSG00000198736	chr16:2206584-2206885	597	60923	TRUE	0.009051335635315103	-0.3053076496534194	TRUE	874	70	1.5289644468056294
ENSG00000103260	chr16:2206584-2206885	233	23458	TRUE	0.011230742479692177	-0.4413440454363535	TRUE	874	70	0.34295863412398303
ENSG00000103024	chr16:2206584-2206885	238	22920	TRUE	0.0113900184115973	-0.315313969536011	TRUE	874	70	0.3398231194724835
ENSG00000103275	chr16:2206584-2206885	857	89516	TRUE	2.721671915567866e-16	-0.5837683011695298	TRUE	874	71	8.007781493171661
ENSG00000188536	chr16:2206584-2206885	874	92410	TRUE	1.362940425017341e-14	-0.2987650615559687	TRUE	874	71	358.34205235580276
ENSG00000086504	chr16:2206584-2206885	872	91943	TRUE	6.907884674563487e-14	-0.4809053545631228	TRUE	874	71	12.96360302926133
ENSG00000174109	chr16:2206584-2206885	669	70408	TRUE	9.956611119425001e-13	-0.6089429651388139	TRUE	874	71	2.0785232871860577
ENSG00000095906	chr16:2206584-2206885	672	67382	TRUE	9.10614802825904e-11	-0.5590937205412817	TRUE	874	71	1.7336062585289123
ENSG00000167969	chr16:2206584-2206885	852	89451	TRUE	8.449265209255552e-10	-0.3754130779696623	TRUE	874	71	5.668093794597747
ENSG00000103266	chr16:2206584-2206885	702	72240	TRUE	1.4410488578136572e-8	-0.5077622542816774	TRUE	874	71	2.2476744064918694
ENSG00000140990	chr16:2206584-2206885	872	92014	TRUE	8.796592505769967e-8	-0.40191461446351173	TRUE	874	71	18.28205048074419
ENSG00000065057	chr16:2206584-2206885	779	80453	TRUE	1.4635536936590064e-7	-0.45679215067580925	TRUE	874	71	3.6725939352271424
ENSG00000007520	chr16:2206584-2206885	805	83723	TRUE	3.281843766366907e-7	-0.3828053286042976	TRUE	874	71	3.5910288863193642
ENSG00000162039	chr16:2206584-2206885	613	63798	TRUE	5.217702194470906e-7	-0.5091507533511886	TRUE	874	71	1.6831567653155828
ENSG00000127561	chr16:2206584-2206885	580	58201	TRUE	2.1019832564840037e-6	-0.47597334652230233	TRUE	874	71	1.3043220100628146
ENSG00000206053	chr16:2206584-2206885	477	46739	TRUE	1.1817197830762526e-5	-0.39741249700420733	TRUE	874	71	0.8066502078189943
ENSG00000140983	chr16:2206584-2206885	535	55617	TRUE	1.4833084101277929e-5	-0.4904711027631279	TRUE	874	71	1.1848495265477046
ENSG00000086506	chr16:2206584-2206885	822	86844	TRUE	1.8477501445844733e-5	-0.2597943942698535	TRUE	874	71	10.380022292363304
ENSG00000007376	chr16:2206584-2206885	646	66888	TRUE	2.486534126180072e-5	-0.47509547548822295	TRUE	874	71	2.134722960092503
ENSG00000131653	chr16:2206584-2206885	516	55270	TRUE	2.58461934543664e-5	-0.3966230136393242	TRUE	874	71	1.124816400512516
ENSG00000103260	chr16:2206584-2206885	233	23458	TRUE	2.7653447038904037e-5	-0.6160225768493004	TRUE	874	71	0.34295863412398303
ENSG00000063854	chr16:2206584-2206885	468	48895	TRUE	5.365285311685988e-5	-0.3100512818863602	TRUE	874	71	1.0312509765930185
ENSG00000074071	chr16:2206584-2206885	837	87891	TRUE	5.110841457462382e-4	-0.39302631324732307	TRUE	874	71	8.00711480567101
ENSG00000103254	chr16:2206584-2206885	443	45280	TRUE	0.003002886996543483	-0.560051870340713	TRUE	874	71	1.5716845318082857
ENSG00000103202	chr16:2206584-2206885	808	82656	TRUE	0.0034251560910959523	-0.3094344263082922	TRUE	874	71	3.9204245966019773
ENSG00000127554	chr16:2206584-2206885	411	42607	TRUE	0.013379620546798983	-0.35682678390558903	TRUE	874	71	0.7540131462441535
ENSG00000198736	chr16:2206584-2206885	597	60923	TRUE	0.024	-0.27654034547461953	TRUE	874	71	1.5289644468056294
ENSG00000103253	chr16:2206584-2206885	236	26073	TRUE	0.028	-0.42035028403527663	TRUE	874	71	0.4842859672698105
ENSG00000065054	chr16:2206584-2206885	455	46398	TRUE	0.036	-0.3427375381535897	TRUE	874	71	0.8916736981364001
ENSG00000103024	chr16:2206584-2206885	238	22920	TRUE	0.068	-0.24931641076177113	TRUE	874	71	0.3398231194724835
ENSG00000167969	chr16:2206584-2206885	852	89451	TRUE	4.941559531050741e-20	-0.509957884341619	TRUE	874	72	5.668093794597747
ENSG00000086504	chr16:2206584-2206885	872	91943	TRUE	1.4805030969118034e-19	-0.5598640038273319	TRUE	874	72	12.96360302926133
ENSG00000103202	chr16:2206584-2206885	808	82656	TRUE	6.319285034738747e-16	-0.5808392371279665	TRUE	874	72	3.9204245966019773
ENSG00000007520	chr16:2206584-2206885	805	83723	TRUE	2.7029280094971043e-14	-0.5150577014483677	TRUE	874	72	3.5910288863193642
ENSG00000095906	chr16:2206584-2206885	672	67382	TRUE	1.7758204319411078e-12	-0.6393018514416348	TRUE	874	72	1.7336062585289123
ENSG00000065057	chr16:2206584-2206885	779	80453	TRUE	4.648729185027667e-12	-0.5565364418311489	TRUE	874	72	3.6725939352271424
ENSG00000074071	chr16:2206584-2206885	837	87891	TRUE	2.038445701558805e-9	-0.5281629068750413	TRUE	874	72	8.00711480567101
ENSG00000188536	chr16:2206584-2206885	874	92410	TRUE	1.5430227887026828e-8	-0.1480637114908525	TRUE	874	72	358.34205235580276
ENSG00000140990	chr16:2206584-2206885	872	92014	TRUE	1.9612555488415656e-7	-0.3769859723035527	TRUE	874	72	18.28205048074419
ENSG00000140983	chr16:2206584-2206885	535	55617	TRUE	5.064398810521138e-7	-0.5510656274940819	TRUE	874	72	1.1848495265477046
ENSG00000198736	chr16:2206584-2206885	597	60923	TRUE	6.083598874849846e-7	-0.438900231716845	TRUE	874	72	1.5289644468056294
ENSG00000162039	chr16:2206584-2206885	613	63798	TRUE	6.515005612120592e-7	-0.48824176358820803	TRUE	874	72	1.6831567653155828
ENSG00000174109	chr16:2206584-2206885	669	70408	TRUE	1.7176775407128629e-6	-0.4479939639302295	TRUE	874	72	2.0785232871860577
ENSG00000131653	chr16:2206584-2206885	516	55270	TRUE	3.6023658116864e-6	-0.4248199054699763	TRUE	874	72	1.124816400512516
ENSG00000065054	chr16:2206584-2206885	455	46398	TRUE	1.0029560819279845e-5	-0.4984733504749696	TRUE	874	72	0.8916736981364001
ENSG00000103266	chr16:2206584-2206885	702	72240	TRUE	1.898112150795859e-5	-0.42474820431560156	TRUE	874	72	2.2476744064918694
ENSG00000103254	chr16:2206584-2206885	443	45280	TRUE	3.786032841988441e-5	-0.6659127722844383	TRUE	874	72	1.5716845318082857
ENSG00000206053	chr16:2206584-2206885	477	46739	TRUE	4.399089337279332e-5	-0.35691313472445485	TRUE	874	72	0.8066502078189943
ENSG00000086506	chr16:2206584-2206885	822	86844	TRUE	1.705365404723186e-4	-0.21099339606851242	TRUE	874	72	10.380022292363304
ENSG00000063854	chr16:2206584-2206885	468	48895	TRUE	2.286656041253464e-4	-0.2887350506492679	TRUE	874	72	1.0312509765930185
ENSG00000007376	chr16:2206584-2206885	646	66888	TRUE	2.825920304693214e-4	-0.43704857134025865	TRUE	874	72	2.134722960092503
ENSG00000127561	chr16:2206584-2206885	580	58201	TRUE	5.181639500819214e-4	-0.3863361340376258	TRUE	874	72	1.3043220100628146
ENSG00000127554	chr16:2206584-2206885	411	42607	TRUE	6.078638198588632e-4	-0.44780044395307955	TRUE	874	72	0.7540131462441535
ENSG00000103275	chr16:2206584-2206885	857	89516	TRUE	6.904081931031155e-4	-0.355972285975533	TRUE	874	72	8.007781493171661
ENSG00000103024	chr16:2206584-2206885	238	22920	TRUE	9.815860098060791e-4	-0.390931016180706	TRUE	874	72	0.3398231194724835
ENSG00000103253	chr16:2206584-2206885	236	26073	TRUE	0.010007478890396562	-0.4667431895197278	TRUE	874	72	0.4842859672698105
ENSG00000103260	chr16:2206584-2206885	233	23458	TRUE	0.12	-0.3434967220382088	FALSE	874	72	0.34295863412398303
ENSG00000086504	chr16:2206584-2206885	872	91943	TRUE	2.2809669636920586e-26	-0.6460152188705375	TRUE	874	73	12.96360302926133
ENSG00000127561	chr16:2206584-2206885	580	58201	TRUE	8.335604567708132e-15	-0.6758427512326108	TRUE	874	73	1.3043220100628146
ENSG00000140990	chr16:2206584-2206885	872	92014	TRUE	2.440142136661751e-13	-0.4827904495434012	TRUE	874	73	18.28205048074419
ENSG00000103202	chr16:2206584-2206885	808	82656	TRUE	4.2104269632876033e-13	-0.5151975965850264	TRUE	874	73	3.9204245966019773
ENSG00000103275	chr16:2206584-2206885	857	89516	TRUE	7.820144788415269e-13	-0.5477933454706925	TRUE	874	73	8.007781493171661
ENSG00000162039	chr16:2206584-2206885	613	63798	TRUE	4.203089205380482e-12	-0.6184981495395494	TRUE	874	73	1.6831567653155828
ENSG00000167969	chr16:2206584-2206885	852	89451	TRUE	1.6181209835109127e-10	-0.3786281976283954	TRUE	874	73	5.668093794597747
ENSG00000095906	chr16:2206584-2206885	672	67382	TRUE	4.1341694411943227e-10	-0.5551320840723322	TRUE	874	73	1.7336062585289123
ENSG00000065057	chr16:2206584-2206885	779	80453	TRUE	6.902372748976619e-10	-0.4934678003881472	TRUE	874	73	3.6725939352271424
ENSG00000074071	chr16:2206584-2206885	837	87891	TRUE	1.7519582680411753e-9	-0.5363866453463739	TRUE	874	73	8.00711480567101
ENSG00000127554	chr16:2206584-2206885	411	42607	TRUE	4.196070515397773e-9	-0.63598085510266	TRUE	874	73	0.7540131462441535
ENSG00000065054	chr16:2206584-2206885	455	46398	TRUE	1.212572000280789e-8	-0.6314987691057526	TRUE	874	73	0.8916736981364001
ENSG00000007520	chr16:2206584-2206885	805	83723	TRUE	3.972860749603004e-7	-0.37595978768989524	TRUE	874	73	3.5910288863193642
ENSG00000086506	chr16:2206584-2206885	822	86844	TRUE	5.897887402385449e-7	-0.26305602418426455	TRUE	874	73	10.380022292363304
ENSG00000198736	chr16:2206584-2206885	597	60923	TRUE	1.8306258107575864e-6	-0.45003004615120257	TRUE	874	73	1.5289644468056294
ENSG00000174109	chr16:2206584-2206885	669	70408	TRUE	6.2423023845923535e-6	-0.450053486108524	TRUE	874	73	2.0785232871860577
ENSG00000007376	chr16:2206584-2206885	646	66888	TRUE	8.047395022505116e-6	-0.49759011327530944	TRUE	874	73	2.134722960092503
ENSG00000103024	chr16:2206584-2206885	238	22920	TRUE	1.0406797618592832e-5	-0.555206295557362	TRUE	874	73	0.3398231194724835
ENSG00000188536	chr16:2206584-2206885	874	92410	TRUE	1.4529195440425233e-5	-0.09193008432370497	TRUE	874	73	358.34205235580276
ENSG00000206053	chr16:2206584-2206885	477	46739	TRUE	5.150135527923032e-5	-0.3519297272101992	TRUE	874	73	0.8066502078189943
ENSG00000063854	chr16:2206584-2206885	468	48895	TRUE	6.364672601044284e-5	-0.3120048299721152	TRUE	874	73	1.0312509765930185
ENSG00000103266	chr16:2206584-2206885	702	72240	TRUE	1.822385468471712e-4	-0.40056319497007586	TRUE	874	73	2.2476744064918694
ENSG00000131653	chr16:2206584-2206885	516	55270	TRUE	3.2699206409872103e-4	-0.36714162932813216	TRUE	874	73	1.124816400512516
ENSG00000103254	chr16:2206584-2206885	443	45280	TRUE	4.2927093641379616e-4	-0.5539709549485347	TRUE	874	73	1.5716845318082857
ENSG00000140983	chr16:2206584-2206885	535	55617	TRUE	5.20965902343536e-4	-0.44304575657039114	TRUE	874	73	1.1848495265477046
ENSG00000103253	chr16:2206584-2206885	236	26073	TRUE	0.022724888138555915	-0.41124807692802423	TRUE	874	73	0.4842859672698105
ENSG00000103260	chr16:2206584-2206885	233	23458	TRUE	0.14	-0.33759612059852473	FALSE	874	73	0.34295863412398303
ENSG00000167969	chr16:2206584-2206885	852	89451	TRUE	2.3692643225934618e-14	-0.4463556104305182	TRUE	874	74	5.668093794597747
ENSG00000140990	chr16:2206584-2206885	872	92014	TRUE	3.2191755578523224e-13	-0.470095376695034	TRUE	874	74	18.28205048074419
ENSG00000074071	chr16:2206584-2206885	837	87891	TRUE	4.800550597218605e-12	-0.5805674902509113	TRUE	874	74	8.00711480567101
ENSG00000103202	chr16:2206584-2206885	808	82656	TRUE	4.09275151634732e-11	-0.4868306771817399	TRUE	874	74	3.9204245966019773
ENSG00000086504	chr16:2206584-2206885	872	91943	TRUE	1.649124885362899e-9	-0.39703335224705194	TRUE	874	74	12.96360302926133
ENSG00000198736	chr16:2206584-2206885	597	60923	TRUE	1.8337793112002828e-9	-0.5084582746293871	TRUE	874	74	1.5289644468056294
ENSG00000007376	chr16:2206584-2206885	646	66888	TRUE	4.392213221243241e-9	-0.5868574513723966	TRUE	874	74	2.134722960092503
ENSG00000103275	chr16:2206584-2206885	857	89516	TRUE	8.463527190652234e-9	-0.4607856582714871	TRUE	874	74	8.007781493171661
ENSG00000131653	chr16:2206584-2206885	516	55270	TRUE	1.8730512399461652e-8	-0.5068354799778727	TRUE	874	74	1.124816400512516
ENSG00000065054	chr16:2206584-2206885	455	46398	TRUE	1.2896813293059695e-7	-0.6017514257117008	TRUE	874	74	0.8916736981364001
ENSG00000140983	chr16:2206584-2206885	535	55617	TRUE	5.489368696893202e-7	-0.5510656274940819	TRUE	874	74	1.1848495265477046
ENSG00000174109	chr16:2206584-2206885	669	70408	TRUE	9.249239937940412e-7	-0.44902335751003464	TRUE	874	74	2.0785232871860577
ENSG00000103266	chr16:2206584-2206885	702	72240	TRUE	1.4508211268224016e-6	-0.4704913769279042	TRUE	874	74	2.2476744064918694
ENSG00000065057	chr16:2206584-2206885	779	80453	TRUE	2.873711542773457e-6	-0.3972911389271476	TRUE	874	74	3.6725939352271424
ENSG00000103024	chr16:2206584-2206885	238	22920	TRUE	4.1468444384512495e-6	-0.6144020880652621	TRUE	874	74	0.3398231194724835
ENSG00000095906	chr16:2206584-2206885	672	67382	TRUE	4.297757898005425e-6	-0.4471811038851261	TRUE	874	74	1.7336062585289123
ENSG00000127554	chr16:2206584-2206885	411	42607	TRUE	3.380399136153247e-5	-0.4881985445785085	TRUE	874	74	0.7540131462441535
ENSG00000188536	chr16:2206584-2206885	874	92410	TRUE	4.705555082289668e-5	-0.04131124770256278	TRUE	874	74	358.34205235580276
ENSG00000162039	chr16:2206584-2206885	613	63798	TRUE	1.0437486179590803e-4	-0.4223074934034315	TRUE	874	74	1.6831567653155828
ENSG00000007520	chr16:2206584-2206885	805	83723	TRUE	1.4162915146303905e-4	-0.291949213567432	TRUE	874	74	3.5910288863193642
ENSG00000086506	chr16:2206584-2206885	822	86844	TRUE	2.3269721631188033e-4	-0.17296298863069604	TRUE	874	74	10.380022292363304
ENSG00000103254	chr16:2206584-2206885	443	45280	TRUE	2.6147398407095485e-4	-0.6080686977121542	TRUE	874	74	1.5716845318082857
ENSG00000206053	chr16:2206584-2206885	477	46739	TRUE	4.5954514034705907e-4	-0.31995052267912993	TRUE	874	74	0.8066502078189943
ENSG00000103253	chr16:2206584-2206885	236	26073	TRUE	6.591713578345355e-4	-0.5542060307700674	TRUE	874	74	0.4842859672698105
ENSG00000063854	chr16:2206584-2206885	468	48895	TRUE	0.010834094426832835	-0.17414591884733494	TRUE	874	74	1.0312509765930185
ENSG00000103260	chr16:2206584-2206885	233	23458	TRUE	0.144	-0.3200377492142201	FALSE	874	74	0.34295863412398303
ENSG00000127561	chr16:2206584-2206885	580	58201	TRUE	0.432	-0.21377991712787928	FALSE	874	74	1.3043220100628146
ENSG00000065057	chr16:2206584-2206885	779	80453	TRUE	4.300080794359735e-27	-0.7714375696194755	TRUE	874	75	3.6725939352271424
ENSG00000007520	chr16:2206584-2206885	805	83723	TRUE	1.766227690205562e-16	-0.5460982213451702	TRUE	874	75	3.5910288863193642
ENSG00000103275	chr16:2206584-2206885	857	89516	TRUE	2.238400576234375e-16	-0.6047780762028827	TRUE	874	75	8.007781493171661
ENSG00000103202	chr16:2206584-2206885	808	82656	TRUE	5.664822005846154e-16	-0.6044161735694282	TRUE	874	75	3.9204245966019773
ENSG00000140990	chr16:2206584-2206885	872	92014	TRUE	4.796552336601142e-14	-0.5239321552237444	TRUE	874	75	18.28205048074419
ENSG00000086504	chr16:2206584-2206885	872	91943	TRUE	8.205288173894804e-14	-0.4825766882079785	TRUE	874	75	12.96360302926133
ENSG00000095906	chr16:2206584-2206885	672	67382	TRUE	9.834553347160664e-13	-0.6075018232703413	TRUE	874	75	1.7336062585289123
ENSG00000167969	chr16:2206584-2206885	852	89451	TRUE	1.0004236823279947e-12	-0.4512365612232263	TRUE	874	75	5.668093794597747
ENSG00000127561	chr16:2206584-2206885	580	58201	TRUE	1.9036730651063603e-12	-0.6246174278774375	TRUE	874	75	1.3043220100628146
ENSG00000103266	chr16:2206584-2206885	702	72240	TRUE	1.8065568416465737e-10	-0.5727961396991672	TRUE	874	75	2.2476744064918694
ENSG00000206053	chr16:2206584-2206885	477	46739	TRUE	1.6393492911849673e-9	-0.5150305295385798	TRUE	874	75	0.8066502078189943
ENSG00000074071	chr16:2206584-2206885	837	87891	TRUE	4.557997104253579e-9	-0.5449435805201897	TRUE	874	75	8.00711480567101
ENSG00000131653	chr16:2206584-2206885	516	55270	TRUE	1.9666160508253713e-8	-0.5068354799778727	TRUE	874	75	1.124816400512516
ENSG00000198736	chr16:2206584-2206885	597	60923	TRUE	1.9928631462545003e-8	-0.5142873534315846	TRUE	874	75	1.5289644468056294
ENSG00000103260	chr16:2206584-2206885	233	23458	TRUE	2.8429315933223114e-7	-0.7904182823368386	TRUE	874	75	0.34295863412398303
ENSG00000086506	chr16:2206584-2206885	822	86844	TRUE	5.213287330444382e-7	-0.303769353563506	TRUE	874	75	10.380022292363304
ENSG00000140983	chr16:2206584-2206885	535	55617	TRUE	5.257734191008168e-7	-0.5337646135368785	TRUE	874	75	1.1848495265477046
ENSG00000188536	chr16:2206584-2206885	874	92410	TRUE	4.803181212177914e-6	-0.09910743081559481	TRUE	874	75	358.34205235580276
ENSG00000174109	chr16:2206584-2206885	669	70408	TRUE	5.986442612910224e-6	-0.4245183940013866	TRUE	874	75	2.0785232871860577
ENSG00000162039	chr16:2206584-2206885	613	63798	TRUE	6.137443180430368e-6	-0.4676314839129217	TRUE	874	75	1.6831567653155828
ENSG00000065054	chr16:2206584-2206885	455	46398	TRUE	3.7743550931675085e-5	-0.4737690646337455	TRUE	874	75	0.8916736981364001
ENSG00000103254	chr16:2206584-2206885	443	45280	TRUE	5.13721115935839e-4	-0.6159652420070474	TRUE	874	75	1.5716845318082857
ENSG00000063854	chr16:2206584-2206885	468	48895	TRUE	6.212287665258096e-4	-0.26016589845249705	TRUE	874	75	1.0312509765930185
ENSG00000103253	chr16:2206584-2206885	236	26073	TRUE	8.659585432978512e-4	-0.5492053497117009	TRUE	874	75	0.4842859672698105
ENSG00000127554	chr16:2206584-2206885	411	42607	TRUE	0.002484944376328131	-0.39746876840293494	TRUE	874	75	0.7540131462441535
ENSG00000103024	chr16:2206584-2206885	238	22920	TRUE	0.002933957316797721	-0.35894090193626926	TRUE	874	75	0.3398231194724835
ENSG00000007376	chr16:2206584-2206885	646	66888	TRUE	0.04	-0.32858139960015176	TRUE	874	75	2.134722960092503
ENSG00000074071	chr16:2206584-2206885	837	87891	TRUE	5.12282167249463e-21	-0.7450048660547925	TRUE	874	76	8.00711480567101
ENSG00000086504	chr16:2206584-2206885	872	91943	TRUE	1.537203724696825e-19	-0.5776161047732535	TRUE	874	76	12.96360302926133
ENSG00000140990	chr16:2206584-2206885	872	92014	TRUE	2.9910963717899426e-19	-0.5662816361990357	TRUE	874	76	18.28205048074419
ENSG00000065057	chr16:2206584-2206885	779	80453	TRUE	4.266066795164502e-18	-0.6462699495395223	TRUE	874	76	3.6725939352271424
ENSG00000174109	chr16:2206584-2206885	669	70408	TRUE	1.0151542455030126e-13	-0.6089429651388139	TRUE	874	76	2.0785232871860577
ENSG00000103275	chr16:2206584-2206885	857	89516	TRUE	3.5849821633733884e-13	-0.5409328845575687	TRUE	874	76	8.007781493171661
ENSG00000167969	chr16:2206584-2206885	852	89451	TRUE	6.039730430563172e-13	-0.42662550363233054	TRUE	874	76	5.668093794597747
ENSG00000103202	chr16:2206584-2206885	808	82656	TRUE	3.6209093691599645e-12	-0.5382996921634415	TRUE	874	76	3.9204245966019773
ENSG00000103266	chr16:2206584-2206885	702	72240	TRUE	5.2232574841186625e-11	-0.557288698657529	TRUE	874	76	2.2476744064918694
ENSG00000086506	chr16:2206584-2206885	822	86844	TRUE	5.9343972564387644e-9	-0.34322637286824786	TRUE	874	76	10.380022292363304
ENSG00000127554	chr16:2206584-2206885	411	42607	TRUE	7.06836361276313e-9	-0.6295113597731024	TRUE	874	76	0.7540131462441535
ENSG00000188536	chr16:2206584-2206885	874	92410	TRUE	2.1171080758208014e-8	-0.13388576879405	TRUE	874	76	358.34205235580276
ENSG00000162039	chr16:2206584-2206885	613	63798	TRUE	2.521478789350599e-8	-0.5451366985912248	TRUE	874	76	1.6831567653155828
ENSG00000127561	chr16:2206584-2206885	580	58201	TRUE	7.085078661655573e-8	-0.5186344986563003	TRUE	874	76	1.3043220100628146
ENSG00000007376	chr16:2206584-2206885	646	66888	TRUE	2.5703743495621156e-7	-0.5543385304973212	TRUE	874	76	2.134722960092503
ENSG00000131653	chr16:2206584-2206885	516	55270	TRUE	1.0807667423651116e-6	-0.4477810539132874	TRUE	874	76	1.124816400512516
ENSG00000198736	chr16:2206584-2206885	597	60923	TRUE	1.7405775097044125e-6	-0.40601686990306163	TRUE	874	76	1.5289644468056294
ENSG00000063854	chr16:2206584-2206885	468	48895	TRUE	9.95137305376953e-6	-0.35768240436675947	TRUE	874	76	1.0312509765930185
ENSG00000007520	chr16:2206584-2206885	805	83723	TRUE	1.3942510746274995e-5	-0.3372160864149625	TRUE	874	76	3.5910288863193642
ENSG00000095906	chr16:2206584-2206885	672	67382	TRUE	1.971072949103988e-5	-0.4374248872229821	TRUE	874	76	1.7336062585289123
ENSG00000206053	chr16:2206584-2206885	477	46739	TRUE	3.095872721246666e-5	-0.3719674804467441	TRUE	874	76	0.8066502078189943
ENSG00000103260	chr16:2206584-2206885	233	23458	TRUE	3.885373393401549e-5	-0.6303778698263702	TRUE	874	76	0.34295863412398303
ENSG00000140983	chr16:2206584-2206885	535	55617	TRUE	4e-4	-0.5072576597874933	TRUE	874	76	1.1848495265477046
ENSG00000065054	chr16:2206584-2206885	455	46398	TRUE	8.971495758498295e-4	-0.42559447055787375	TRUE	874	76	0.8916736981364001
ENSG00000103254	chr16:2206584-2206885	443	45280	TRUE	0.0015098404489965397	-0.550940081899156	TRUE	874	76	1.5716845318082857
ENSG00000103024	chr16:2206584-2206885	238	22920	TRUE	0.005199718718287144	-0.3844759940434068	TRUE	874	76	0.3398231194724835
ENSG00000103253	chr16:2206584-2206885	236	26073	TRUE	0.06	-0.38874067751845476	TRUE	874	76	0.4842859672698105
ENSG00000167969	chr16:2206584-2206885	852	89451	TRUE	3.7178289149261493e-17	-0.48741531569053054	TRUE	874	77	5.668093794597747
ENSG00000086504	chr16:2206584-2206885	872	91943	TRUE	3.91104324909464e-13	-0.48424996030565204	TRUE	874	77	12.96360302926133
ENSG00000095906	chr16:2206584-2206885	672	67382	TRUE	7.785697966580266e-13	-0.6075018232703413	TRUE	874	77	1.7336062585289123
ENSG00000065057	chr16:2206584-2206885	779	80453	TRUE	2.3260506862303198e-10	-0.5048963386915171	TRUE	874	77	3.6725939352271424
ENSG00000103202	chr16:2206584-2206885	808	82656	TRUE	4.334263628529779e-10	-0.4784282361860428	TRUE	874	77	3.9204245966019773
ENSG00000074071	chr16:2206584-2206885	837	87891	TRUE	1.0325621711555332e-9	-0.5426567640463107	TRUE	874	77	8.00711480567101
ENSG00000127561	chr16:2206584-2206885	580	58201	TRUE	3.448655444547282e-9	-0.5590290862498608	TRUE	874	77	1.3043220100628146
ENSG00000198736	chr16:2206584-2206885	597	60923	TRUE	4.625060264185112e-9	-0.5186746706725235	TRUE	874	77	1.5289644468056294
ENSG00000174109	chr16:2206584-2206885	669	70408	TRUE	5.186652741631337e-9	-0.5251392086646782	TRUE	874	77	2.0785232871860577
ENSG00000131653	chr16:2206584-2206885	516	55270	TRUE	1.1045375813216951e-8	-0.5455268684254876	TRUE	874	77	1.124816400512516
ENSG00000007376	chr16:2206584-2206885	646	66888	TRUE	1.2529864706736554e-8	-0.5879541409279735	TRUE	874	77	2.134722960092503
ENSG00000140983	chr16:2206584-2206885	535	55617	TRUE	1.1505790867314657e-7	-0.5823447939819403	TRUE	874	77	1.1848495265477046
ENSG00000063854	chr16:2206584-2206885	468	48895	TRUE	2.0603393046942763e-7	-0.41741706985969873	TRUE	874	77	1.0312509765930185
ENSG00000103275	chr16:2206584-2206885	857	89516	TRUE	4.436775722208334e-7	-0.4337936327883125	TRUE	874	77	8.007781493171661
ENSG00000140990	chr16:2206584-2206885	872	92014	TRUE	6.955141250085633e-7	-0.36507302198251645	TRUE	874	77	18.28205048074419
ENSG00000086506	chr16:2206584-2206885	822	86844	TRUE	8.028024155428483e-7	-0.309708822804283	TRUE	874	77	10.380022292363304
ENSG00000188536	chr16:2206584-2206885	874	92410	TRUE	1.1689153340824687e-6	-0.11879630488300563	TRUE	874	77	358.34205235580276
ENSG00000007520	chr16:2206584-2206885	805	83723	TRUE	2.157254290866792e-6	-0.3494565342734073	TRUE	874	77	3.5910288863193642
ENSG00000162039	chr16:2206584-2206885	613	63798	TRUE	3.435678770064376e-6	-0.47789981936674875	TRUE	874	77	1.6831567653155828
ENSG00000065054	chr16:2206584-2206885	455	46398	TRUE	9.186477191991762e-6	-0.5084747426324685	TRUE	874	77	0.8916736981364001
ENSG00000103266	chr16:2206584-2206885	702	72240	TRUE	1.1066985562627717e-5	-0.42662549155627205	TRUE	874	77	2.2476744064918694
ENSG00000127554	chr16:2206584-2206885	411	42607	TRUE	2.3608605975229896e-5	-0.4852751493717425	TRUE	874	77	0.7540131462441535
ENSG00000103254	chr16:2206584-2206885	443	45280	TRUE	4.091191431347717e-5	-0.6318891899955593	TRUE	874	77	1.5716845318082857
ENSG00000103253	chr16:2206584-2206885	236	26073	TRUE	4.134500663344025e-5	-0.6156065754342106	TRUE	874	77	0.4842859672698105
ENSG00000206053	chr16:2206584-2206885	477	46739	TRUE	2.1424533439421572e-4	-0.3370819628028857	TRUE	874	77	0.8066502078189943
ENSG00000103260	chr16:2206584-2206885	233	23458	TRUE	0.052	-0.37941629629315154	TRUE	874	77	0.34295863412398303
ENSG00000103024	chr16:2206584-2206885	238	22920	TRUE	0.128	-0.20314622932884485	FALSE	874	77	0.3398231194724835
ENSG00000140990	chr16:2206584-2206885	872	92014	TRUE	1.1414343982004908e-24	-0.628196969464855	TRUE	874	78	18.28205048074419
ENSG00000103202	chr16:2206584-2206885	808	82656	TRUE	1.3135709159134264e-21	-0.6635130447993609	TRUE	874	78	3.9204245966019773
ENSG00000086504	chr16:2206584-2206885	872	91943	TRUE	5.161892930766494e-21	-0.5770803512085565	TRUE	874	78	12.96360302926133
ENSG00000007520	chr16:2206584-2206885	805	83723	TRUE	1.803586026225372e-16	-0.5377976737600823	TRUE	874	78	3.5910288863193642
ENSG00000095906	chr16:2206584-2206885	672	67382	TRUE	8.689104793800357e-14	-0.6435018399709203	TRUE	874	78	1.7336062585289123
ENSG00000086506	chr16:2206584-2206885	822	86844	TRUE	3.586858770161986e-13	-0.3930114694988447	TRUE	874	78	10.380022292363304
ENSG00000065057	chr16:2206584-2206885	779	80453	TRUE	3.660177197746116e-13	-0.5354113307954218	TRUE	874	78	3.6725939352271424
ENSG00000174109	chr16:2206584-2206885	669	70408	TRUE	2.95120932982759e-10	-0.5316672516621761	TRUE	874	78	2.0785232871860577
ENSG00000103275	chr16:2206584-2206885	857	89516	TRUE	7.721203784243972e-10	-0.4819821618402629	TRUE	874	78	8.007781493171661
ENSG00000063854	chr16:2206584-2206885	468	48895	TRUE	4.031777436566556e-9	-0.4775380622972696	TRUE	874	78	1.0312509765930185
ENSG00000188536	chr16:2206584-2206885	874	92410	TRUE	5.32209053214004e-9	-0.17934686769015684	TRUE	874	78	358.34205235580276
ENSG00000167969	chr16:2206584-2206885	852	89451	TRUE	1.848241410730707e-8	-0.3629775062247602	TRUE	874	78	5.668093794597747
ENSG00000074071	chr16:2206584-2206885	837	87891	TRUE	3.7127918932113046e-8	-0.5121343593248397	TRUE	874	78	8.00711480567101
ENSG00000103266	chr16:2206584-2206885	702	72240	TRUE	1.403563627654504e-7	-0.4811816551783603	TRUE	874	78	2.2476744064918694
ENSG00000140983	chr16:2206584-2206885	535	55617	TRUE	4.581459623861746e-7	-0.5491330149600828	TRUE	874	78	1.1848495265477046
ENSG00000007376	chr16:2206584-2206885	646	66888	TRUE	7.570619669238811e-7	-0.5277883693284123	TRUE	874	78	2.134722960092503
ENSG00000127561	chr16:2206584-2206885	580	58201	TRUE	1.1590423119510365e-5	-0.45593559328575717	TRUE	874	78	1.3043220100628146
ENSG00000131653	chr16:2206584-2206885	516	55270	TRUE	9.115362335072484e-5	-0.3966230136393242	TRUE	874	78	1.124816400512516
ENSG00000162039	chr16:2206584-2206885	613	63798	TRUE	3.1855997215021574e-4	-0.41119553828320693	TRUE	874	78	1.6831567653155828
ENSG00000198736	chr16:2206584-2206885	597	60923	TRUE	4.44336915680809e-4	-0.34241670767430266	TRUE	874	78	1.5289644468056294
ENSG00000103254	chr16:2206584-2206885	443	45280	TRUE	4.714820276716606e-4	-0.5924041025488617	TRUE	874	78	1.5716845318082857
ENSG00000127554	chr16:2206584-2206885	411	42607	TRUE	0.001474822390803052	-0.4029752447094786	TRUE	874	78	0.7540131462441535
ENSG00000103260	chr16:2206584-2206885	233	23458	TRUE	0.0018641795540046274	-0.47981819325098907	TRUE	874	78	0.34295863412398303
ENSG00000065054	chr16:2206584-2206885	455	46398	TRUE	0.0024481657392363756	-0.39976848318996855	TRUE	874	78	0.8916736981364001
ENSG00000103024	chr16:2206584-2206885	238	22920	TRUE	0.0031407286657172823	-0.365282428810096	TRUE	874	78	0.3398231194724835
ENSG00000206053	chr16:2206584-2206885	477	46739	TRUE	0.009092526666994838	-0.25571441195089595	TRUE	874	78	0.8066502078189943
ENSG00000103253	chr16:2206584-2206885	236	26073	TRUE	0.032	-0.43872881335013125	TRUE	874	78	0.4842859672698105
ENSG00000103275	chr16:2206584-2206885	857	89516	TRUE	2.3284215491276427e-18	-0.6306432204224048	TRUE	874	79	8.007781493171661
ENSG00000074071	chr16:2206584-2206885	837	87891	TRUE	5.561149326726767e-18	-0.6898756356197588	TRUE	874	79	8.00711480567101
ENSG00000086504	chr16:2206584-2206885	872	91943	TRUE	1.7533276130008385e-12	-0.4755700611477076	TRUE	874	79	12.96360302926133
ENSG00000103266	chr16:2206584-2206885	702	72240	TRUE	9.904331886757353e-10	-0.5328183728016647	TRUE	874	79	2.2476744064918694
ENSG00000167969	chr16:2206584-2206885	852	89451	TRUE	1.4243561643997192e-9	-0.387596864090586	TRUE	874	79	5.668093794597747
ENSG00000007376	chr16:2206584-2206885	646	66888	TRUE	1.5424483266621591e-9	-0.6450204769305352	TRUE	874	79	2.134722960092503
ENSG00000065057	chr16:2206584-2206885	779	80453	TRUE	3.443901445811386e-9	-0.4982687866519684	TRUE	874	79	3.6725939352271424
ENSG00000007520	chr16:2206584-2206885	805	83723	TRUE	4.481600173672054e-9	-0.4287012497618683	TRUE	874	79	3.5910288863193642
ENSG00000131653	chr16:2206584-2206885	516	55270	TRUE	1.5904756172392405e-8	-0.5128760821351723	TRUE	874	79	1.124816400512516
ENSG00000095906	chr16:2206584-2206885	672	67382	TRUE	4.699789812299631e-8	-0.51738689446428765	TRUE	874	79	1.7336062585289123
ENSG00000127554	chr16:2206584-2206885	411	42607	TRUE	5.453866996235103e-8	-0.5787739976961837	TRUE	874	79	0.7540131462441535
ENSG00000127561	chr16:2206584-2206885	580	58201	TRUE	1.4877411008743398e-7	-0.5343066568386295	TRUE	874	79	1.3043220100628146
ENSG00000198736	chr16:2206584-2206885	597	60923	TRUE	4.479352845022347e-7	-0.4725506211587619	TRUE	874	79	1.5289644468056294
ENSG00000188536	chr16:2206584-2206885	874	92410	TRUE	5.375736773234174e-7	-0.15649084703400007	TRUE	874	79	358.34205235580276
ENSG00000103254	chr16:2206584-2206885	443	45280	TRUE	8.160242550181874e-7	-0.6907161632850111	TRUE	874	79	1.5716845318082857
ENSG00000174109	chr16:2206584-2206885	669	70408	TRUE	2.5693822900045658e-6	-0.44388371886831746	TRUE	874	79	2.0785232871860577
ENSG00000140990	chr16:2206584-2206885	872	92014	TRUE	2.5934881927436163e-6	-0.3781149300580795	TRUE	874	79	18.28205048074419
ENSG00000103202	chr16:2206584-2206885	808	82656	TRUE	3.0909735294490305e-6	-0.39593504662412404	TRUE	874	79	3.9204245966019773
ENSG00000206053	chr16:2206584-2206885	477	46739	TRUE	4.181906990255974e-6	-0.41549485598766533	TRUE	874	79	0.8066502078189943
ENSG00000086506	chr16:2206584-2206885	822	86844	TRUE	8.884777364615189e-6	-0.2761767863848035	TRUE	874	79	10.380022292363304
ENSG00000065054	chr16:2206584-2206885	455	46398	TRUE	1.2404982925969497e-5	-0.4959837984492718	TRUE	874	79	0.8916736981364001
ENSG00000140983	chr16:2206584-2206885	535	55617	TRUE	1.321761480483556e-5	-0.49790769160490944	TRUE	874	79	1.1848495265477046
ENSG00000063854	chr16:2206584-2206885	468	48895	TRUE	1.5962343041659485e-5	-0.3536525273306065	TRUE	874	79	1.0312509765930185
ENSG00000162039	chr16:2206584-2206885	613	63798	TRUE	3.1730330130520096e-4	-0.4223074934034315	TRUE	874	79	1.6831567653155828
ENSG00000103024	chr16:2206584-2206885	238	22920	TRUE	0.011749409969893543	-0.34008187468495343	TRUE	874	79	0.3398231194724835
ENSG00000103253	chr16:2206584-2206885	236	26073	TRUE	0.032	-0.3932141540977627	TRUE	874	79	0.4842859672698105
ENSG00000103260	chr16:2206584-2206885	233	23458	TRUE	0.116	-0.36734346399257656	FALSE	874	79	0.34295863412398303
ENSG00000103202	chr16:2206584-2206885	808	82656	TRUE	2.0662589130541326e-19	-0.6222009497723868	TRUE	874	80	3.9204245966019773
ENSG00000140990	chr16:2206584-2206885	872	92014	TRUE	5.193080218934576e-16	-0.5184447193376953	TRUE	874	80	18.28205048074419
ENSG00000188536	chr16:2206584-2206885	874	92410	TRUE	2.645222219688708e-15	-0.3245726618000564	TRUE	874	80	358.34205235580276
ENSG00000103275	chr16:2206584-2206885	857	89516	TRUE	3.3864899943199612e-15	-0.5714825027304253	TRUE	874	80	8.007781493171661
ENSG00000074071	chr16:2206584-2206885	837	87891	TRUE	2.114556761904869e-12	-0.6039207116166576	TRUE	874	80	8.00711480567101
ENSG00000127561	chr16:2206584-2206885	580	58201	TRUE	1.9452557186366032e-11	-0.6208943418347201	TRUE	874	80	1.3043220100628146
ENSG00000007520	chr16:2206584-2206885	805	83723	TRUE	1.4169175088278937e-10	-0.43461636686686966	TRUE	874	80	3.5910288863193642
ENSG00000086504	chr16:2206584-2206885	872	91943	TRUE	5.267196888447551e-10	-0.4330986170185258	TRUE	874	80	12.96360302926133
ENSG00000167969	chr16:2206584-2206885	852	89451	TRUE	3.3922767999124814e-9	-0.3746995789240173	TRUE	874	80	5.668093794597747
ENSG00000103266	chr16:2206584-2206885	702	72240	TRUE	7.482057235683485e-9	-0.5117421051942228	TRUE	874	80	2.2476744064918694
ENSG00000063854	chr16:2206584-2206885	468	48895	TRUE	8.79862710597909e-9	-0.455777543558459	TRUE	874	80	1.0312509765930185
ENSG00000174109	chr16:2206584-2206885	669	70408	TRUE	2.9242415179939326e-8	-0.4802517421616269	TRUE	874	80	2.0785232871860577
ENSG00000140983	chr16:2206584-2206885	535	55617	TRUE	3.607336267086375e-8	-0.5922602628470229	TRUE	874	80	1.1848495265477046
ENSG00000095906	chr16:2206584-2206885	672	67382	TRUE	5.838695586431533e-8	-0.5007819873602067	TRUE	874	80	1.7336062585289123
ENSG00000127554	chr16:2206584-2206885	411	42607	TRUE	7.48163948630212e-8	-0.5912920375426118	TRUE	874	80	0.7540131462441535
ENSG00000206053	chr16:2206584-2206885	477	46739	TRUE	2.7637165597721577e-7	-0.45502322017430263	TRUE	874	80	0.8066502078189943
ENSG00000086506	chr16:2206584-2206885	822	86844	TRUE	2.9686058303679715e-7	-0.3146771280136491	TRUE	874	80	10.380022292363304
ENSG00000198736	chr16:2206584-2206885	597	60923	TRUE	5.60629112001461e-7	-0.457030035822384	TRUE	874	80	1.5289644468056294
ENSG00000131653	chr16:2206584-2206885	516	55270	TRUE	5.566949251267577e-6	-0.43052602381519234	TRUE	874	80	1.124816400512516
ENSG00000065057	chr16:2206584-2206885	779	80453	TRUE	9.442274656162528e-6	-0.414204521863494	TRUE	874	80	3.6725939352271424
ENSG00000007376	chr16:2206584-2206885	646	66888	TRUE	2.827310096711628e-5	-0.486298952510374	TRUE	874	80	2.134722960092503
ENSG00000065054	chr16:2206584-2206885	455	46398	TRUE	9.909352003703532e-5	-0.4664395228352562	TRUE	874	80	0.8916736981364001
ENSG00000103254	chr16:2206584-2206885	443	45280	TRUE	1.4355095409628732e-4	-0.5646294364472567	TRUE	874	80	1.5716845318082857
ENSG00000162039	chr16:2206584-2206885	613	63798	TRUE	0.001188509129789548	-0.39164983656605956	TRUE	874	80	1.6831567653155828
ENSG00000103253	chr16:2206584-2206885	236	26073	TRUE	0.0017747295512637942	-0.5442219421974452	TRUE	874	80	0.4842859672698105
ENSG00000103024	chr16:2206584-2206885	238	22920	TRUE	0.06	-0.26701841249522995	TRUE	874	80	0.3398231194724835
ENSG00000103260	chr16:2206584-2206885	233	23458	TRUE	0.1	-0.35537082232650063	FALSE	874	80	0.34295863412398303
ENSG00000086504	chr16:2206584-2206885	872	91943	TRUE	1.1394879578725678e-24	-0.6183754713815421	TRUE	874	81	12.96360302926133
ENSG00000140990	chr16:2206584-2206885	872	92014	TRUE	1.5915240136649385e-20	-0.6035599575335349	TRUE	874	81	18.28205048074419
ENSG00000103275	chr16:2206584-2206885	857	89516	TRUE	3.913233001815236e-16	-0.5964559556511113	TRUE	874	81	8.007781493171661
ENSG00000007520	chr16:2206584-2206885	805	83723	TRUE	1.3076158888290325e-14	-0.5125530219288261	TRUE	874	81	3.5910288863193642
ENSG00000095906	chr16:2206584-2206885	672	67382	TRUE	1.2319440017343291e-11	-0.592537384105713	TRUE	874	81	1.7336062585289123
ENSG00000206053	chr16:2206584-2206885	477	46739	TRUE	2.1347820924889194e-11	-0.5660545325630464	TRUE	874	81	0.8066502078189943
ENSG00000127561	chr16:2206584-2206885	580	58201	TRUE	4.2438859791042844e-10	-0.5841825634781991	TRUE	874	81	1.3043220100628146
ENSG00000140983	chr16:2206584-2206885	535	55617	TRUE	9.04286575619819e-10	-0.6143171837202202	TRUE	874	81	1.1848495265477046
ENSG00000065057	chr16:2206584-2206885	779	80453	TRUE	2.3300654471589293e-9	-0.4815347708921671	TRUE	874	81	3.6725939352271424
ENSG00000103266	chr16:2206584-2206885	702	72240	TRUE	2.7305939780920315e-9	-0.5409291182168767	TRUE	874	81	2.2476744064918694
ENSG00000103202	chr16:2206584-2206885	808	82656	TRUE	4.9089783327839e-9	-0.4628734219912012	TRUE	874	81	3.9204245966019773
ENSG00000063854	chr16:2206584-2206885	468	48895	TRUE	6.6157434591726484e-9	-0.4493128798323276	TRUE	874	81	1.0312509765930185
ENSG00000198736	chr16:2206584-2206885	597	60923	TRUE	9.19822855765238e-9	-0.4683011481574041	TRUE	874	81	1.5289644468056294
ENSG00000188536	chr16:2206584-2206885	874	92410	TRUE	9.782501866287957e-9	-0.22669441069291985	TRUE	874	81	358.34205235580276
ENSG00000162039	chr16:2206584-2206885	613	63798	TRUE	1.1439427220489017e-8	-0.5451366985912248	TRUE	874	81	1.6831567653155828
ENSG00000086506	chr16:2206584-2206885	822	86844	TRUE	1.5736025934745155e-8	-0.31866412803876365	TRUE	874	81	10.380022292363304
ENSG00000074071	chr16:2206584-2206885	837	87891	TRUE	2.2757067277738108e-8	-0.506552247346665	TRUE	874	81	8.00711480567101
ENSG00000167969	chr16:2206584-2206885	852	89451	TRUE	3.009010910153421e-8	-0.3492458329200878	TRUE	874	81	5.668093794597747
ENSG00000103254	chr16:2206584-2206885	443	45280	TRUE	1.4237642591627539e-7	-0.7244649546395513	TRUE	874	81	1.5716845318082857
ENSG00000065054	chr16:2206584-2206885	455	46398	TRUE	1.4905623931537763e-7	-0.5831357475443538	TRUE	874	81	0.8916736981364001
ENSG00000174109	chr16:2206584-2206885	669	70408	TRUE	1.5929569914355267e-7	-0.47081204627532136	TRUE	874	81	2.0785232871860577
ENSG00000127554	chr16:2206584-2206885	411	42607	TRUE	1.913721106131276e-6	-0.5327755729756714	TRUE	874	81	0.7540131462441535
ENSG00000131653	chr16:2206584-2206885	516	55270	TRUE	7.55696922121493e-6	-0.43625480053225973	TRUE	874	81	1.124816400512516
ENSG00000007376	chr16:2206584-2206885	646	66888	TRUE	1.8641462789520478e-5	-0.5006849196981751	TRUE	874	81	2.134722960092503
ENSG00000103024	chr16:2206584-2206885	238	22920	TRUE	1.853612130217324e-4	-0.4707317273938256	TRUE	874	81	0.3398231194724835
ENSG00000103260	chr16:2206584-2206885	233	23458	TRUE	0.0016082492369174544	-0.5193465574376264	TRUE	874	81	0.34295863412398303
ENSG00000103253	chr16:2206584-2206885	236	26073	TRUE	0.003913687702350677	-0.5049625117502179	TRUE	874	81	0.4842859672698105
ENSG00000167969	chr16:2206584-2206885	852	89451	TRUE	5.978707468757939e-19	-0.5344511047651794	TRUE	874	82	5.668093794597747
ENSG00000086504	chr16:2206584-2206885	872	91943	TRUE	2.7876637179229775e-16	-0.510266477540986	TRUE	874	82	12.96360302926133
ENSG00000140990	chr16:2206584-2206885	872	92014	TRUE	3.5140534312140125e-15	-0.5295659782238511	TRUE	874	82	18.28205048074419
ENSG00000103266	chr16:2206584-2206885	702	72240	TRUE	9.454418892007334e-15	-0.632209625206166	TRUE	874	82	2.2476744064918694
ENSG00000074071	chr16:2206584-2206885	837	87891	TRUE	6.39827882579736e-14	-0.6316020496191763	TRUE	874	82	8.00711480567101
ENSG00000198736	chr16:2206584-2206885	597	60923	TRUE	1.035706159028956e-12	-0.6046735898886901	TRUE	874	82	1.5289644468056294
ENSG00000065054	chr16:2206584-2206885	455	46398	TRUE	2.0688531401449227e-12	-0.7129968831269458	TRUE	874	82	0.8916736981364001
ENSG00000065057	chr16:2206584-2206885	779	80453	TRUE	2.5751567105419175e-12	-0.5286424356954873	TRUE	874	82	3.6725939352271424
ENSG00000103275	chr16:2206584-2206885	857	89516	TRUE	1.8876331264681225e-11	-0.519420847159282	TRUE	874	82	8.007781493171661
ENSG00000140983	chr16:2206584-2206885	535	55617	TRUE	2.0079798172637398e-11	-0.6741372699014307	TRUE	874	82	1.1848495265477046
ENSG00000007520	chr16:2206584-2206885	805	83723	TRUE	3.740504501461538e-11	-0.44353476560067295	TRUE	874	82	3.5910288863193642
ENSG00000063854	chr16:2206584-2206885	468	48895	TRUE	6.355046145371012e-10	-0.5085649579178942	TRUE	874	82	1.0312509765930185
ENSG00000007376	chr16:2206584-2206885	646	66888	TRUE	1.0150865800553162e-9	-0.6347845212062803	TRUE	874	82	2.134722960092503
ENSG00000174109	chr16:2206584-2206885	669	70408	TRUE	2.6862780189431073e-8	-0.493996833696121	TRUE	874	82	2.0785232871860577
ENSG00000086506	chr16:2206584-2206885	822	86844	TRUE	1.3460665530161875e-7	-0.330691667820902	TRUE	874	82	10.380022292363304
ENSG00000095906	chr16:2206584-2206885	672	67382	TRUE	1.0502761611880457e-6	-0.476851970561469	TRUE	874	82	1.7336062585289123
ENSG00000162039	chr16:2206584-2206885	613	63798	TRUE	1.699448670151784e-6	-0.4817693658284005	TRUE	874	82	1.6831567653155828
ENSG00000131653	chr16:2206584-2206885	516	55270	TRUE	1.2228139763525384e-5	-0.4059608782186602	TRUE	874	82	1.124816400512516
ENSG00000188536	chr16:2206584-2206885	874	92410	TRUE	1.580351462636409e-5	-0.05154447830417119	TRUE	874	82	358.34205235580276
ENSG00000127561	chr16:2206584-2206885	580	58201	TRUE	2.5480848555190774e-5	-0.42639131767174177	TRUE	874	82	1.3043220100628146
ENSG00000103254	chr16:2206584-2206885	443	45280	TRUE	3.177047405653424e-5	-0.6626376402515776	TRUE	874	82	1.5716845318082857
ENSG00000103202	chr16:2206584-2206885	808	82656	TRUE	4.370102490830431e-5	-0.3492250121141307	TRUE	874	82	3.9204245966019773
ENSG00000103253	chr16:2206584-2206885	236	26073	TRUE	1.3710576352908132e-4	-0.6051899594888723	TRUE	874	82	0.4842859672698105
ENSG00000206053	chr16:2206584-2206885	477	46739	TRUE	1.6437462576491418e-4	-0.3494444638206047	TRUE	874	82	0.8066502078189943
ENSG00000127554	chr16:2206584-2206885	411	42607	TRUE	0.00073451172525305225	-0.43364238095642	TRUE	874	82	0.7540131462441535
ENSG00000103024	chr16:2206584-2206885	238	22920	TRUE	0.0022239406260215894	-0.37165195368582316	TRUE	874	82	0.3398231194724835
ENSG00000103260	chr16:2206584-2206885	233	23458	TRUE	0.692	-0.22983994024264165	FALSE	874	82	0.34295863412398303
ENSG00000103202	chr16:2206584-2206885	808	82656	TRUE	5.870468253854324e-17	-0.6166580377808728	TRUE	874	83	3.9204245966019773
ENSG00000086504	chr16:2206584-2206885	872	91943	TRUE	6.06593997002863e-17	-0.5171014780828838	TRUE	874	83	12.96360302926133
ENSG00000140990	chr16:2206584-2206885	872	92014	TRUE	2.74919767692567e-13	-0.48948510211740937	TRUE	874	83	18.28205048074419
ENSG00000007376	chr16:2206584-2206885	646	66888	TRUE	6.523609372388133e-13	-0.6843586248810359	TRUE	874	83	2.134722960092503
ENSG00000131653	chr16:2206584-2206885	516	55270	TRUE	4.6612208590435255e-12	-0.5937960775187399	TRUE	874	83	1.124816400512516
ENSG00000103275	chr16:2206584-2206885	857	89516	TRUE	1.1889503082501936e-10	-0.51998286315427	TRUE	874	83	8.007781493171661
ENSG00000074071	chr16:2206584-2206885	837	87891	TRUE	6.470190169777516e-10	-0.544085599501213	TRUE	874	83	8.00711480567101
ENSG00000007520	chr16:2206584-2206885	805	83723	TRUE	8.049455046535084e-8	-0.3891090706889708	TRUE	874	83	3.5910288863193642
ENSG00000095906	chr16:2206584-2206885	672	67382	TRUE	1.7292546222562322e-7	-0.4881377781079838	TRUE	874	83	1.7336062585289123
ENSG00000065057	chr16:2206584-2206885	779	80453	TRUE	4.926756327862034e-7	-0.4318925212671938	TRUE	874	83	3.6725939352271424
ENSG00000206053	chr16:2206584-2206885	477	46739	TRUE	7.089367812362218e-7	-0.42593030865397596	TRUE	874	83	0.8066502078189943
ENSG00000127561	chr16:2206584-2206885	580	58201	TRUE	7.310880744074171e-7	-0.5048451937667037	TRUE	874	83	1.3043220100628146
ENSG00000167969	chr16:2206584-2206885	852	89451	TRUE	9.300433906446493e-7	-0.3194198250893825	TRUE	874	83	5.668093794597747
ENSG00000086506	chr16:2206584-2206885	822	86844	TRUE	2.0710712684147547e-6	-0.2605611734751956	TRUE	874	83	10.380022292363304
ENSG00000162039	chr16:2206584-2206885	613	63798	TRUE	2.175543444596058e-6	-0.47789981936674875	TRUE	874	83	1.6831567653155828
ENSG00000198736	chr16:2206584-2206885	597	60923	TRUE	5.829686349491457e-6	-0.4100865342121085	TRUE	874	83	1.5289644468056294
ENSG00000103254	chr16:2206584-2206885	443	45280	TRUE	7.484695910467149e-6	-0.6593699264176663	TRUE	874	83	1.5716845318082857
ENSG00000065054	chr16:2206584-2206885	455	46398	TRUE	1.9895151657066488e-5	-0.5084747426324685	TRUE	874	83	0.8916736981364001
ENSG00000174109	chr16:2206584-2206885	669	70408	TRUE	2.6786465092614592e-5	-0.4004227183839234	TRUE	874	83	2.0785232871860577
ENSG00000103266	chr16:2206584-2206885	702	72240	TRUE	3.2025603048348e-5	-0.40888912725946325	TRUE	874	83	2.2476744064918694
ENSG00000140983	chr16:2206584-2206885	535	55617	TRUE	5.394320763256287e-5	-0.4793876036341116	TRUE	874	83	1.1848495265477046
ENSG00000063854	chr16:2206584-2206885	468	48895	TRUE	1.1957442381174428e-4	-0.2715257606170448	TRUE	874	83	1.0312509765930185
ENSG00000127554	chr16:2206584-2206885	411	42607	TRUE	1.625053573977419e-4	-0.45350280331726295	TRUE	874	83	0.7540131462441535
ENSG00000103260	chr16:2206584-2206885	233	23458	TRUE	4.0852926693525984e-4	-0.5327670731999481	TRUE	874	83	0.34295863412398303
ENSG00000103253	chr16:2206584-2206885	236	26073	TRUE	0.0026823909198750197	-0.5049625117502179	TRUE	874	83	0.4842859672698105
ENSG00000103024	chr16:2206584-2206885	238	22920	TRUE	0.028400782780184347	-0.27296767882641637	TRUE	874	83	0.3398231194724835
ENSG00000188536	chr16:2206584-2206885	874	92410	TRUE	0.712	0.1513332412249575	FALSE	874	83	358.34205235580276
ENSG00000167969	chr16:2206584-2206885	852	89451	TRUE	7.39304416635995e-28	-0.6122101556837023	TRUE	874	84	5.668093794597747
ENSG00000140990	chr16:2206584-2206885	872	92014	TRUE	1.945995537385354e-18	-0.5516868507439479	TRUE	874	84	18.28205048074419
ENSG00000086504	chr16:2206584-2206885	872	91943	TRUE	2.2144184585728943e-17	-0.5094143748401239	TRUE	874	84	12.96360302926133
ENSG00000074071	chr16:2206584-2206885	837	87891	TRUE	1.0068467226890185e-16	-0.6829335201032007	TRUE	874	84	8.00711480567101
ENSG00000103275	chr16:2206584-2206885	857	89516	TRUE	3.736296002825816e-16	-0.5997196373411176	TRUE	874	84	8.007781493171661
ENSG00000103202	chr16:2206584-2206885	808	82656	TRUE	5.377556973737523e-15	-0.5429648378320029	TRUE	874	84	3.9204245966019773
ENSG00000007520	chr16:2206584-2206885	805	83723	TRUE	1.0870827780143946e-14	-0.5063102815913614	TRUE	874	84	3.5910288863193642
ENSG00000086506	chr16:2206584-2206885	822	86844	TRUE	1.998877815125422e-13	-0.42660853920460573	TRUE	874	84	10.380022292363304
ENSG00000103266	chr16:2206584-2206885	702	72240	TRUE	6.866536257250393e-13	-0.6075108560361941	TRUE	874	84	2.2476744064918694
ENSG00000065057	chr16:2206584-2206885	779	80453	TRUE	7.972853735849984e-13	-0.524351433897682	TRUE	874	84	3.6725939352271424
ENSG00000174109	chr16:2206584-2206885	669	70408	TRUE	3.8735493497498076e-12	-0.5703477198262359	TRUE	874	84	2.0785232871860577
ENSG00000095906	chr16:2206584-2206885	672	67382	TRUE	1.2166462016960312e-11	-0.573713509814058	TRUE	874	84	1.7336062585289123
ENSG00000127561	chr16:2206584-2206885	580	58201	TRUE	4.836891637651942e-10	-0.576950994247123	TRUE	874	84	1.3043220100628146
ENSG00000188536	chr16:2206584-2206885	874	92410	TRUE	2.103930310271571e-9	-0.17723283862769534	TRUE	874	84	358.34205235580276
ENSG00000140983	chr16:2206584-2206885	535	55617	TRUE	4.268303625524524e-9	-0.6062574139262684	TRUE	874	84	1.1848495265477046
ENSG00000162039	chr16:2206584-2206885	613	63798	TRUE	5.0684938593596024e-8	-0.5343803017675077	TRUE	874	84	1.6831567653155828
ENSG00000198736	chr16:2206584-2206885	597	60923	TRUE	9.783037527945132e-8	-0.4542259629456813	TRUE	874	84	1.5289644468056294
ENSG00000127554	chr16:2206584-2206885	411	42607	TRUE	7.765959419531957e-7	-0.5327755729756714	TRUE	874	84	0.7540131462441535
ENSG00000103254	chr16:2206584-2206885	443	45280	TRUE	9.545188934469867e-7	-0.7058054994079511	TRUE	874	84	1.5716845318082857
ENSG00000131653	chr16:2206584-2206885	516	55270	TRUE	9.621839839917806e-7	-0.4613457814950902	TRUE	874	84	1.124816400512516
ENSG00000065054	chr16:2206584-2206885	455	46398	TRUE	1.6528435222315735e-6	-0.5517715766350185	TRUE	874	84	0.8916736981364001
ENSG00000103253	chr16:2206584-2206885	236	26073	TRUE	2.627110510434517e-5	-0.6797369128539261	TRUE	874	84	0.4842859672698105
ENSG00000103024	chr16:2206584-2206885	238	22920	TRUE	7.33569098209895e-5	-0.4913911979599186	TRUE	874	84	0.3398231194724835
ENSG00000063854	chr16:2206584-2206885	468	48895	TRUE	1.3810295738493454e-4	-0.29065992757376014	TRUE	874	84	1.0312509765930185
ENSG00000206053	chr16:2206584-2206885	477	46739	TRUE	2.0170926199216538e-4	-0.33954600275436664	TRUE	874	84	0.8066502078189943
ENSG00000007376	chr16:2206584-2206885	646	66888	TRUE	3.456719128821298e-4	-0.4380370571897474	TRUE	874	84	2.134722960092503
ENSG00000103260	chr16:2206584-2206885	233	23458	TRUE	9.941056698307069e-4	-0.5193465574376264	TRUE	874	84	0.34295863412398303
ENSG00000086504	chr16:2206584-2206885	872	91943	TRUE	7.421475693074386e-16	-0.5189867941159338	TRUE	874	85	12.96360302926133
ENSG00000065057	chr16:2206584-2206885	779	80453	TRUE	6.441003649406855e-14	-0.5615523357699255	TRUE	874	85	3.6725939352271424
ENSG00000103275	chr16:2206584-2206885	857	89516	TRUE	3.843797671540581e-13	-0.5512358486930102	TRUE	874	85	8.007781493171661
ENSG00000140983	chr16:2206584-2206885	535	55617	TRUE	2.1409339699014233e-10	-0.6678326930472218	TRUE	874	85	1.1848495265477046
ENSG00000206053	chr16:2206584-2206885	477	46739	TRUE	3.406418486309387e-10	-0.5346593362875124	TRUE	874	85	0.8066502078189943
ENSG00000167969	chr16:2206584-2206885	852	89451	TRUE	5.470215861157057e-10	-0.37970149839027734	TRUE	874	85	5.668093794597747
ENSG00000140990	chr16:2206584-2206885	872	92014	TRUE	7.056819749285835e-10	-0.4307915131867124	TRUE	874	85	18.28205048074419
ENSG00000007520	chr16:2206584-2206885	805	83723	TRUE	1.100120178182157e-9	-0.4233983010229958	TRUE	874	85	3.5910288863193642
ENSG00000074071	chr16:2206584-2206885	837	87891	TRUE	1.852364187355398e-8	-0.532127135193158	TRUE	874	85	8.00711480567101
ENSG00000103254	chr16:2206584-2206885	443	45280	TRUE	7.855256569241301e-7	-0.7347454853692749	TRUE	874	85	1.5716845318082857
ENSG00000127561	chr16:2206584-2206885	580	58201	TRUE	8.831118544477671e-7	-0.48102657424858764	TRUE	874	85	1.3043220100628146
ENSG00000103260	chr16:2206584-2206885	233	23458	TRUE	4.0530373128699806e-06	-0.7043784512701472	TRUE	874	85	0.34295863412398303
ENSG00000086506	chr16:2206584-2206885	822	86844	TRUE	4.696593572841592e-6	-0.2736591623441105	TRUE	874	85	10.380022292363304
ENSG00000065054	chr16:2206584-2206885	455	46398	TRUE	1.2654796107593956e-5	-0.5261457689595241	TRUE	874	85	0.8916736981364001
ENSG00000188536	chr16:2206584-2206885	874	92410	TRUE	2.047299159482806e-5	-0.09032533099764706	TRUE	874	85	358.34205235580276
ENSG00000174109	chr16:2206584-2206885	669	70408	TRUE	2.2070128562462444e-5	-0.4084099777661052	TRUE	874	85	2.0785232871860577
ENSG00000095906	chr16:2206584-2206885	672	67382	TRUE	3.045954307267563e-5	-0.4349961071192331	TRUE	874	85	1.7336062585289123
ENSG00000131653	chr16:2206584-2206885	516	55270	TRUE	7.10429006862811e-5	-0.3891959957392549	TRUE	874	85	1.124816400512516
ENSG00000103024	chr16:2206584-2206885	238	22920	TRUE	7.289211601514169e-5	-0.48447178402012825	TRUE	874	85	0.3398231194724835
ENSG00000103202	chr16:2206584-2206885	808	82656	TRUE	2.1343223547511982e-4	-0.3487144139701037	TRUE	874	85	3.9204245966019773
ENSG00000127554	chr16:2206584-2206885	411	42607	TRUE	4.435171872544325e-4	-0.439288944097562	TRUE	874	85	0.7540131462441535
ENSG00000198736	chr16:2206584-2206885	597	60923	TRUE	7.00284589913034e-4	-0.3528239307374682	TRUE	874	85	1.5289644468056294
ENSG00000103253	chr16:2206584-2206885	236	26073	TRUE	8.965280544913704e-4	-0.5542060307700674	TRUE	874	85	0.4842859672698105
ENSG00000103266	chr16:2206584-2206885	702	72240	TRUE	0.002471725541309644	-0.3587430192754488	TRUE	874	85	2.2476744064918694
ENSG00000007376	chr16:2206584-2206885	646	66888	TRUE	0.003704369636368915	-0.40190676522000146	TRUE	874	85	2.134722960092503
ENSG00000162039	chr16:2206584-2206885	613	63798	TRUE	0.015238701252906578	-0.3521542664929857	TRUE	874	85	1.6831567653155828
ENSG00000063854	chr16:2206584-2206885	468	48895	TRUE	0.024	-0.16528956788682767	TRUE	874	85	1.0312509765930185
ENSG00000167969	chr16:2206584-2206885	852	89451	TRUE	1.3894971245884914e-21	-0.5549152073248949	TRUE	874	86	5.668093794597747
ENSG00000065057	chr16:2206584-2206885	779	80453	TRUE	4.630671394855745e-12	-0.528028653494828	TRUE	874	86	3.6725939352271424
ENSG00000140990	chr16:2206584-2206885	872	92014	TRUE	5.471805784183412e-12	-0.47202266433693874	TRUE	874	86	18.28205048074419
ENSG00000086504	chr16:2206584-2206885	872	91943	TRUE	3.577503541351334e-11	-0.4521298778017062	TRUE	874	86	12.96360302926133
ENSG00000007520	chr16:2206584-2206885	805	83723	TRUE	4.776603092093412e-11	-0.45972814538249285	TRUE	874	86	3.5910288863193642
ENSG00000007376	chr16:2206584-2206885	646	66888	TRUE	2.3872868857796343e-10	-0.6223717379853351	TRUE	874	86	2.134722960092503
ENSG00000103202	chr16:2206584-2206885	808	82656	TRUE	3.176692295944812e-10	-0.48178334244442333	TRUE	874	86	3.9204245966019773
ENSG00000198736	chr16:2206584-2206885	597	60923	TRUE	1.9667050819959772e-8	-0.523075370701569	TRUE	874	86	1.5289644468056294
ENSG00000188536	chr16:2206584-2206885	874	92410	TRUE	5.4197793621497915e-8	-0.18879935087083233	TRUE	874	86	358.34205235580276
ENSG00000103275	chr16:2206584-2206885	857	89516	TRUE	8.070345356331974e-8	-0.4470929069155831	TRUE	874	86	8.007781493171661
ENSG00000103266	chr16:2206584-2206885	702	72240	TRUE	2.6429818431326956e-7	-0.4890064610225979	TRUE	874	86	2.2476744064918694
ENSG00000086506	chr16:2206584-2206885	822	86844	TRUE	3.027264652894065e-6	-0.2868771560159522	TRUE	874	86	10.380022292363304
ENSG00000140983	chr16:2206584-2206885	535	55617	TRUE	3.4985955681062246e-6	-0.5242418394183721	TRUE	874	86	1.1848495265477046
ENSG00000074071	chr16:2206584-2206885	837	87891	TRUE	4.809670995162144e-6	-0.46373753476572643	TRUE	874	86	8.00711480567101
ENSG00000127561	chr16:2206584-2206885	580	58201	TRUE	1.519130738662517e-5	-0.4329046246304162	TRUE	874	86	1.3043220100628146
ENSG00000103024	chr16:2206584-2206885	238	22920	TRUE	3.226566750581133e-5	-0.5336194333492161	TRUE	874	86	0.3398231194724835
ENSG00000103260	chr16:2206584-2206885	233	23458	TRUE	4.063554123969176e-5	-0.6448774395214856	TRUE	874	86	0.34295863412398303
ENSG00000174109	chr16:2206584-2206885	669	70408	TRUE	1.4101809027616255e-4	-0.38951194417347323	TRUE	874	86	2.0785232871860577
ENSG00000063854	chr16:2206584-2206885	468	48895	TRUE	3.856023596500238e-4	-0.2983852206829873	TRUE	874	86	1.0312509765930185
ENSG00000095906	chr16:2206584-2206885	672	67382	TRUE	4.549803519106749e-4	-0.38725990649222725	TRUE	874	86	1.7336062585289123
ENSG00000206053	chr16:2206584-2206885	477	46739	TRUE	6.084012741220182e-4	-0.30542662443634805	TRUE	874	86	0.8066502078189943
ENSG00000131653	chr16:2206584-2206885	516	55270	TRUE	0.0015795815157116297	-0.33467962137094653	TRUE	874	86	1.124816400512516
ENSG00000103254	chr16:2206584-2206885	443	45280	TRUE	0.002727639908919586	-0.529900406332257	TRUE	874	86	1.5716845318082857
ENSG00000162039	chr16:2206584-2206885	613	63798	TRUE	0.006704208448456775	-0.3651996866173866	TRUE	874	86	1.6831567653155828
ENSG00000127554	chr16:2206584-2206885	411	42607	TRUE	0.006955209219657976	-0.35950091820391455	TRUE	874	86	0.7540131462441535
ENSG00000065054	chr16:2206584-2206885	455	46398	TRUE	0.088	-0.30738642695651464	TRUE	874	86	0.8916736981364001
ENSG00000103253	chr16:2206584-2206885	236	26073	TRUE	0.12	-0.3404267397383274	FALSE	874	86	0.4842859672698105
ENSG00000103275	chr16:2206584-2206885	857	89516	TRUE	8.086053994810971e-23	-0.6747054579529124	TRUE	874	87	8.007781493171661
ENSG00000007520	chr16:2206584-2206885	805	83723	TRUE	2.4441196649125398e-18	-0.5647887468570907	TRUE	874	87	3.5910288863193642
ENSG00000074071	chr16:2206584-2206885	837	87891	TRUE	2.1447810206483852e-16	-0.6763379723452831	TRUE	874	87	8.00711480567101
ENSG00000167969	chr16:2206584-2206885	852	89451	TRUE	4.041289159956394e-16	-0.46180580293341356	TRUE	874	87	5.668093794597747
ENSG00000188536	chr16:2206584-2206885	874	92410	TRUE	4.8519586860340226e-15	-0.3411829254259846	TRUE	874	87	358.34205235580276
ENSG00000065057	chr16:2206584-2206885	779	80453	TRUE	9.496160738513752e-15	-0.5779754864409616	TRUE	874	87	3.6725939352271424
ENSG00000103266	chr16:2206584-2206885	702	72240	TRUE	3.830057354830913e-13	-0.6139133593291606	TRUE	874	87	2.2476744064918694
ENSG00000095906	chr16:2206584-2206885	672	67382	TRUE	5.721059827314078e-13	-0.6129821529027104	TRUE	874	87	1.7336062585289123
ENSG00000103202	chr16:2206584-2206885	808	82656	TRUE	8.79773550601673e-12	-0.5169174796111538	TRUE	874	87	3.9204245966019773
ENSG00000140990	chr16:2206584-2206885	872	92014	TRUE	1.1327895973026236e-11	-0.47431466747605633	TRUE	874	87	18.28205048074419
ENSG00000086504	chr16:2206584-2206885	872	91943	TRUE	1.5007360788035282e-11	-0.44967589687172715	TRUE	874	87	12.96360302926133
ENSG00000140983	chr16:2206584-2206885	535	55617	TRUE	1.0301256318230844e-10	-0.6594692201125951	TRUE	874	87	1.1848495265477046
ENSG00000174109	chr16:2206584-2206885	669	70408	TRUE	3.7105225574433005e-9	-0.5218862308695906	TRUE	874	87	2.0785232871860577
ENSG00000086506	chr16:2206584-2206885	822	86844	TRUE	1.0516487942958085e-8	-0.3168686143771495	TRUE	874	87	10.380022292363304
ENSG00000103260	chr16:2206584-2206885	233	23458	TRUE	9.080196497829253e-8	-0.7985006286346974	TRUE	874	87	0.34295863412398303
ENSG00000131653	chr16:2206584-2206885	516	55270	TRUE	1.517499889936385e-7	-0.4928383288986271	TRUE	874	87	1.124816400512516
ENSG00000127561	chr16:2206584-2206885	580	58201	TRUE	2.9363947726408876e-7	-0.5169036105771841	TRUE	874	87	1.3043220100628146
ENSG00000162039	chr16:2206584-2206885	613	63798	TRUE	4.363506823430621e-7	-0.5012743277405576	TRUE	874	87	1.6831567653155828
ENSG00000103254	chr16:2206584-2206885	443	45280	TRUE	6.440256327945549e-7	-0.7416400984476835	TRUE	874	87	1.5716845318082857
ENSG00000065054	chr16:2206584-2206885	455	46398	TRUE	7.336192585006738e-7	-0.5804958656716496	TRUE	874	87	0.8916736981364001
ENSG00000063854	chr16:2206584-2206885	468	48895	TRUE	2.04699411791631e-6	-0.3903331906570747	TRUE	874	87	1.0312509765930185
ENSG00000103253	chr16:2206584-2206885	236	26073	TRUE	2.8839635709369815e-6	-0.7017632191839251	TRUE	874	87	0.4842859672698105
ENSG00000007376	chr16:2206584-2206885	646	66888	TRUE	3.2207141326986814e-6	-0.5256853149605374	TRUE	874	87	2.134722960092503
ENSG00000198736	chr16:2206584-2206885	597	60923	TRUE	1.8254023171998708e-5	-0.381837057407935	TRUE	874	87	1.5289644468056294
ENSG00000206053	chr16:2206584-2206885	477	46739	TRUE	5.99801173663865e-4	-0.30542662443634805	TRUE	874	87	0.8066502078189943
ENSG00000127554	chr16:2206584-2206885	411	42607	TRUE	8.573031518172673e-4	-0.41683409326986615	TRUE	874	87	0.7540131462441535
ENSG00000103024	chr16:2206584-2206885	238	22920	TRUE	0.028	-0.2789415798710493	TRUE	874	87	0.3398231194724835
ENSG00000086504	chr16:2206584-2206885	872	91943	TRUE	4.291403324402304e-28	-0.6110446881241547	TRUE	874	88	12.96360302926133
ENSG00000103275	chr16:2206584-2206885	857	89516	TRUE	1.6128215278928647e-17	-0.5896556590270499	TRUE	874	88	8.007781493171661
ENSG00000140990	chr16:2206584-2206885	872	92014	TRUE	3.439631589699634e-16	-0.5101287357375335	TRUE	874	88	18.28205048074419
ENSG00000167969	chr16:2206584-2206885	852	89451	TRUE	5.596522383943075e-16	-0.47283476298139515	TRUE	874	88	5.668093794597747
ENSG00000103202	chr16:2206584-2206885	808	82656	TRUE	8.381804950803436e-15	-0.5558723216113912	TRUE	874	88	3.9204245966019773
ENSG00000074071	chr16:2206584-2206885	837	87891	TRUE	6.137350453450614e-14	-0.5870330319135353	TRUE	874	88	8.00711480567101
ENSG00000007520	chr16:2206584-2206885	805	83723	TRUE	1.230223156628702e-13	-0.5025775627150313	TRUE	874	88	3.5910288863193642
ENSG00000103266	chr16:2206584-2206885	702	72240	TRUE	2.2537399942015017e-10	-0.549085719680164	TRUE	874	88	2.2476744064918694
ENSG00000174109	chr16:2206584-2206885	669	70408	TRUE	4.160629594962729e-10	-0.5591899299417142	TRUE	874	88	2.0785232871860577
ENSG00000095906	chr16:2206584-2206885	672	67382	TRUE	7.252087816104666e-10	-0.5446205982937311	TRUE	874	88	1.7336062585289123
ENSG00000103253	chr16:2206584-2206885	236	26073	TRUE	1.0021559531373279e-9	-0.9039520697971919	TRUE	874	88	0.4842859672698105
ENSG00000086506	chr16:2206584-2206885	822	86844	TRUE	2.5370129139735197e-9	-0.3300879034091233	TRUE	874	88	10.380022292363304
ENSG00000007376	chr16:2206584-2206885	646	66888	TRUE	3.997339295235946e-9	-0.5956543996095556	TRUE	874	88	2.134722960092503
ENSG00000127561	chr16:2206584-2206885	580	58201	TRUE	5.115829587637491e-9	-0.5572490798045749	TRUE	874	88	1.3043220100628146
ENSG00000162039	chr16:2206584-2206885	613	63798	TRUE	2.05516271101104e-8	-0.5437877550232061	TRUE	874	88	1.6831567653155828
ENSG00000103254	chr16:2206584-2206885	443	45280	TRUE	2.1762418875136006e-8	-0.778387501542851	TRUE	874	88	1.5716845318082857
ENSG00000065057	chr16:2206584-2206885	779	80453	TRUE	1.142141726673932e-7	-0.45096307187361173	TRUE	874	88	3.6725939352271424
ENSG00000188536	chr16:2206584-2206885	874	92410	TRUE	2.460279540290357e-7	-0.12167803776582176	TRUE	874	88	358.34205235580276
ENSG00000140983	chr16:2206584-2206885	535	55617	TRUE	2.0416785180585686e-6	-0.5223448042457743	TRUE	874	88	1.1848495265477046
ENSG00000065054	chr16:2206584-2206885	455	46398	TRUE	7.680182812247797e-6	-0.5286879635219774	TRUE	874	88	0.8916736981364001
ENSG00000206053	chr16:2206584-2206885	477	46739	TRUE	1.3221201403770832e-5	-0.39228746482634	TRUE	874	88	0.8066502078189943
ENSG00000063854	chr16:2206584-2206885	468	48895	TRUE	5.14994552143908e-5	-0.3218124478986992	TRUE	874	88	1.0312509765930185
ENSG00000198736	chr16:2206584-2206885	597	60923	TRUE	1.0871968966535452e-4	-0.381837057407935	TRUE	874	88	1.5289644468056294
ENSG00000127554	chr16:2206584-2206885	411	42607	TRUE	2.2783432062266785e-4	-0.44780044395307955	TRUE	874	88	0.7540131462441535
ENSG00000131653	chr16:2206584-2206885	516	55270	TRUE	2.6819189951054687e-4	-0.35805089325727524	TRUE	874	88	1.124816400512516
ENSG00000103024	chr16:2206584-2206885	238	22920	TRUE	9.041935796674852e-4	-0.41047120257635106	TRUE	874	88	0.3398231194724835
ENSG00000103260	chr16:2206584-2206885	233	23458	TRUE	0.002808696374964857	-0.4994469999999216	TRUE	874	88	0.34295863412398303
ENSG00000103275	chr16:2206584-2206885	857	89516	TRUE	3.4824203031223346e-26	-0.7337816725638278	TRUE	874	89	8.007781493171661
ENSG00000086504	chr16:2206584-2206885	872	91943	TRUE	5.0160143487923234e-23	-0.5862153307742846	TRUE	874	89	12.96360302926133
ENSG00000065057	chr16:2206584-2206885	779	80453	TRUE	3.3157611313800855e-14	-0.5856189217547652	TRUE	874	89	3.6725939352271424
ENSG00000140990	chr16:2206584-2206885	872	92014	TRUE	6.074383862477923e-14	-0.47890962664942993	TRUE	874	89	18.28205048074419
ENSG00000127554	chr16:2206584-2206885	411	42607	TRUE	3.831370869915326e-13	-0.7718642831844329	TRUE	874	89	0.7540131462441535
ENSG00000103266	chr16:2206584-2206885	702	72240	TRUE	5.558282427671203e-11	-0.5748764501402145	TRUE	874	89	2.2476744064918694
ENSG00000007376	chr16:2206584-2206885	646	66888	TRUE	5.710664974314407e-11	-0.6302584154049145	TRUE	874	89	2.134722960092503
ENSG00000167969	chr16:2206584-2206885	852	89451	TRUE	1.4872455748123413e-10	-0.3879567730461484	TRUE	874	89	5.668093794597747
ENSG00000103202	chr16:2206584-2206885	808	82656	TRUE	2.537855377904672e-10	-0.48907961768530184	TRUE	874	89	3.9204245966019773
ENSG00000095906	chr16:2206584-2206885	672	67382	TRUE	1.2630732838234587e-9	-0.5485534359156579	TRUE	874	89	1.7336062585289123
ENSG00000007520	chr16:2206584-2206885	805	83723	TRUE	1.3029601042905435e-9	-0.42457505071375823	TRUE	874	89	3.5910288863193642
ENSG00000065054	chr16:2206584-2206885	455	46398	TRUE	1.959187600584914e-9	-0.6535250754357518	TRUE	874	89	0.8916736981364001
ENSG00000074071	chr16:2206584-2206885	837	87891	TRUE	2.02542331309021e-9	-0.5174574463962731	TRUE	874	89	8.00711480567101
ENSG00000140983	chr16:2206584-2206885	535	55617	TRUE	4.3583422402339905e-9	-0.6367165686767845	TRUE	874	89	1.1848495265477046
ENSG00000198736	chr16:2206584-2206885	597	60923	TRUE	4.422944985479339e-9	-0.5363585902351505	TRUE	874	89	1.5289644468056294
ENSG00000103253	chr16:2206584-2206885	236	26073	TRUE	2.216733385382568e-7	-0.7757638006277021	TRUE	874	89	0.4842859672698105
ENSG00000174109	chr16:2206584-2206885	669	70408	TRUE	5.822242071388358e-7	-0.46455305580363915	TRUE	874	89	2.0785232871860577
ENSG00000086506	chr16:2206584-2206885	822	86844	TRUE	1.0500593822119282e-6	-0.27947570714365	TRUE	874	89	10.380022292363304
ENSG00000188536	chr16:2206584-2206885	874	92410	TRUE	1.7951953262560025e-6	-0.11618333814879378	TRUE	874	89	358.34205235580276
ENSG00000103254	chr16:2206584-2206885	443	45280	TRUE	6.828400659876217e-6	-0.6923849836456295	TRUE	874	89	1.5716845318082857
ENSG00000162039	chr16:2206584-2206885	613	63798	TRUE	1.15956050512297e-5	-0.458706254133438	TRUE	874	89	1.6831567653155828
ENSG00000131653	chr16:2206584-2206885	516	55270	TRUE	1.3941219779421849e-5	-0.4400866621232866	TRUE	874	89	1.124816400512516
ENSG00000206053	chr16:2206584-2206885	477	46739	TRUE	2.286398264310808e-5	-0.3694474884682285	TRUE	874	89	0.8066502078189943
ENSG00000127561	chr16:2206584-2206885	580	58201	TRUE	2.875432766241714e-5	-0.44273005448648967	TRUE	874	89	1.3043220100628146
ENSG00000103260	chr16:2206584-2206885	233	23458	TRUE	1.7316558115432852e-4	-0.587733532417877	TRUE	874	89	0.34295863412398303
ENSG00000103024	chr16:2206584-2206885	238	22920	TRUE	2.112382845124612e-4	-0.48447178402012825	TRUE	874	89	0.3398231194724835
ENSG00000063854	chr16:2206584-2206885	468	48895	TRUE	0.0016371113578022047	-0.2772394118114385	TRUE	874	89	1.0312509765930185
ENSG00000086504	chr16:2206584-2206885	872	91943	TRUE	1.7027873210578482e-20	-0.5835225625423615	TRUE	874	90	12.96360302926133
ENSG00000140990	chr16:2206584-2206885	872	92014	TRUE	2.227294310628864e-17	-0.52068705730193	TRUE	874	90	18.28205048074419
ENSG00000103275	chr16:2206584-2206885	857	89516	TRUE	1.1600603746283237e-14	-0.5650885980464659	TRUE	874	90	8.007781493171661
ENSG00000167969	chr16:2206584-2206885	852	89451	TRUE	9.328731285427439e-12	-0.4152090952984464	TRUE	874	90	5.668093794597747
ENSG00000162039	chr16:2206584-2206885	613	63798	TRUE	2.277884151266312e-11	-0.6184981495395494	TRUE	874	90	1.6831567653155828
ENSG00000095906	chr16:2206584-2206885	672	67382	TRUE	2.618841487463263e-10	-0.5670497795330471	TRUE	874	90	1.7336062585289123
ENSG00000074071	chr16:2206584-2206885	837	87891	TRUE	1.0030708629868012e-9	-0.5489542523987292	TRUE	874	90	8.00711480567101
ENSG00000131653	chr16:2206584-2206885	516	55270	TRUE	1.3867934082761817e-9	-0.5496606679325009	TRUE	874	90	1.124816400512516
ENSG00000103202	chr16:2206584-2206885	808	82656	TRUE	5.8543625798055505e-9	-0.46951924583184246	TRUE	874	90	3.9204245966019773
ENSG00000086506	chr16:2206584-2206885	822	86844	TRUE	7.272771143665099e-8	-0.309113774315382	TRUE	874	90	10.380022292363304
ENSG00000103266	chr16:2206584-2206885	702	72240	TRUE	9.951368557567964e-8	-0.4998353385100486	TRUE	874	90	2.2476744064918694
ENSG00000206053	chr16:2206584-2206885	477	46739	TRUE	2.1572836872462472e-7	-0.45769735447262816	TRUE	874	90	0.8066502078189943
ENSG00000127561	chr16:2206584-2206885	580	58201	TRUE	2.2302014796927224e-7	-0.5065616663557252	TRUE	874	90	1.3043220100628146
ENSG00000065057	chr16:2206584-2206885	779	80453	TRUE	3.868935008369636e-7	-0.44110737121963695	TRUE	874	90	3.6725939352271424
ENSG00000007376	chr16:2206584-2206885	646	66888	TRUE	9.224613163524029e-7	-0.5298944938497387	TRUE	874	90	2.134722960092503
ENSG00000174109	chr16:2206584-2206885	669	70408	TRUE	4.900809356612611e-6	-0.45728505533959973	TRUE	874	90	2.0785232871860577
ENSG00000007520	chr16:2206584-2206885	805	83723	TRUE	7.63971203803903e-6	-0.3422109963353548	TRUE	874	90	3.5910288863193642
ENSG00000063854	chr16:2206584-2206885	468	48895	TRUE	1.1843607021123066e-5	-0.37187628594951383	TRUE	874	90	1.0312509765930185
ENSG00000103254	chr16:2206584-2206885	443	45280	TRUE	1.7058186683805918e-5	-0.6990796362196376	TRUE	874	90	1.5716845318082857
ENSG00000198736	chr16:2206584-2206885	597	60923	TRUE	6.379298006464144e-5	-0.3965653945584896	TRUE	874	90	1.5289644468056294
ENSG00000103024	chr16:2206584-2206885	238	22920	TRUE	3.0373395928732713e-4	-0.4436380665115507	TRUE	874	90	0.3398231194724835
ENSG00000127554	chr16:2206584-2206885	411	42607	TRUE	3.2653857995211446e-4	-0.439288944097562	TRUE	874	90	0.7540131462441535
ENSG00000140983	chr16:2206584-2206885	535	55617	TRUE	0.0018955161362941425	-0.39886915625356945	TRUE	874	90	1.1848495265477046
ENSG00000103253	chr16:2206584-2206885	236	26073	TRUE	0.001937811659442179	-0.5146776665834296	TRUE	874	90	0.4842859672698105
ENSG00000065054	chr16:2206584-2206885	455	46398	TRUE	0.0025799621331740533	-0.3858740415315878	TRUE	874	90	0.8916736981364001
ENSG00000188536	chr16:2206584-2206885	874	92410	TRUE	0.010791963575435402	-0.010827751589465251	TRUE	874	90	358.34205235580276
ENSG00000103260	chr16:2206584-2206885	233	23458	TRUE	0.104	-0.30269050565032307	FALSE	874	90	0.34295863412398303
ENSG00000140990	chr16:2206584-2206885	872	92014	TRUE	5.239399429833595e-18	-0.5345923574598852	TRUE	874	91	18.28205048074419
ENSG00000103275	chr16:2206584-2206885	857	89516	TRUE	6.545443610239397e-18	-0.6050761844880408	TRUE	874	91	8.007781493171661
ENSG00000167969	chr16:2206584-2206885	852	89451	TRUE	5.859540796521408e-16	-0.4516127038510609	TRUE	874	91	5.668093794597747
ENSG00000074071	chr16:2206584-2206885	837	87891	TRUE	5.569305699952912e-15	-0.6395222703269483	TRUE	874	91	8.00711480567101
ENSG00000065057	chr16:2206584-2206885	779	80453	TRUE	4.573065133940415e-14	-0.5697405417850065	TRUE	874	91	3.6725939352271424
ENSG00000007376	chr16:2206584-2206885	646	66888	TRUE	2.099014092104426e-13	-0.7115912643526168	TRUE	874	91	2.134722960092503
ENSG00000007520	chr16:2206584-2206885	805	83723	TRUE	3.4235725841899423e-12	-0.460934916712487	TRUE	874	91	3.5910288863193642
ENSG00000188536	chr16:2206584-2206885	874	92410	TRUE	3.421146379258249e-11	-0.20937380913533232	TRUE	874	91	358.34205235580276
ENSG00000127554	chr16:2206584-2206885	411	42607	TRUE	4.512499406435463e-10	-0.6621529114558216	TRUE	874	91	0.7540131462441535
ENSG00000086504	chr16:2206584-2206885	872	91943	TRUE	4.870403275796518e-10	-0.41591104309575133	TRUE	874	91	12.96360302926133
ENSG00000131653	chr16:2206584-2206885	516	55270	TRUE	4.708926417082109e-9	-0.5311511405297439	TRUE	874	91	1.124816400512516
ENSG00000103202	chr16:2206584-2206885	808	82656	TRUE	8.315490232696022e-8	-0.4382207329571184	TRUE	874	91	3.9204245966019773
ENSG00000198736	chr16:2206584-2206885	597	60923	TRUE	1.3173909484354368e-7	-0.4868066170094774	TRUE	874	91	1.5289644468056294
ENSG00000127561	chr16:2206584-2206885	580	58201	TRUE	2.950385170242696e-7	-0.4997079953146627	TRUE	874	91	1.3043220100628146
ENSG00000065054	chr16:2206584-2206885	455	46398	TRUE	8.958858441905334e-7	-0.5466098715192397	TRUE	874	91	0.8916736981364001
ENSG00000086506	chr16:2206584-2206885	822	86844	TRUE	1.0451679436300054e-6	-0.24986317393993618	TRUE	874	91	10.380022292363304
ENSG00000103266	chr16:2206584-2206885	702	72240	TRUE	3.326686681996531e-6	-0.44839172006069095	TRUE	874	91	2.2476744064918694
ENSG00000095906	chr16:2206584-2206885	672	67382	TRUE	1.4566637390577095e-5	-0.42411691407610325	TRUE	874	91	1.7336062585289123
ENSG00000174109	chr16:2206584-2206885	669	70408	TRUE	3.06203031879863e-5	-0.4134245641178014	TRUE	874	91	2.0785232871860577
ENSG00000162039	chr16:2206584-2206885	613	63798	TRUE	4.849748885938336e-5	-0.4247884829071864	TRUE	874	91	1.6831567653155828
ENSG00000140983	chr16:2206584-2206885	535	55617	TRUE	1.6901668323054172e-4	-0.4611022506063621	TRUE	874	91	1.1848495265477046
ENSG00000206053	chr16:2206584-2206885	477	46739	TRUE	2.774005619681566e-4	-0.33216647238876906	TRUE	874	91	0.8066502078189943
ENSG00000103254	chr16:2206584-2206885	443	45280	TRUE	8.539554734931509e-4	-0.5769077662256934	TRUE	874	91	1.5716845318082857
ENSG00000103260	chr16:2206584-2206885	233	23458	TRUE	0.00369781051297971	-0.4928743460764353	TRUE	874	91	0.34295863412398303
ENSG00000063854	chr16:2206584-2206885	468	48895	TRUE	0.0148275068085707	-0.1920234095775908	TRUE	874	91	1.0312509765930185
ENSG00000103253	chr16:2206584-2206885	236	26073	TRUE	0.144	-0.31050310318820706	FALSE	874	91	0.4842859672698105
ENSG00000103024	chr16:2206584-2206885	238	22920	TRUE	0.228	-0.18620636690713277	FALSE	874	91	0.3398231194724835
ENSG00000074071	chr16:2206584-2206885	837	87891	TRUE	4.815254024515465e-13	-0.5956003052083858	TRUE	874	92	8.00711480567101
ENSG00000103275	chr16:2206584-2206885	857	89516	TRUE	5.764137370001189e-13	-0.5392228546763391	TRUE	874	92	8.007781493171661
ENSG00000007376	chr16:2206584-2206885	646	66888	TRUE	2.552505198104662e-10	-0.6056155096597571	TRUE	874	92	2.134722960092503
ENSG00000162039	chr16:2206584-2206885	613	63798	TRUE	6.276759613791754e-10	-0.5778956093434702	TRUE	874	92	1.6831567653155828
ENSG00000103266	chr16:2206584-2206885	702	72240	TRUE	6.728703376102866e-10	-0.5318077282483284	TRUE	874	92	2.2476744064918694
ENSG00000127561	chr16:2206584-2206885	580	58201	TRUE	4.322187464058244e-9	-0.5572490798045749	TRUE	874	92	1.3043220100628146
ENSG00000065057	chr16:2206584-2206885	779	80453	TRUE	9.38267318002881e-9	-0.47028909106845984	TRUE	874	92	3.6725939352271424
ENSG00000174109	chr16:2206584-2206885	669	70408	TRUE	2.379917545962439e-8	-0.4908132464368582	TRUE	874	92	2.0785232871860577
ENSG00000103202	chr16:2206584-2206885	808	82656	TRUE	3.23966161979011e-8	-0.43442345109342884	TRUE	874	92	3.9204245966019773
ENSG00000086506	chr16:2206584-2206885	822	86844	TRUE	4.697315953843288e-8	-0.2777282800586094	TRUE	874	92	10.380022292363304
ENSG00000206053	chr16:2206584-2206885	477	46739	TRUE	7.308540767871595e-8	-0.4657496267673611	TRUE	874	92	0.8066502078189943
ENSG00000167969	chr16:2206584-2206885	852	89451	TRUE	2.743854211362815e-7	-0.3163338452156399	TRUE	874	92	5.668093794597747
ENSG00000127554	chr16:2206584-2206885	411	42607	TRUE	3.051676894307324e-7	-0.5663636412467581	TRUE	874	92	0.7540131462441535
ENSG00000086504	chr16:2206584-2206885	872	91943	TRUE	4.6477319848845823e-7	-0.3595424825402955	TRUE	874	92	12.96360302926133
ENSG00000140990	chr16:2206584-2206885	872	92014	TRUE	7.684252477947176e-7	-0.3627245391679854	TRUE	874	92	18.28205048074419
ENSG00000131653	chr16:2206584-2206885	516	55270	TRUE	2.5100344441501778e-6	-0.45357889845140015	TRUE	874	92	1.124816400512516
ENSG00000198736	chr16:2206584-2206885	597	60923	TRUE	1.5515360889202436e-5	-0.3805055436623905	TRUE	874	92	1.5289644468056294
ENSG00000095906	chr16:2206584-2206885	672	67382	TRUE	1.6073368892600623e-5	-0.43015077916966066	TRUE	874	92	1.7336062585289123
ENSG00000103254	chr16:2206584-2206885	443	45280	TRUE	6.445449127332262e-5	-0.6399175637514939	TRUE	874	92	1.5716845318082857
ENSG00000007520	chr16:2206584-2206885	805	83723	TRUE	8.837113099610032e-5	-0.3163150683337703	TRUE	874	92	3.5910288863193642
ENSG00000063854	chr16:2206584-2206885	468	48895	TRUE	1.5191631829933718e-4	-0.3178813963087844	TRUE	874	92	1.0312509765930185
ENSG00000188536	chr16:2206584-2206885	874	92410	TRUE	2.3896708174887815e-4	-0.051098455166780354	TRUE	874	92	358.34205235580276
ENSG00000103024	chr16:2206584-2206885	238	22920	TRUE	5.680448659667638e-4	-0.41047120257635106	TRUE	874	92	0.3398231194724835
ENSG00000140983	chr16:2206584-2206885	535	55617	TRUE	0.001262445551173521	-0.4269859056742922	TRUE	874	92	1.1848495265477046
ENSG00000103253	chr16:2206584-2206885	236	26073	TRUE	0.0014481591691410528	-0.5392556893040958	TRUE	874	92	0.4842859672698105
ENSG00000065054	chr16:2206584-2206885	455	46398	TRUE	0.0019812361496077194	-0.38818050891475686	TRUE	874	92	0.8916736981364001
ENSG00000103260	chr16:2206584-2206885	233	23458	TRUE	0.5	-0.21895162409990543	FALSE	874	92	0.34295863412398303
ENSG00000140990	chr16:2206584-2206885	872	92014	TRUE	7.217238050810234e-22	-0.6420983436116847	TRUE	874	93	18.28205048074419
ENSG00000007520	chr16:2206584-2206885	805	83723	TRUE	2.4281078472226924e-16	-0.5583163490972831	TRUE	874	93	3.5910288863193642
ENSG00000167969	chr16:2206584-2206885	852	89451	TRUE	1.2610130951384243e-13	-0.4426122377001027	TRUE	874	93	5.668093794597747
ENSG00000162039	chr16:2206584-2206885	613	63798	TRUE	1.3809904168745386e-13	-0.6823703327059344	TRUE	874	93	1.6831567653155828
ENSG00000103202	chr16:2206584-2206885	808	82656	TRUE	1.6057883928659485e-13	-0.5511653189338637	TRUE	874	93	3.9204245966019773
ENSG00000086506	chr16:2206584-2206885	822	86844	TRUE	1.2745296560703506e-12	-0.4408777807641031	TRUE	874	93	10.380022292363304
ENSG00000074071	chr16:2206584-2206885	837	87891	TRUE	2.516960262253438e-12	-0.621310014491208	TRUE	874	93	8.00711480567101
ENSG00000103275	chr16:2206584-2206885	857	89516	TRUE	4.6428627115055114e-12	-0.5366616043009005	TRUE	874	93	8.007781493171661
ENSG00000086504	chr16:2206584-2206885	872	91943	TRUE	7.586247196602616e-12	-0.464297653715938	TRUE	874	93	12.96360302926133
ENSG00000095906	chr16:2206584-2206885	672	67382	TRUE	1.2540938461634405e-11	-0.6102393858391719	TRUE	874	93	1.7336062585289123
ENSG00000206053	chr16:2206584-2206885	477	46739	TRUE	4.3548452636448366e-10	-0.5346593362875124	TRUE	874	93	0.8066502078189943
ENSG00000103266	chr16:2206584-2206885	702	72240	TRUE	5.293491811349965e-9	-0.5167324077862301	TRUE	874	93	2.2476744064918694
ENSG00000198736	chr16:2206584-2206885	597	60923	TRUE	4.0615840302791356e-8	-0.48967479894997124	TRUE	874	93	1.5289644468056294
ENSG00000174109	chr16:2206584-2206885	669	70408	TRUE	6.312235481716473e-8	-0.5035899649925852	TRUE	874	93	2.0785232871860577
ENSG00000188536	chr16:2206584-2206885	874	92410	TRUE	2.4485648874775614e-7	-0.13273564065987742	TRUE	874	93	358.34205235580276
ENSG00000127554	chr16:2206584-2206885	411	42607	TRUE	5.566342928151839e-7	-0.55712543439142	TRUE	874	93	0.7540131462441535
ENSG00000065057	chr16:2206584-2206885	779	80453	TRUE	1.1500260514848092e-6	-0.4102402935453773	TRUE	874	93	3.6725939352271424
ENSG00000131653	chr16:2206584-2206885	516	55270	TRUE	5.341513431373055e-6	-0.4516436935456862	TRUE	874	93	1.124816400512516
ENSG00000007376	chr16:2206584-2206885	646	66888	TRUE	1.087175143010588e-5	-0.5225364704055402	TRUE	874	93	2.134722960092503
ENSG00000140983	chr16:2206584-2206885	535	55617	TRUE	1.5088227783929971e-5	-0.5035103978342855	TRUE	874	93	1.1848495265477046
ENSG00000103024	chr16:2206584-2206885	238	22920	TRUE	5.8221124255938665e-5	-0.5053303889177927	TRUE	874	93	0.3398231194724835
ENSG00000127561	chr16:2206584-2206885	580	58201	TRUE	7.653421318821476e-5	-0.42476757519207803	TRUE	874	93	1.3043220100628146
ENSG00000103254	chr16:2206584-2206885	443	45280	TRUE	2.2745265426343982e-4	-0.6112221307510283	TRUE	874	93	1.5716845318082857
ENSG00000065054	chr16:2206584-2206885	455	46398	TRUE	5.120161579751075e-4	-0.42322745601395756	TRUE	874	93	0.8916736981364001
ENSG00000103260	chr16:2206584-2206885	233	23458	TRUE	7.831389258584932e-4	-0.5531348708939099	TRUE	874	93	0.34295863412398303
ENSG00000103253	chr16:2206584-2206885	236	26073	TRUE	0.00393165330646076	-0.5146776665834296	TRUE	874	93	0.4842859672698105
ENSG00000063854	chr16:2206584-2206885	468	48895	TRUE	0.013124317039137731	-0.20648663888955343	TRUE	874	93	1.0312509765930185
ENSG00000086504	chr16:2206584-2206885	872	91943	TRUE	4.9510678469840355e-21	-0.5801189220766041	TRUE	874	94	12.96360302926133
ENSG00000074071	chr16:2206584-2206885	837	87891	TRUE	1.669727710126591e-15	-0.6471790924653167	TRUE	874	94	8.00711480567101
ENSG00000103275	chr16:2206584-2206885	857	89516	TRUE	6.171958773234319e-13	-0.5284394819802984	TRUE	874	94	8.007781493171661
ENSG00000103202	chr16:2206584-2206885	808	82656	TRUE	2.6849443387111206e-12	-0.5003772090196876	TRUE	874	94	3.9204245966019773
ENSG00000140990	chr16:2206584-2206885	872	92014	TRUE	7.715958794965853e-11	-0.4585854075646192	TRUE	874	94	18.28205048074419
ENSG00000007376	chr16:2206584-2206885	646	66888	TRUE	2.7158467887804598e-9	-0.6268731302202759	TRUE	874	94	2.134722960092503
ENSG00000086506	chr16:2206584-2206885	822	86844	TRUE	6.569219771698166e-9	-0.32186168034566487	TRUE	874	94	10.380022292363304
ENSG00000167969	chr16:2206584-2206885	852	89451	TRUE	6.807298581993928e-9	-0.36864904194520376	TRUE	874	94	5.668093794597747
ENSG00000103254	chr16:2206584-2206885	443	45280	TRUE	8.990706256378447e-9	-0.7962207946301694	TRUE	874	94	1.5716845318082857
ENSG00000007520	chr16:2206584-2206885	805	83723	TRUE	2.2032958692374342e-8	-0.3994840697509279	TRUE	874	94	3.5910288863193642
ENSG00000174109	chr16:2206584-2206885	669	70408	TRUE	1.7762658535883512e-7	-0.4886947511356432	TRUE	874	94	2.0785232871860577
ENSG00000162039	chr16:2206584-2206885	613	63798	TRUE	3.2772229364980273e-7	-0.5183945975948083	TRUE	874	94	1.6831567653155828
ENSG00000198736	chr16:2206584-2206885	597	60923	TRUE	5.02356830579993e-7	-0.4542259629456813	TRUE	874	94	1.5289644468056294
ENSG00000188536	chr16:2206584-2206885	874	92410	TRUE	7.739541671088505e-7	-0.08954554850943097	TRUE	874	94	358.34205235580276
ENSG00000063854	chr16:2206584-2206885	468	48895	TRUE	2.817874635787363e-6	-0.3657760864130959	TRUE	874	94	1.0312509765930185
ENSG00000127554	chr16:2206584-2206885	411	42607	TRUE	3.670792773721775e-6	-0.5147791436818254	TRUE	874	94	0.7540131462441535
ENSG00000131653	chr16:2206584-2206885	516	55270	TRUE	4.074949058320244e-6	-0.43816945912899596	TRUE	874	94	1.124816400512516
ENSG00000127561	chr16:2206584-2206885	580	58201	TRUE	1.241122028503136e-5	-0.45262285924492146	TRUE	874	94	1.3043220100628146
ENSG00000065057	chr16:2206584-2206885	779	80453	TRUE	1.9960319282294043e-5	-0.39058091733759515	TRUE	874	94	3.6725939352271424
ENSG00000095906	chr16:2206584-2206885	672	67382	TRUE	5.491352764321121e-5	-0.4169094301051867	TRUE	874	94	1.7336062585289123
ENSG00000103024	chr16:2206584-2206885	238	22920	TRUE	1.0295276818163106e-4	-0.48447178402012825	TRUE	874	94	0.3398231194724835
ENSG00000103266	chr16:2206584-2206885	702	72240	TRUE	1.2640375043957244e-4	-0.40056319497007586	TRUE	874	94	2.2476744064918694
ENSG00000065054	chr16:2206584-2206885	455	46398	TRUE	3.466672593706265e-4	-0.45430576719940124	TRUE	874	94	0.8916736981364001
ENSG00000103260	chr16:2206584-2206885	233	23458	TRUE	5.403106306135705e-4	-0.5060497348241686	TRUE	874	94	0.34295863412398303
ENSG00000140983	chr16:2206584-2206885	535	55617	TRUE	8.32597447748655e-4	-0.43231934997733273	TRUE	874	94	1.1848495265477046
ENSG00000103253	chr16:2206584-2206885	236	26073	TRUE	0.028	-0.4249230138251008	TRUE	874	94	0.4842859672698105
ENSG00000206053	chr16:2206584-2206885	477	46739	TRUE	0.03005255385679556	-0.22122603556560536	TRUE	874	94	0.8066502078189943
ENSG00000086504	chr16:2206584-2206885	872	91943	TRUE	6.220010465486634e-24	-0.5802978609966338	TRUE	874	95	12.96360302926133
ENSG00000167969	chr16:2206584-2206885	852	89451	TRUE	6.973771978736866e-14	-0.4474805189014597	TRUE	874	95	5.668093794597747
ENSG00000140990	chr16:2206584-2206885	872	92014	TRUE	2.933929687532566e-12	-0.4726254701121775	TRUE	874	95	18.28205048074419
ENSG00000103202	chr16:2206584-2206885	808	82656	TRUE	3.5671380463812667e-12	-0.5037838104629371	TRUE	874	95	3.9204245966019773
ENSG00000131653	chr16:2206584-2206885	516	55270	TRUE	3.915813765106812e-12	-0.6023580910221638	TRUE	874	95	1.124816400512516
ENSG00000065057	chr16:2206584-2206885	779	80453	TRUE	8.917208958422637e-12	-0.5194630089210919	TRUE	874	95	3.6725939352271424
ENSG00000007520	chr16:2206584-2206885	805	83723	TRUE	9.207572947684937e-12	-0.47366733634036673	TRUE	874	95	3.5910288863193642
ENSG00000103266	chr16:2206584-2206885	702	72240	TRUE	3.0208858267457314e-11	-0.5542071132048928	TRUE	874	95	2.2476744064918694
ENSG00000095906	chr16:2206584-2206885	672	67382	TRUE	3.7349422792747844e-11	-0.5670497795330471	TRUE	874	95	1.7336062585289123
ENSG00000074071	chr16:2206584-2206885	837	87891	TRUE	6.896442234011126e-8	-0.5059952222274329	TRUE	874	95	8.00711480567101
ENSG00000174109	chr16:2206584-2206885	669	70408	TRUE	2.428617632709609e-7	-0.4739517538058886	TRUE	874	95	2.0785232871860577
ENSG00000140983	chr16:2206584-2206885	535	55617	TRUE	6.162410359477748e-7	-0.5491330149600828	TRUE	874	95	1.1848495265477046
ENSG00000198736	chr16:2206584-2206885	597	60923	TRUE	1.0080331667430484e-6	-0.46124639062345363	TRUE	874	95	1.5289644468056294
ENSG00000188536	chr16:2206584-2206885	874	92410	TRUE	2.335094275050776e-6	-0.09830818228792104	TRUE	874	95	358.34205235580276
ENSG00000007376	chr16:2206584-2206885	646	66888	TRUE	2.6704063381685975e-6	-0.5288410472597491	TRUE	874	95	2.134722960092503
ENSG00000103254	chr16:2206584-2206885	443	45280	TRUE	1.3197212034440084e-5	-0.6479908642871761	TRUE	874	95	1.5716845318082857
ENSG00000206053	chr16:2206584-2206885	477	46739	TRUE	1.6038124742358707e-5	-0.3795539749185518	TRUE	874	95	0.8066502078189943
ENSG00000086506	chr16:2206584-2206885	822	86844	TRUE	2.519183321741513e-5	-0.24720102337930117	TRUE	874	95	10.380022292363304
ENSG00000162039	chr16:2206584-2206885	613	63798	TRUE	2.80128765083789e-5	-0.4447915075548103	TRUE	874	95	1.6831567653155828
ENSG00000103275	chr16:2206584-2206885	857	89516	TRUE	8.058876781774898e-5	-0.38230049238355024	TRUE	874	95	8.007781493171661
ENSG00000103024	chr16:2206584-2206885	238	22920	TRUE	2.826858189410794e-4	-0.46391046153781157	TRUE	874	95	0.3398231194724835
ENSG00000127554	chr16:2206584-2206885	411	42607	TRUE	3.868009356629287e-4	-0.439288944097562	TRUE	874	95	0.7540131462441535
ENSG00000103260	chr16:2206584-2206885	233	23458	TRUE	4.822904598059778e-4	-0.5463136050378958	TRUE	874	95	0.34295863412398303
ENSG00000065054	chr16:2206584-2206885	455	46398	TRUE	0.0030716687867156055	-0.3789766815849171	TRUE	874	95	0.8916736981364001
ENSG00000103253	chr16:2206584-2206885	236	26073	TRUE	0.004554662226694248	-0.4762035187687943	TRUE	874	95	0.4842859672698105
ENSG00000063854	chr16:2206584-2206885	468	48895	TRUE	0.007871771877298386	-0.22845703872515888	TRUE	874	95	1.0312509765930185
ENSG00000127561	chr16:2206584-2206885	580	58201	TRUE	0.021957633791003545	-0.3034351045450067	TRUE	874	95	1.3043220100628146
ENSG00000007520	chr16:2206584-2206885	805	83723	TRUE	1.3268353618711474e-19	-0.5929557649398476	TRUE	874	96	3.5910288863193642
ENSG00000065057	chr16:2206584-2206885	779	80453	TRUE	7.2022248203579e-14	-0.5590422089237599	TRUE	874	96	3.6725939352271424
ENSG00000167969	chr16:2206584-2206885	852	89451	TRUE	5.439170897033283e-13	-0.4336675743328793	TRUE	874	96	5.668093794597747
ENSG00000074071	chr16:2206584-2206885	837	87891	TRUE	7.890260605734003e-12	-0.5750068370990693	TRUE	874	96	8.00711480567101
ENSG00000174109	chr16:2206584-2206885	669	70408	TRUE	3.833009330345455e-11	-0.5703477198262359	TRUE	874	96	2.0785232871860577
ENSG00000103202	chr16:2206584-2206885	808	82656	TRUE	4.66667731628662e-11	-0.4896424010124656	TRUE	874	96	3.9204245966019773
ENSG00000095906	chr16:2206584-2206885	672	67382	TRUE	7.278397257013571e-11	-0.573713509814058	TRUE	874	96	1.7336062585289123
ENSG00000086504	chr16:2206584-2206885	872	91943	TRUE	1.7008587756025108e-10	-0.442338900006233	TRUE	874	96	12.96360302926133
ENSG00000198736	chr16:2206584-2206885	597	60923	TRUE	3.458362034547291e-10	-0.5557639894077435	TRUE	874	96	1.5289644468056294
ENSG00000140983	chr16:2206584-2206885	535	55617	TRUE	4.64498795846326e-10	-0.6305730744781397	TRUE	874	96	1.1848495265477046
ENSG00000127561	chr16:2206584-2206885	580	58201	TRUE	5.800524786102817e-10	-0.6042583402428584	TRUE	874	96	1.3043220100628146
ENSG00000140990	chr16:2206584-2206885	872	92014	TRUE	1.0938379602810227e-8	-0.40997438425746324	TRUE	874	96	18.28205048074419
ENSG00000086506	chr16:2206584-2206885	822	86844	TRUE	1.3485507351235768e-8	-0.33755204877497214	TRUE	874	96	10.380022292363304
ENSG00000103254	chr16:2206584-2206885	443	45280	TRUE	7.186660935974633e-8	-0.7347454853692749	TRUE	874	96	1.5716845318082857
ENSG00000162039	chr16:2206584-2206885	613	63798	TRUE	1.9649812878764464e-7	-0.5263653087033882	TRUE	874	96	1.6831567653155828
ENSG00000103266	chr16:2206584-2206885	702	72240	TRUE	2.154313513436112e-7	-0.4880260362204154	TRUE	874	96	2.2476744064918694
ENSG00000131653	chr16:2206584-2206885	516	55270	TRUE	3.698580434521089e-7	-0.45745711326232785	TRUE	874	96	1.124816400512516
ENSG00000007376	chr16:2206584-2206885	646	66888	TRUE	7.252107081636761e-7	-0.5511265921593707	TRUE	874	96	2.134722960092503
ENSG00000103275	chr16:2206584-2206885	857	89516	TRUE	1.8525516557472282e-6	-0.41851851521396144	TRUE	874	96	8.007781493171661
ENSG00000063854	chr16:2206584-2206885	468	48895	TRUE	2.92969732883187e-5	-0.3277291822651316	TRUE	874	96	1.0312509765930185
ENSG00000127554	chr16:2206584-2206885	411	42607	TRUE	3.021770793428251e-5	-0.45636245745650345	TRUE	874	96	0.7540131462441535
ENSG00000103253	chr16:2206584-2206885	236	26073	TRUE	1.474941758451056e-4	-0.6260989492518529	TRUE	874	96	0.4842859672698105
ENSG00000206053	chr16:2206584-2206885	477	46739	TRUE	1.8372455556893517e-4	-0.3370819628028857	TRUE	874	96	0.8066502078189943
ENSG00000103260	chr16:2206584-2206885	233	23458	TRUE	2.586762629775046e-4	-0.587733532417877	TRUE	874	96	0.34295863412398303
ENSG00000188536	chr16:2206584-2206885	874	92410	TRUE	2.7528281289758774e-4	-0.03851966428013753	TRUE	874	96	358.34205235580276
ENSG00000065054	chr16:2206584-2206885	455	46398	TRUE	6.680515611003882e-4	-0.442273211704504	TRUE	874	96	0.8916736981364001
ENSG00000103024	chr16:2206584-2206885	238	22920	TRUE	0.0010641858020488254	-0.4369434139375421	TRUE	874	96	0.3398231194724835
ENSG00000140990	chr16:2206584-2206885	872	92014	TRUE	1.1772379547892138e-23	-0.5997358013539444	TRUE	874	97	18.28205048074419
ENSG00000007520	chr16:2206584-2206885	805	83723	TRUE	4.600848327182749e-12	-0.4688036316381632	TRUE	874	97	3.5910288863193642
ENSG00000167969	chr16:2206584-2206885	852	89451	TRUE	1.2029442226809083e-11	-0.4049745803367375	TRUE	874	97	5.668093794597747
ENSG00000174109	chr16:2206584-2206885	669	70408	TRUE	4.73068766713434e-11	-0.5625282153669364	TRUE	874	97	2.0785232871860577
ENSG00000103275	chr16:2206584-2206885	857	89516	TRUE	2.738969984167266e-10	-0.49380196440494695	TRUE	874	97	8.007781493171661
ENSG00000007376	chr16:2206584-2206885	646	66888	TRUE	6.276143453531733e-9	-0.5945518431623975	TRUE	874	97	2.134722960092503
ENSG00000131653	chr16:2206584-2206885	516	55270	TRUE	8.459171456442571e-9	-0.5108597365366675	TRUE	874	97	1.124816400512516
ENSG00000074071	chr16:2206584-2206885	837	87891	TRUE	8.69478923395565e-9	-0.5219553301358668	TRUE	874	97	8.00711480567101
ENSG00000103254	chr16:2206584-2206885	443	45280	TRUE	9.629662810342133e-9	-0.7890610030573033	TRUE	874	97	1.5716845318082857
ENSG00000140983	chr16:2206584-2206885	535	55617	TRUE	7.935471577460039e-8	-0.5863028075506236	TRUE	874	97	1.1848495265477046
ENSG00000162039	chr16:2206584-2206885	613	63798	TRUE	3.561329911804271e-7	-0.48694495896975587	TRUE	874	97	1.6831567653155828
ENSG00000086506	chr16:2206584-2206885	822	86844	TRUE	7.862673472551355e-7	-0.2517677221252961	TRUE	874	97	10.380022292363304
ENSG00000103266	chr16:2206584-2206885	702	72240	TRUE	8.098418774918174e-7	-0.4618033243295685	TRUE	874	97	2.2476744064918694
ENSG00000065057	chr16:2206584-2206885	779	80453	TRUE	2.404456103924197e-6	-0.4068510319062004	TRUE	874	97	3.6725939352271424
ENSG00000103202	chr16:2206584-2206885	808	82656	TRUE	3.822575168327576e-6	-0.3854235608455232	TRUE	874	97	3.9204245966019773
ENSG00000086504	chr16:2206584-2206885	872	91943	TRUE	8.49293075488465e-6	-0.346700776110378	TRUE	874	97	12.96360302926133
ENSG00000127561	chr16:2206584-2206885	580	58201	TRUE	5.004664124068055e-5	-0.4166761628385302	TRUE	874	97	1.3043220100628146
ENSG00000127554	chr16:2206584-2206885	411	42607	TRUE	5.54711470360297e-5	-0.4707463756191595	TRUE	874	97	0.7540131462441535
ENSG00000065054	chr16:2206584-2206885	455	46398	TRUE	9.416948040484596e-5	-0.4615737676634403	TRUE	874	97	0.8916736981364001
ENSG00000206053	chr16:2206584-2206885	477	46739	TRUE	1.1748813675925389e-4	-0.33954600275436664	TRUE	874	97	0.8066502078189943
ENSG00000198736	chr16:2206584-2206885	597	60923	TRUE	4.421100731462693e-4	-0.3606789140670311	TRUE	874	97	1.5289644468056294
ENSG00000095906	chr16:2206584-2206885	672	67382	TRUE	9.545731899238546e-4	-0.36628335703521875	TRUE	874	97	1.7336062585289123
ENSG00000063854	chr16:2206584-2206885	468	48895	TRUE	0.0010459975147202516	-0.2696262277015634	TRUE	874	97	1.0312509765930185
ENSG00000103253	chr16:2206584-2206885	236	26073	TRUE	0.010285934492567234	-0.4809570487394288	TRUE	874	97	0.4842859672698105
ENSG00000103024	chr16:2206584-2206885	238	22920	TRUE	0.048	-0.27296767882641637	TRUE	874	97	0.3398231194724835
ENSG00000103260	chr16:2206584-2206885	233	23458	TRUE	0.08	-0.36134472337113355	TRUE	874	97	0.34295863412398303
ENSG00000188536	chr16:2206584-2206885	874	92410	TRUE	0.36	0.12318408981972695	FALSE	874	97	358.34205235580276
ENSG00000086504	chr16:2206584-2206885	872	91943	TRUE	2.7145872446454657e-16	-0.5305235945977524	TRUE	874	98	12.96360302926133
ENSG00000167969	chr16:2206584-2206885	852	89451	TRUE	7.923059948428177e-13	-0.4306983012685013	TRUE	874	98	5.668093794597747
ENSG00000103202	chr16:2206584-2206885	808	82656	TRUE	2.231620162453972e-11	-0.5100502153592679	TRUE	874	98	3.9204245966019773
ENSG00000103275	chr16:2206584-2206885	857	89516	TRUE	5.831997927536267e-11	-0.5168944810368923	TRUE	874	98	8.007781493171661
ENSG00000065057	chr16:2206584-2206885	779	80453	TRUE	1.658962995430072e-10	-0.5103416189525436	TRUE	874	98	3.6725939352271424
ENSG00000095906	chr16:2206584-2206885	672	67382	TRUE	5.557985828921849e-10	-0.5524970239043622	TRUE	874	98	1.7336062585289123
ENSG00000140990	chr16:2206584-2206885	872	92014	TRUE	5.991260346585349e-10	-0.4398395997085185	TRUE	874	98	18.28205048074419
ENSG00000198736	chr16:2206584-2206885	597	60923	TRUE	6.790386411443866e-9	-0.5099133378297738	TRUE	874	98	1.5289644468056294
ENSG00000188536	chr16:2206584-2206885	874	92410	TRUE	2.0689653347657176e-8	-0.17651332481724502	TRUE	874	98	358.34205235580276
ENSG00000065054	chr16:2206584-2206885	455	46398	TRUE	2.854441775349372e-8	-0.5857804687999174	TRUE	874	98	0.8916736981364001
ENSG00000162039	chr16:2206584-2206885	613	63798	TRUE	3.1795874443068874e-8	-0.5317036868236984	TRUE	874	98	1.6831567653155828
ENSG00000140983	chr16:2206584-2206885	535	55617	TRUE	3.7821160645062576e-8	-0.5744611949061071	TRUE	874	98	1.1848495265477046
ENSG00000103266	chr16:2206584-2206885	702	72240	TRUE	1.1221421388285329e-7	-0.474369591738832	TRUE	874	98	2.2476744064918694
ENSG00000103024	chr16:2206584-2206885	238	22920	TRUE	6.135573687511987e-7	-0.6219753077700629	TRUE	874	98	0.3398231194724835
ENSG00000103260	chr16:2206584-2206885	233	23458	TRUE	6.396221591557045e-6	-0.6817770223330148	TRUE	874	98	0.34295863412398303
ENSG00000074071	chr16:2206584-2206885	837	87891	TRUE	7.522908499684594e-6	-0.45618555245391335	TRUE	874	98	8.00711480567101
ENSG00000063854	chr16:2206584-2206885	468	48895	TRUE	1.760931532223981e-5	-0.35164180220945984	TRUE	874	98	1.0312509765930185
ENSG00000007520	chr16:2206584-2206885	805	83723	TRUE	5.026700434202121e-5	-0.3124976912109758	TRUE	874	98	3.5910288863193642
ENSG00000103254	chr16:2206584-2206885	443	45280	TRUE	1.4338722105956478e-4	-0.6350951802946507	TRUE	874	98	1.5716845318082857
ENSG00000127554	chr16:2206584-2206885	411	42607	TRUE	1.5235188001226944e-4	-0.44495769418425407	TRUE	874	98	0.7540131462441535
ENSG00000127561	chr16:2206584-2206885	580	58201	TRUE	4.1780266321317025e-4	-0.3958484434933255	TRUE	874	98	1.3043220100628146
ENSG00000007376	chr16:2206584-2206885	646	66888	TRUE	4.3967340911368717e-4	-0.4439822374747969	TRUE	874	98	2.134722960092503
ENSG00000086506	chr16:2206584-2206885	822	86844	TRUE	0.0012696450965588857	-0.16953851256759211	TRUE	874	98	10.380022292363304
ENSG00000206053	chr16:2206584-2206885	477	46739	TRUE	0.0019498705110239656	-0.28628611096945134	TRUE	874	98	0.8066502078189943
ENSG00000103253	chr16:2206584-2206885	236	26073	TRUE	0.001997186924782922	-0.5492053497117009	TRUE	874	98	0.4842859672698105
ENSG00000174109	chr16:2206584-2206885	669	70408	TRUE	0.003807579125643744	-0.3592000556574104	TRUE	874	98	2.0785232871860577
ENSG00000131653	chr16:2206584-2206885	516	55270	TRUE	0.004269859379649028	-0.31168093011924114	TRUE	874	98	1.124816400512516
ENSG00000140990	chr16:2206584-2206885	872	92014	TRUE	1.1161533120761044e-20	-0.5971043459214465	TRUE	874	99	18.28205048074419
ENSG00000103275	chr16:2206584-2206885	857	89516	TRUE	4.816352167946567e-18	-0.6167507178689586	TRUE	874	99	8.007781493171661
ENSG00000074071	chr16:2206584-2206885	837	87891	TRUE	1.1733270520908934e-16	-0.6536423770585724	TRUE	874	99	8.00711480567101
ENSG00000103202	chr16:2206584-2206885	808	82656	TRUE	1.0485208638703484e-14	-0.568301771152909	TRUE	874	99	3.9204245966019773
ENSG00000065057	chr16:2206584-2206885	779	80453	TRUE	1.1321833681956685e-14	-0.5990931561714554	TRUE	874	99	3.6725939352271424
ENSG00000086504	chr16:2206584-2206885	872	91943	TRUE	1.7819267606607183e-14	-0.4988899026420608	TRUE	874	99	12.96360302926133
ENSG00000167969	chr16:2206584-2206885	852	89451	TRUE	5.670169430069016e-14	-0.44485709558180675	TRUE	874	99	5.668093794597747
ENSG00000086506	chr16:2206584-2206885	822	86844	TRUE	2.1566206026033083e-12	-0.4322129196369757	TRUE	874	99	10.380022292363304
ENSG00000198736	chr16:2206584-2206885	597	60923	TRUE	2.4383847097150116e-12	-0.5953758453066001	TRUE	874	99	1.5289644468056294
ENSG00000140983	chr16:2206584-2206885	535	55617	TRUE	9.557114448804835e-11	-0.6678326930472218	TRUE	874	99	1.1848495265477046
ENSG00000007520	chr16:2206584-2206885	805	83723	TRUE	2.8805095402028094e-10	-0.42516378569066493	TRUE	874	99	3.5910288863193642
ENSG00000103253	chr16:2206584-2206885	236	26073	TRUE	4.716926464263759e-10	-0.9167761101547756	TRUE	874	99	0.4842859672698105
ENSG00000095906	chr16:2206584-2206885	672	67382	TRUE	6.757697476420298e-10	-0.5328860054757967	TRUE	874	99	1.7336062585289123
ENSG00000103254	chr16:2206584-2206885	443	45280	TRUE	8.223062678846291e-10	-0.8124614356373803	TRUE	874	99	1.5716845318082857
ENSG00000103266	chr16:2206584-2206885	702	72240	TRUE	2.101957540334709e-9	-0.5460215874680292	TRUE	874	99	2.2476744064918694
ENSG00000131653	chr16:2206584-2206885	516	55270	TRUE	2.263070976110539e-9	-0.5372946347283887	TRUE	874	99	1.124816400512516
ENSG00000162039	chr16:2206584-2206885	613	63798	TRUE	3.96489770366957e-9	-0.5573342868611537	TRUE	874	99	1.6831567653155828
ENSG00000174109	chr16:2206584-2206885	669	70408	TRUE	8.826628380900397e-9	-0.5154021972993919	TRUE	874	99	2.0785232871860577
ENSG00000206053	chr16:2206584-2206885	477	46739	TRUE	3.946151739404339e-8	-0.47927076642098	TRUE	874	99	0.8066502078189943
ENSG00000103260	chr16:2206584-2206885	233	23458	TRUE	5.041900752902586e-8	-0.8230229477687665	TRUE	874	99	0.34295863412398303
ENSG00000127554	chr16:2206584-2206885	411	42607	TRUE	5.792592976271616e-7	-0.5663636412467581	TRUE	874	99	0.7540131462441535
ENSG00000103024	chr16:2206584-2206885	238	22920	TRUE	7.393910423224726e-7	-0.6144020880652621	TRUE	874	99	0.3398231194724835
ENSG00000127561	chr16:2206584-2206885	580	58201	TRUE	2.6988437520258013e-6	-0.4625839692951229	TRUE	874	99	1.3043220100628146
ENSG00000188536	chr16:2206584-2206885	874	92410	TRUE	2.7273240510955303e-6	-0.1398419073527677	TRUE	874	99	358.34205235580276
ENSG00000065054	chr16:2206584-2206885	455	46398	TRUE	5.095430908874437e-6	-0.5160215516858168	TRUE	874	99	0.8916736981364001
ENSG00000063854	chr16:2206584-2206885	468	48895	TRUE	8.105947296152983e-6	-0.35566605876825463	TRUE	874	99	1.0312509765930185
ENSG00000007376	chr16:2206584-2206885	646	66888	TRUE	8.982548016291982e-5	-0.4489553380244329	TRUE	874	99	2.134722960092503
ENSG00000140990	chr16:2206584-2206885	872	92014	TRUE	5.298812698381285e-20	-0.5960531062058276	TRUE	874	100	18.28205048074419
ENSG00000167969	chr16:2206584-2206885	852	89451	TRUE	8.985522559575043e-17	-0.4858735628952435	TRUE	874	100	5.668093794597747
ENSG00000065057	chr16:2206584-2206885	779	80453	TRUE	7.258348172923592e-15	-0.6003830043046592	TRUE	874	100	3.6725939352271424
ENSG00000103275	chr16:2206584-2206885	857	89516	TRUE	1.0096273216946271e-13	-0.5758582872220575	TRUE	874	100	8.007781493171661
ENSG00000086504	chr16:2206584-2206885	872	91943	TRUE	1.745029357212739e-13	-0.4911307383899408	TRUE	874	100	12.96360302926133
ENSG00000095906	chr16:2206584-2206885	672	67382	TRUE	5.029772795992005e-13	-0.6379045679998293	TRUE	874	100	1.7336062585289123
ENSG00000188536	chr16:2206584-2206885	874	92410	TRUE	6.154445502149788e-13	-0.2284100667886637	TRUE	874	100	358.34205235580276
ENSG00000174109	chr16:2206584-2206885	669	70408	TRUE	6.077387720072088e-9	-0.4993184739643157	TRUE	874	100	2.0785232871860577
ENSG00000007520	chr16:2206584-2206885	805	83723	TRUE	8.12787535855368e-9	-0.4012205133397615	TRUE	874	100	3.5910288863193642
ENSG00000074071	chr16:2206584-2206885	837	87891	TRUE	1.767077531326098e-8	-0.5090615252752166	TRUE	874	100	8.00711480567101
ENSG00000103202	chr16:2206584-2206885	808	82656	TRUE	2.515014592656265e-8	-0.42416664239956914	TRUE	874	100	3.9204245966019773
ENSG00000140983	chr16:2206584-2206885	535	55617	TRUE	2.854321778098575e-8	-0.5705354916923071	TRUE	874	100	1.1848495265477046
ENSG00000198736	chr16:2206584-2206885	597	60923	TRUE	3.938529251094002e-7	-0.46124639062345363	TRUE	874	100	1.5289644468056294
ENSG00000103254	chr16:2206584-2206885	443	45280	TRUE	1.2109845980703081e-6	-0.7074918760358379	TRUE	874	100	1.5716845318082857
ENSG00000007376	chr16:2206584-2206885	646	66888	TRUE	1.8054622861029396e-6	-0.5404714843402469	TRUE	874	100	2.134722960092503
ENSG00000103253	chr16:2206584-2206885	236	26073	TRUE	1.8558273231106693e-6	-0.7354463454402136	TRUE	874	100	0.4842859672698105
ENSG00000103266	chr16:2206584-2206885	702	72240	TRUE	2.816570340723659e-6	-0.45316727900876386	TRUE	874	100	2.2476744064918694
ENSG00000086506	chr16:2206584-2206885	822	86844	TRUE	3.688174193207123e-6	-0.2527209398942909	TRUE	874	100	10.380022292363304
ENSG00000127554	chr16:2206584-2206885	411	42607	TRUE	6.9434299308341295e-6	-0.5118014438819298	TRUE	874	100	0.7540131462441535
ENSG00000103260	chr16:2206584-2206885	233	23458	TRUE	1.0027523882940193e-5	-0.6669037458514846	TRUE	874	100	0.34295863412398303
ENSG00000162039	chr16:2206584-2206885	613	63798	TRUE	1.2156078590157965e-5	-0.4510997600230336	TRUE	874	100	1.6831567653155828
ENSG00000206053	chr16:2206584-2206885	477	46739	TRUE	8.86559793913705e-5	-0.3619138157828212	TRUE	874	100	0.8066502078189943
ENSG00000131653	chr16:2206584-2206885	516	55270	TRUE	1.7738018448917002e-4	-0.3616803166579663	TRUE	874	100	1.124816400512516
ENSG00000127561	chr16:2206584-2206885	580	58201	TRUE	3.746238291764889e-4	-0.3974399439756126	TRUE	874	100	1.3043220100628146
ENSG00000065054	chr16:2206584-2206885	455	46398	TRUE	0.006923485783764963	-0.3812721395725791	TRUE	874	100	0.8916736981364001
ENSG00000063854	chr16:2206584-2206885	468	48895	TRUE	0.008265276167551447	-0.22293299225352173	TRUE	874	100	1.0312509765930185
ENSG00000103024	chr16:2206584-2206885	238	22920	TRUE	0.056	-0.26109357853812454	TRUE	874	100	0.3398231194724835
ENSG00000131469	chr17:39697389-39697690	752	92539	TRUE	2.8792139327013175e-11	-0.37847344854362674	TRUE	752	1	162.26572705397044
ENSG00000108828	chr17:39697389-39697690	694	85249	TRUE	2.0746423044610914e-9	-0.3636590595738276	TRUE	752	1	3.9874371074096064
ENSG00000012048	chr17:39697389-39697690	570	67592	TRUE	4.747661387725498e-7	-0.4985270473174337	TRUE	752	1	1.968988614227528
ENSG00000108828	chr17:39697389-39697690	694	85249	TRUE	1.7805479190908266e-14	-0.47350247972511017	TRUE	752	2	3.9874371074096064
ENSG00000131469	chr17:39697389-39697690	752	92539	TRUE	9.829824962765679e-10	-0.3769921823665241	TRUE	752	2	162.26572705397044
ENSG00000012048	chr17:39697389-39697690	570	67592	TRUE	8.635377467950019e-6	-0.4238882464246778	TRUE	752	2	1.968988614227528
ENSG00000012048	chr17:39697389-39697690	570	67592	TRUE	8.422985418816758e-10	-0.550521684955695	TRUE	752	3	1.968988614227528
ENSG00000108828	chr17:39697389-39697690	694	85249	TRUE	2.3126447306130146e-9	-0.3785908326996432	TRUE	752	3	3.9874371074096064
ENSG00000131469	chr17:39697389-39697690	752	92539	TRUE	2.541661508575322e-9	-0.3755269354558548	TRUE	752	3	162.26572705397044
ENSG00000012048	chr17:39697389-39697690	570	67592	TRUE	3.5782917000824494e-11	-0.5948744432373007	TRUE	752	4	1.968988614227528
ENSG00000131469	chr17:39697389-39697690	752	92539	TRUE	6.740221396222081e-10	-0.40158541823696936	TRUE	752	4	162.26572705397044
ENSG00000108828	chr17:39697389-39697690	694	85249	TRUE	0.024	-0.18032821381931896	TRUE	752	4	3.9874371074096064
ENSG00000108828	chr17:39697389-39697690	694	85249	TRUE	1.5148800996439886e-13	-0.43054691482303764	TRUE	752	5	3.9874371074096064
ENSG00000012048	chr17:39697389-39697690	570	67592	TRUE	1.8530593305741017e-9	-0.5242901433825156	TRUE	752	5	1.968988614227528
ENSG00000131469	chr17:39697389-39697690	752	92539	TRUE	5.1632730060396925e-5	-0.2827719190841691	TRUE	752	5	162.26572705397044
ENSG00000131469	chr17:39697389-39697690	752	92539	TRUE	3.643695020265324e-14	-0.42195566499000137	TRUE	752	6	162.26572705397044
ENSG00000108828	chr17:39697389-39697690	694	85249	TRUE	1.0710106171768735e-8	-0.34476916560290727	TRUE	752	6	3.9874371074096064
ENSG00000012048	chr17:39697389-39697690	570	67592	TRUE	0.024	-0.3097172265053667	TRUE	752	6	1.968988614227528
ENSG00000012048	chr17:39697389-39697690	570	67592	TRUE	1.1973961097343504e-9	-0.5478769637001313	TRUE	752	7	1.968988614227528
ENSG00000108828	chr17:39697389-39697690	694	85249	TRUE	6.877128523680585e-9	-0.36306499119364455	TRUE	752	7	3.9874371074096064
ENSG00000131469	chr17:39697389-39697690	752	92539	TRUE	1.6225005831341406e-7	-0.3208664999916033	TRUE	752	7	162.26572705397044
ENSG00000131469	chr17:39697389-39697690	752	92539	TRUE	3.314984869193627e-17	-0.46759271520929335	TRUE	752	8	162.26572705397044
ENSG00000108828	chr17:39697389-39697690	694	85249	TRUE	1.2902371309516574e-10	-0.3858133511178816	TRUE	752	8	3.9874371074096064
ENSG00000012048	chr17:39697389-39697690	570	67592	TRUE	1.7465833336650157e-8	-0.5229910032308916	TRUE	752	8	1.968988614227528
ENSG00000131469	chr17:39697389-39697690	752	92539	TRUE	1.030362965349414e-11	-0.4270108367442811	TRUE	752	9	162.26572705397044
ENSG00000108828	chr17:39697389-39697690	694	85249	TRUE	7.78953646274538e-5	-0.25496238388426873	TRUE	752	9	3.9874371074096064
ENSG00000012048	chr17:39697389-39697690	570	67592	TRUE	3.161557338011156e-4	-0.38678661963258043	TRUE	752	9	1.968988614227528
ENSG00000108828	chr17:39697389-39697690	694	85249	TRUE	4.77188101661826e-10	-0.3749930875910388	TRUE	752	10	3.9874371074096064
ENSG00000012048	chr17:39697389-39697690	570	67592	TRUE	7.534874932133091e-10	-0.5691717420633595	TRUE	752	10	1.968988614227528
ENSG00000131469	chr17:39697389-39697690	752	92539	TRUE	2.6596051430866335e-5	-0.2784273893610534	TRUE	752	10	162.26572705397044
ENSG00000108828	chr17:39697389-39697690	694	85249	TRUE	5.708850305835989e-13	-0.4455620898136845	TRUE	752	11	3.9874371074096064
ENSG00000012048	chr17:39697389-39697690	570	67592	TRUE	4.0398338083118213e-7	-0.510063541814557	TRUE	752	11	1.968988614227528
ENSG00000131469	chr17:39697389-39697690	752	92539	TRUE	4.864578848677798e-7	-0.34071525603461694	TRUE	752	11	162.26572705397044
ENSG00000131469	chr17:39697389-39697690	752	92539	TRUE	1e-250	-0.6025668442321148	TRUE	752	12	162.26572705397044
ENSG00000012048	chr17:39697389-39697690	570	67592	TRUE	9.553778679933719e-8	-0.47070910317767134	TRUE	752	12	1.968988614227528
ENSG00000108828	chr17:39697389-39697690	694	85249	TRUE	2.730252116951606e-7	-0.32786125084847373	TRUE	752	12	3.9874371074096064
ENSG00000012048	chr17:39697389-39697690	570	67592	TRUE	4.390567700582321e-13	-0.6141106621002179	TRUE	752	13	1.968988614227528
ENSG00000131469	chr17:39697389-39697690	752	92539	TRUE	4.7035857079044144e-12	-0.3928859895768593	TRUE	752	13	162.26572705397044
ENSG00000108828	chr17:39697389-39697690	694	85249	TRUE	1.1270720347561622e-5	-0.26103689829395327	TRUE	752	13	3.9874371074096064
ENSG00000131469	chr17:39697389-39697690	752	92539	TRUE	7.805000722879605e-15	-0.45284649658118514	TRUE	752	14	162.26572705397044
ENSG00000012048	chr17:39697389-39697690	570	67592	TRUE	7.987859400215153e-6	-0.44710874411876855	TRUE	752	14	1.968988614227528
ENSG00000108828	chr17:39697389-39697690	694	85249	TRUE	0.024	-0.17093970970467898	TRUE	752	14	3.9874371074096064
ENSG00000131469	chr17:39697389-39697690	752	92539	TRUE	1.8501699680010156e-12	-0.398782922132634	TRUE	752	15	162.26572705397044
ENSG00000108828	chr17:39697389-39697690	694	85249	TRUE	1.2342749193826373e-8	-0.34242522513460827	TRUE	752	15	3.9874371074096064
ENSG00000012048	chr17:39697389-39697690	570	67592	TRUE	5.54360405573902e-6	-0.463214566630747	TRUE	752	15	1.968988614227528
ENSG00000131469	chr17:39697389-39697690	752	92539	TRUE	1.0133495694057683e-15	-0.4588866708128396	TRUE	752	16	162.26572705397044
ENSG00000108828	chr17:39697389-39697690	694	85249	TRUE	1.455240458476441e-14	-0.4543936567774056	TRUE	752	16	3.9874371074096064
ENSG00000012048	chr17:39697389-39697690	570	67592	TRUE	2.0310383473259874e-8	-0.542602021659457	TRUE	752	16	1.968988614227528
ENSG00000131469	chr17:39697389-39697690	752	92539	TRUE	8.591369260614239e-23	-0.5351124913448526	TRUE	752	17	162.26572705397044
ENSG00000012048	chr17:39697389-39697690	570	67592	TRUE	6.893250100957607e-10	-0.5598165770116565	TRUE	752	17	1.968988614227528
ENSG00000108828	chr17:39697389-39697690	694	85249	TRUE	0.001666064687375235	-0.1998208296918078	TRUE	752	17	3.9874371074096064
ENSG00000131469	chr17:39697389-39697690	752	92539	TRUE	2.9726566605352866e-23	-0.5513673727179258	TRUE	752	18	162.26572705397044
ENSG00000108828	chr17:39697389-39697690	694	85249	TRUE	9.973308266278424e-13	-0.42433642292122564	TRUE	752	18	3.9874371074096064
ENSG00000012048	chr17:39697389-39697690	570	67592	TRUE	1.928951552657767e-8	-0.5216930318964762	TRUE	752	18	1.968988614227528
ENSG00000131469	chr17:39697389-39697690	752	92539	TRUE	2.476657943027829e-13	-0.4293268251527209	TRUE	752	19	162.26572705397044
ENSG00000108828	chr17:39697389-39697690	694	85249	TRUE	4.899019178983156e-13	-0.4543936567774056	TRUE	752	19	3.9874371074096064
ENSG00000012048	chr17:39697389-39697690	570	67592	TRUE	6.852164069865395e-9	-0.5544978795926745	TRUE	752	19	1.968988614227528
ENSG00000108828	chr17:39697389-39697690	694	85249	TRUE	1.0054785793949559e-14	-0.47350247972511017	TRUE	752	20	3.9874371074096064
ENSG00000131469	chr17:39697389-39697690	752	92539	TRUE	3.22328437777279e-14	-0.45390246868526596	TRUE	752	20	162.26572705397044
ENSG00000012048	chr17:39697389-39697690	570	67592	TRUE	0.020655279498744475	-0.3142046174976806	TRUE	752	20	1.968988614227528
ENSG00000012048	chr17:39697389-39697690	570	67592	TRUE	7.7098974693966e-10	-0.5478769637001313	TRUE	752	21	1.968988614227528
ENSG00000108828	chr17:39697389-39697690	694	85249	TRUE	1.9261867045122782e-6	-0.304860444166271	TRUE	752	21	3.9874371074096064
ENSG00000131469	chr17:39697389-39697690	752	92539	TRUE	1.195989942309652e-5	-0.3248368636705168	TRUE	752	21	162.26572705397044
ENSG00000131469	chr17:39697389-39697690	752	92539	TRUE	1.6618086696505602e-15	-0.45088963627317824	TRUE	752	22	162.26572705397044
ENSG00000108828	chr17:39697389-39697690	694	85249	TRUE	1.3090080250280811e-10	-0.3827995730407239	TRUE	752	22	3.9874371074096064
ENSG00000012048	chr17:39697389-39697690	570	67592	TRUE	2.90279469501698e-9	-0.5334170290286011	TRUE	752	22	1.968988614227528
ENSG00000131469	chr17:39697389-39697690	752	92539	TRUE	4.156350967507449e-19	-0.49599959362591584	TRUE	752	23	162.26572705397044
ENSG00000012048	chr17:39697389-39697690	570	67592	TRUE	2.84386076228188e-4	-0.37971457095707883	TRUE	752	23	1.968988614227528
ENSG00000108828	chr17:39697389-39697690	694	85249	TRUE	4.820375443280456e-4	-0.22604750519439953	TRUE	752	23	3.9874371074096064
ENSG00000012048	chr17:39697389-39697690	570	67592	TRUE	8.594870384633039e-10	-0.5664926418674783	TRUE	752	24	1.968988614227528
ENSG00000131469	chr17:39697389-39697690	752	92539	TRUE	6.553338487171848e-9	-0.3774857687927824	TRUE	752	24	162.26572705397044
ENSG00000108828	chr17:39697389-39697690	694	85249	TRUE	1.7699682820115263e-8	-0.3524133797501199	TRUE	752	24	3.9874371074096064
ENSG00000131469	chr17:39697389-39697690	752	92539	TRUE	1.3063243849108409e-27	-0.6275774371347191	TRUE	752	25	162.26572705397044
ENSG00000012048	chr17:39697389-39697690	570	67592	TRUE	1.7645547985364223e-8	-0.5229910032308916	TRUE	752	25	1.968988614227528
ENSG00000108828	chr17:39697389-39697690	694	85249	TRUE	1.7873348670413786e-7	-0.31631501042033694	TRUE	752	25	3.9874371074096064
ENSG00000108828	chr17:39697389-39697690	694	85249	TRUE	2.14143081583595e-13	-0.45312868954082797	TRUE	752	26	3.9874371074096064
ENSG00000131469	chr17:39697389-39697690	752	92539	TRUE	6.81251348929289e-6	-0.3076365377142567	TRUE	752	26	162.26572705397044
ENSG00000012048	chr17:39697389-39697690	570	67592	TRUE	3.180234517095558e-4	-0.3891516939997717	TRUE	752	26	1.968988614227528
ENSG00000131469	chr17:39697389-39697690	752	92539	TRUE	2.154183042289691e-19	-0.5012581955131479	TRUE	752	27	162.26572705397044
ENSG00000108828	chr17:39697389-39697690	694	85249	TRUE	1.1137894911785456e-9	-0.37799058511832406	TRUE	752	27	3.9874371074096064
ENSG00000012048	chr17:39697389-39697690	570	67592	TRUE	2.7212853077196323e-8	-0.5062077843990576	TRUE	752	27	1.968988614227528
ENSG00000131469	chr17:39697389-39697690	752	92539	TRUE	3.4820334798848986e-8	-0.33911670180913944	TRUE	752	28	162.26572705397044
ENSG00000108828	chr17:39697389-39697690	694	85249	TRUE	3.622023060110252e-8	-0.33192436569915285	TRUE	752	28	3.9874371074096064
ENSG00000012048	chr17:39697389-39697690	570	67592	TRUE	2.757818120200173e-4	-0.3950813983643018	TRUE	752	28	1.968988614227528
ENSG00000131469	chr17:39697389-39697690	752	92539	TRUE	1.0408625313876728e-12	-0.4166495724536201	TRUE	752	29	162.26572705397044
ENSG00000108828	chr17:39697389-39697690	694	85249	TRUE	1.3305162561296586e-6	-0.2788550488715664	TRUE	752	29	3.9874371074096064
ENSG00000012048	chr17:39697389-39697690	570	67592	TRUE	3.356848526362929e-6	-0.42874581007398005	TRUE	752	29	1.968988614227528
ENSG00000131469	chr17:39697389-39697690	752	92539	TRUE	3.2392017163567934e-24	-0.5547290956462358	TRUE	752	30	162.26572705397044
ENSG00000108828	chr17:39697389-39697690	694	85249	TRUE	1.1829575540440757e-7	-0.33308736055527177	TRUE	752	30	3.9874371074096064
ENSG00000012048	chr17:39697389-39697690	570	67592	TRUE	5.579319601818991e-6	-0.4458772501977357	TRUE	752	30	1.968988614227528
ENSG00000131469	chr17:39697389-39697690	752	92539	TRUE	1.964739408706775e-17	-0.47375716134631585	TRUE	752	31	162.26572705397044
ENSG00000012048	chr17:39697389-39697690	570	67592	TRUE	1.5329203719437002e-12	-0.6322054825494029	TRUE	752	31	1.968988614227528
ENSG00000108828	chr17:39697389-39697690	694	85249	TRUE	1.848339467988711e-10	-0.3961075461876029	TRUE	752	31	3.9874371074096064
ENSG00000012048	chr17:39697389-39697690	570	67592	TRUE	3.1483035332246145e-11	-0.6030871506578054	TRUE	752	32	1.968988614227528
ENSG00000108828	chr17:39697389-39697690	694	85249	TRUE	1.7334814122143107e-6	-0.3071440933029903	TRUE	752	32	3.9874371074096064
ENSG00000131469	chr17:39697389-39697690	752	92539	TRUE	1.4391230858697493e-5	-0.3168652655473485	TRUE	752	32	162.26572705397044
ENSG00000131469	chr17:39697389-39697690	752	92539	TRUE	2.891058279418773e-20	-0.508872049270261	TRUE	752	33	162.26572705397044
ENSG00000012048	chr17:39697389-39697690	570	67592	TRUE	1.3088519657576485e-6	-0.4682065959745012	TRUE	752	33	1.968988614227528
ENSG00000108828	chr17:39697389-39697690	694	85249	TRUE	1.5418698948995802e-6	-0.304860444166271	TRUE	752	33	3.9874371074096064
ENSG00000012048	chr17:39697389-39697690	570	67592	TRUE	7.253281891901294e-10	-0.573199743863462	TRUE	752	34	1.968988614227528
ENSG00000108828	chr17:39697389-39697690	694	85249	TRUE	3.7777792260068545e-9	-0.36069116089108033	TRUE	752	34	3.9874371074096064
ENSG00000131469	chr17:39697389-39697690	752	92539	TRUE	1.449550023901471e-7	-0.33137538245388676	TRUE	752	34	162.26572705397044
ENSG00000131469	chr17:39697389-39697690	752	92539	TRUE	1.9086076231339998e-13	-0.44419830799724647	TRUE	752	35	162.26572705397044
ENSG00000108828	chr17:39697389-39697690	694	85249	TRUE	3.894022694332145e-6	-0.2929302340832891	TRUE	752	35	3.9874371074096064
ENSG00000012048	chr17:39697389-39697690	570	67592	TRUE	1.3304448194161045e-5	-0.4106136689143496	TRUE	752	35	1.968988614227528
ENSG00000108828	chr17:39697389-39697690	694	85249	TRUE	1.1869803810119033e-10	-0.40341851643235227	TRUE	752	36	3.9874371074096064
ENSG00000012048	chr17:39697389-39697690	570	67592	TRUE	3.0125439879627243e-10	-0.5812896437955587	TRUE	752	36	1.968988614227528
ENSG00000131469	chr17:39697389-39697690	752	92539	TRUE	8.417735863330134e-10	-0.3783281591075749	TRUE	752	36	162.26572705397044
ENSG00000131469	chr17:39697389-39697690	752	92539	TRUE	8.717984041865908e-14	-0.44228350822228	TRUE	752	37	162.26572705397044
ENSG00000108828	chr17:39697389-39697690	694	85249	TRUE	3.820644423711924e-12	-0.42185969262901324	TRUE	752	37	3.9874371074096064
ENSG00000012048	chr17:39697389-39697690	570	67592	TRUE	9.936055615591879e-6	-0.4360629603707802	TRUE	752	37	1.968988614227528
ENSG00000131469	chr17:39697389-39697690	752	92539	TRUE	1.9874029271065508e-11	-0.4224199417344412	TRUE	752	38	162.26572705397044
ENSG00000108828	chr17:39697389-39697690	694	85249	TRUE	2.7602520048140643e-7	-0.31976919014117744	TRUE	752	38	3.9874371074096064
ENSG00000012048	chr17:39697389-39697690	570	67592	TRUE	5.573332603253569e-5	-0.40461991271989883	TRUE	752	38	1.968988614227528
ENSG00000131469	chr17:39697389-39697690	752	92539	TRUE	1.509285657065075e-15	-0.4126269782118692	TRUE	752	39	162.26572705397044
ENSG00000108828	chr17:39697389-39697690	694	85249	TRUE	6.880922000838485e-12	-0.405863762849747	TRUE	752	39	3.9874371074096064
ENSG00000012048	chr17:39697389-39697690	570	67592	TRUE	3.26564873031471e-9	-0.5452370818274273	TRUE	752	39	1.968988614227528
ENSG00000131469	chr17:39697389-39697690	752	92539	TRUE	5.337775692120339e-22	-0.5355498508288417	TRUE	752	40	162.26572705397044
ENSG00000108828	chr17:39697389-39697690	694	85249	TRUE	1.4642010256590383e-8	-0.33774873792513516	TRUE	752	40	3.9874371074096064
ENSG00000012048	chr17:39697389-39697690	570	67592	TRUE	1.2888706226897237e-6	-0.4619692536135118	TRUE	752	40	1.968988614227528
ENSG00000012048	chr17:39697389-39697690	570	67592	TRUE	1.075811528091318e-13	-0.6951902682420722	TRUE	752	41	1.968988614227528
ENSG00000131469	chr17:39697389-39697690	752	92539	TRUE	1.0811596511824418e-12	-0.40428982106818445	TRUE	752	41	162.26572705397044
ENSG00000108828	chr17:39697389-39697690	694	85249	TRUE	5.496337036490963e-7	-0.29349610780730795	TRUE	752	41	3.9874371074096064
ENSG00000131469	chr17:39697389-39697690	752	92539	TRUE	1.5475286784729045e-14	-0.4291763233696644	TRUE	752	42	162.26572705397044
ENSG00000108828	chr17:39697389-39697690	694	85249	TRUE	2.863846537363567e-9	-0.35595518604835563	TRUE	752	42	3.9874371074096064
ENSG00000012048	chr17:39697389-39697690	570	67592	TRUE	9.08987620691431e-8	-0.5036429925397541	TRUE	752	42	1.968988614227528
ENSG00000131469	chr17:39697389-39697690	752	92539	TRUE	2.6766239840766184e-24	-0.5781159397468345	TRUE	752	43	162.26572705397044
ENSG00000108828	chr17:39697389-39697690	694	85249	TRUE	3.8038630570443916e-11	-0.4132244678010011	TRUE	752	43	3.9874371074096064
ENSG00000012048	chr17:39697389-39697690	570	67592	TRUE	2.5104612989772408e-5	-0.4202557769247556	TRUE	752	43	1.968988614227528
ENSG00000108828	chr17:39697389-39697690	694	85249	TRUE	1.4141786430107409e-9	-0.35713772303332547	TRUE	752	44	3.9874371074096064
ENSG00000012048	chr17:39697389-39697690	570	67592	TRUE	5.803924291631875e-5	-0.41783920175187284	TRUE	752	44	1.968988614227528
ENSG00000131469	chr17:39697389-39697690	752	92539	TRUE	1.4234712049248938e-4	-0.26952137731286907	TRUE	752	44	162.26572705397044
ENSG00000131469	chr17:39697389-39697690	752	92539	TRUE	1.060001322834261e-15	-0.4630867489195527	TRUE	752	45	162.26572705397044
ENSG00000108828	chr17:39697389-39697690	694	85249	TRUE	9.609573458659298e-8	-0.31401680994885406	TRUE	752	45	3.9874371074096064
ENSG00000012048	chr17:39697389-39697690	570	67592	TRUE	3.784662095414936e-4	-0.3808908409292022	TRUE	752	45	1.968988614227528
ENSG00000012048	chr17:39697389-39697690	570	67592	TRUE	1.322227502492707e-12	-0.6308054872518752	TRUE	752	46	1.968988614227528
ENSG00000131469	chr17:39697389-39697690	752	92539	TRUE	1.0067847223680287e-9	-0.38692536936356703	TRUE	752	46	162.26572705397044
ENSG00000108828	chr17:39697389-39697690	694	85249	TRUE	5.818918565187717e-8	-0.33599895597517526	TRUE	752	46	3.9874371074096064
ENSG00000131469	chr17:39697389-39697690	752	92539	TRUE	2.105309791898766e-10	-0.3915511318666365	TRUE	752	47	162.26572705397044
ENSG00000108828	chr17:39697389-39697690	694	85249	TRUE	1.7579068544734019e-9	-0.36484793070899935	TRUE	752	47	3.9874371074096064
ENSG00000012048	chr17:39697389-39697690	570	67592	TRUE	0.0028279109374502974	-0.35061525768736534	TRUE	752	47	1.968988614227528
ENSG00000131469	chr17:39697389-39697690	752	92539	TRUE	6.561796479914446e-10	-0.38244551285566253	TRUE	752	48	162.26572705397044
ENSG00000108828	chr17:39697389-39697690	694	85249	TRUE	9.886171151737253e-8	-0.31344283140900187	TRUE	752	48	3.9874371074096064
ENSG00000012048	chr17:39697389-39697690	570	67592	TRUE	4.5499473573773486e-4	-0.3808908409292022	TRUE	752	48	1.968988614227528
ENSG00000131469	chr17:39697389-39697690	752	92539	TRUE	2.860879320041737e-13	-0.4362971817140169	TRUE	752	49	162.26572705397044
ENSG00000108828	chr17:39697389-39697690	694	85249	TRUE	1.155887519311196e-4	-0.24562451930493268	TRUE	752	49	3.9874371074096064
ENSG00000012048	chr17:39697389-39697690	570	67592	TRUE	3.203815475643413e-4	-0.3808908409292022	TRUE	752	49	1.968988614227528
ENSG00000131469	chr17:39697389-39697690	752	92539	TRUE	7.079312586977554e-12	-0.4195318721167398	TRUE	752	50	162.26572705397044
ENSG00000108828	chr17:39697389-39697690	694	85249	TRUE	7.17222038872622e-11	-0.404640621580306	TRUE	752	50	3.9874371074096064
ENSG00000012048	chr17:39697389-39697690	570	67592	TRUE	0.024	-0.32775114933562843	TRUE	752	50	1.968988614227528
ENSG00000131469	chr17:39697389-39697690	752	92539	TRUE	1.0025186971243128e-14	-0.4493321612939498	TRUE	752	51	162.26572705397044
ENSG00000012048	chr17:39697389-39697690	570	67592	TRUE	1.2100546838156052e-6	-0.4908869851153016	TRUE	752	51	1.968988614227528
ENSG00000108828	chr17:39697389-39697690	694	85249	TRUE	6.090587532605555e-5	-0.25661653469520584	TRUE	752	51	3.9874371074096064
ENSG00000108828	chr17:39697389-39697690	694	85249	TRUE	2.4714923033921954e-8	-0.35359301598991344	TRUE	752	52	3.9874371074096064
ENSG00000131469	chr17:39697389-39697690	752	92539	TRUE	2.6189095014085605e-7	-0.3544392621374133	TRUE	752	52	162.26572705397044
ENSG00000012048	chr17:39697389-39697690	570	67592	TRUE	1.1295054059297762e-6	-0.4883492623134018	TRUE	752	52	1.968988614227528
ENSG00000131469	chr17:39697389-39697690	752	92539	TRUE	3.1790094315713246e-15	-0.48367851776312243	TRUE	752	53	162.26572705397044
ENSG00000108828	chr17:39697389-39697690	694	85249	TRUE	3.792592865614827e-11	-0.4193872069494924	TRUE	752	53	3.9874371074096064
ENSG00000012048	chr17:39697389-39697690	570	67592	TRUE	0.024	-0.2952288579021882	TRUE	752	53	1.968988614227528
ENSG00000131469	chr17:39697389-39697690	752	92539	TRUE	4.064211383698653e-25	-0.5989564816725022	TRUE	752	54	162.26572705397044
ENSG00000108828	chr17:39697389-39697690	694	85249	TRUE	4.174412017815466e-9	-0.3583212301061689	TRUE	752	54	3.9874371074096064
ENSG00000012048	chr17:39697389-39697690	570	67592	TRUE	3.476376115506502e-6	-0.47070910317767134	TRUE	752	54	1.968988614227528
ENSG00000131469	chr17:39697389-39697690	752	92539	TRUE	8.833052248320745e-15	-0.4570136587164422	TRUE	752	55	162.26572705397044
ENSG00000012048	chr17:39697389-39697690	570	67592	TRUE	3.615258125328402e-6	-0.4495748900883275	TRUE	752	55	1.968988614227528
ENSG00000108828	chr17:39697389-39697690	694	85249	TRUE	3.9349231775336925e-6	-0.28503121921076846	TRUE	752	55	3.9874371074096064
ENSG00000131469	chr17:39697389-39697690	752	92539	TRUE	1.0136516795469153e-21	-0.5511380771361649	TRUE	752	56	162.26572705397044
ENSG00000012048	chr17:39697389-39697690	570	67592	TRUE	7.277935203595315e-6	-0.4682065959745012	TRUE	752	56	1.968988614227528
ENSG00000108828	chr17:39697389-39697690	694	85249	TRUE	7.783450357451253e-5	-0.23471562013799363	TRUE	752	56	3.9874371074096064
ENSG00000131469	chr17:39697389-39697690	752	92539	TRUE	4.636934048941844e-11	-0.3771518536141514	TRUE	752	57	162.26572705397044
ENSG00000012048	chr17:39697389-39697690	570	67592	TRUE	1.1601000060974202e-6	-0.4409617597836193	TRUE	752	57	1.968988614227528
ENSG00000108828	chr17:39697389-39697690	694	85249	TRUE	3.084437917453544e-5	-0.2721474271447686	TRUE	752	57	3.9874371074096064
ENSG00000131469	chr17:39697389-39697690	752	92539	TRUE	1.6237038436533088e-21	-0.5276009196808902	TRUE	752	58	162.26572705397044
ENSG00000012048	chr17:39697389-39697690	570	67592	TRUE	1.6071851158886707e-9	-0.5758913398697278	TRUE	752	58	1.968988614227528
ENSG00000108828	chr17:39697389-39697690	694	85249	TRUE	6.67343216318307e-8	-0.32670245958867294	TRUE	752	58	3.9874371074096064
ENSG00000108828	chr17:39697389-39697690	694	85249	TRUE	6.256605889891965e-10	-0.38460708429101054	TRUE	752	59	3.9874371074096064
ENSG00000012048	chr17:39697389-39697690	570	67592	TRUE	3.0627941680822e-8	-0.5049248185155844	TRUE	752	59	1.968988614227528
ENSG00000131469	chr17:39697389-39697690	752	92539	TRUE	1.9351858677275685e-7	-0.337166884498572	TRUE	752	59	162.26572705397044
ENSG00000131469	chr17:39697389-39697690	752	92539	TRUE	2.5794001576854613e-11	-0.42005518633211825	TRUE	752	60	162.26572705397044
ENSG00000012048	chr17:39697389-39697690	570	67592	TRUE	1.1821384345323369e-10	-0.6044604920664988	TRUE	752	60	1.968988614227528
ENSG00000108828	chr17:39697389-39697690	694	85249	TRUE	1.1563304417587137e-8	-0.34066976552938644	TRUE	752	60	3.9874371074096064
ENSG00000108828	chr17:39697389-39697690	694	85249	TRUE	5.43608194283989e-13	-0.44745002252483457	TRUE	752	61	3.9874371074096064
ENSG00000131469	chr17:39697389-39697690	752	92539	TRUE	1.0939968351017554e-10	-0.40105400078268794	TRUE	752	61	162.26572705397044
ENSG00000012048	chr17:39697389-39697690	570	67592	TRUE	3.857299499821252e-6	-0.47070910317767134	TRUE	752	61	1.968988614227528
ENSG00000131469	chr17:39697389-39697690	752	92539	TRUE	2.028106805568731e-8	-0.33361313403050197	TRUE	752	62	162.26572705397044
ENSG00000108828	chr17:39697389-39697690	694	85249	TRUE	3.2403264989900107e-6	-0.26991846564941535	TRUE	752	62	3.9874371074096064
ENSG00000012048	chr17:39697389-39697690	570	67592	TRUE	6.297622030765303e-4	-0.37384756392508234	TRUE	752	62	1.968988614227528
ENSG00000131469	chr17:39697389-39697690	752	92539	TRUE	4.776566499467477e-19	-0.5128376216876687	TRUE	752	63	162.26572705397044
ENSG00000012048	chr17:39697389-39697690	570	67592	TRUE	6.783286979941119e-10	-0.5491987182963765	TRUE	752	63	1.968988614227528
ENSG00000108828	chr17:39697389-39697690	694	85249	TRUE	1.6725207559238012e-4	-0.24015975882812146	TRUE	752	63	3.9874371074096064
ENSG00000131469	chr17:39697389-39697690	752	92539	TRUE	7.154550760885627e-20	-0.5053932434033097	TRUE	752	64	162.26572705397044
ENSG00000108828	chr17:39697389-39697690	694	85249	TRUE	2.8541282839834604e-19	-0.5317284089700023	TRUE	752	64	3.9874371074096064
ENSG00000012048	chr17:39697389-39697690	570	67592	TRUE	3.428168707093307e-15	-0.699586498279403	TRUE	752	64	1.968988614227528
ENSG00000108828	chr17:39697389-39697690	694	85249	TRUE	3.4258799694759056e-18	-0.525732438497668	TRUE	752	65	3.9874371074096064
ENSG00000131469	chr17:39697389-39697690	752	92539	TRUE	1.5431047197588606e-8	-0.3662622277242269	TRUE	752	65	162.26572705397044
ENSG00000012048	chr17:39697389-39697690	570	67592	TRUE	6.371544299545347e-6	-0.4582397512154548	TRUE	752	65	1.968988614227528
ENSG00000131469	chr17:39697389-39697690	752	92539	TRUE	1.0559693349563332e-18	-0.4918756262032309	TRUE	752	66	162.26572705397044
ENSG00000012048	chr17:39697389-39697690	570	67592	TRUE	2.9548321022116776e-6	-0.463214566630747	TRUE	752	66	1.968988614227528
ENSG00000108828	chr17:39697389-39697690	694	85249	TRUE	1.376366790435614e-5	-0.28503121921076846	TRUE	752	66	3.9874371074096064
ENSG00000012048	chr17:39697389-39697690	570	67592	TRUE	1.2596402950889316e-13	-0.6576405299256736	TRUE	752	67	1.968988614227528
ENSG00000108828	chr17:39697389-39697690	694	85249	TRUE	2.881507202408208e-11	-0.41445491140726154	TRUE	752	67	3.9874371074096064
ENSG00000131469	chr17:39697389-39697690	752	92539	TRUE	9.9056610747911e-10	-0.3921230625147176	TRUE	752	67	162.26572705397044
ENSG00000131469	chr17:39697389-39697690	752	92539	TRUE	5.526590363985101e-13	-0.4371141012787376	TRUE	752	68	162.26572705397044
ENSG00000108828	chr17:39697389-39697690	694	85249	TRUE	1.0195882222114501e-11	-0.42433642292122564	TRUE	752	68	3.9874371074096064
ENSG00000012048	chr17:39697389-39697690	570	67592	TRUE	9.17610934884745e-9	-0.5386584336707525	TRUE	752	68	1.968988614227528
ENSG00000131469	chr17:39697389-39697690	752	92539	TRUE	7.995483702708266e-11	-0.3781974111240194	TRUE	752	69	162.26572705397044
ENSG00000108828	chr17:39697389-39697690	694	85249	TRUE	7.230343576881872e-5	-0.25331012750109205	TRUE	752	69	3.9874371074096064
ENSG00000012048	chr17:39697389-39697690	570	67592	TRUE	0.0016174246764492362	-0.341426086232705	TRUE	752	69	1.968988614227528
ENSG00000131469	chr17:39697389-39697690	752	92539	TRUE	7.448507386309639e-14	-0.4459024883839797	TRUE	752	70	162.26572705397044
ENSG00000108828	chr17:39697389-39697690	694	85249	TRUE	4.881889219072364e-10	-0.3954999677238371	TRUE	752	70	3.9874371074096064
ENSG00000012048	chr17:39697389-39697690	570	67592	TRUE	7.245477719758603e-5	-0.4202557769247556	TRUE	752	70	1.968988614227528
ENSG00000131469	chr17:39697389-39697690	752	92539	TRUE	2.4211055442381266e-11	-0.3911259970349503	TRUE	752	71	162.26572705397044
ENSG00000108828	chr17:39697389-39697690	694	85249	TRUE	6.470613218993769e-7	-0.3020109566886999	TRUE	752	71	3.9874371074096064
ENSG00000012048	chr17:39697389-39697690	570	67592	TRUE	0.064	-0.3119591772920365	TRUE	752	71	1.968988614227528
ENSG00000131469	chr17:39697389-39697690	752	92539	TRUE	7.34241444745514e-13	-0.4268605763584796	TRUE	752	72	162.26572705397044
ENSG00000108828	chr17:39697389-39697690	694	85249	TRUE	7.007565706614732e-5	-0.2434361305032411	TRUE	752	72	3.9874371074096064
ENSG00000012048	chr17:39697389-39697690	570	67592	TRUE	2.583413936119369e-4	-0.3927065911763983	TRUE	752	72	1.968988614227528
ENSG00000131469	chr17:39697389-39697690	752	92539	TRUE	7.67284391606169e-16	-0.44248094939335303	TRUE	752	73	162.26572705397044
ENSG00000108828	chr17:39697389-39697690	694	85249	TRUE	4.6519017618011833e-7	-0.3296011847770246	TRUE	752	73	3.9874371074096064
ENSG00000012048	chr17:39697389-39697690	570	67592	TRUE	8.399084338285134e-6	-0.41904698335517865	TRUE	752	73	1.968988614227528
ENSG00000012048	chr17:39697389-39697690	570	67592	TRUE	1.0454532184676866e-9	-0.5651549551319668	TRUE	752	74	1.968988614227528
ENSG00000131469	chr17:39697389-39697690	752	92539	TRUE	6.54109823818277e-9	-0.37355627782791334	TRUE	752	74	162.26572705397044
ENSG00000108828	chr17:39697389-39697690	694	85249	TRUE	4.364552628163853e-7	-0.3238095469672613	TRUE	752	74	3.9874371074096064
ENSG00000131469	chr17:39697389-39697690	752	92539	TRUE	1.808810897212483e-8	-0.3458624517587392	TRUE	752	75	162.26572705397044
ENSG00000012048	chr17:39697389-39697690	570	67592	TRUE	3.067270463141781e-8	-0.5178061098123166	TRUE	752	75	1.968988614227528
ENSG00000108828	chr17:39697389-39697690	694	85249	TRUE	5.534248866054681e-6	-0.25827258428307887	TRUE	752	75	3.9874371074096064
ENSG00000131469	chr17:39697389-39697690	752	92539	TRUE	4.159947528958495e-15	-0.4411753017144333	TRUE	752	76	162.26572705397044
ENSG00000108828	chr17:39697389-39697690	694	85249	TRUE	9.021764513456024e-14	-0.4455620898136845	TRUE	752	76	3.9874371074096064
ENSG00000012048	chr17:39697389-39697690	570	67592	TRUE	3.2737214632287117e-07	-0.483287169257141	TRUE	752	76	1.968988614227528
ENSG00000131469	chr17:39697389-39697690	752	92539	TRUE	5.069655355655897e-15	-0.4494542554474883	TRUE	752	77	162.26572705397044
ENSG00000108828	chr17:39697389-39697690	694	85249	TRUE	4.497968817404537e-9	-0.3618775878007807	TRUE	752	77	3.9874371074096064
ENSG00000012048	chr17:39697389-39697690	570	67592	TRUE	1.1654441106469064e-4	-0.41422191183119805	TRUE	752	77	1.968988614227528
ENSG00000131469	chr17:39697389-39697690	752	92539	TRUE	7.211716034966633e-14	-0.4381131871242232	TRUE	752	78	162.26572705397044
ENSG00000108828	chr17:39697389-39697690	694	85249	TRUE	1.6812595069670623e-8	-0.3389164393574695	TRUE	752	78	3.9874371074096064
ENSG00000012048	chr17:39697389-39697690	570	67592	TRUE	6.480760886822066e-4	-0.3808908409292022	TRUE	752	78	1.968988614227528
ENSG00000108828	chr17:39697389-39697690	694	85249	TRUE	6.618286176194412e-16	-0.48057295297691205	TRUE	752	79	3.9874371074096064
ENSG00000131469	chr17:39697389-39697690	752	92539	TRUE	8.340130157172127e-11	-0.39692742237547396	TRUE	752	79	162.26572705397044
ENSG00000012048	chr17:39697389-39697690	570	67592	TRUE	5.219902132985819e-9	-0.5360353510556146	TRUE	752	79	1.968988614227528
ENSG00000131469	chr17:39697389-39697690	752	92539	TRUE	7.072282579460046e-13	-0.4259443267507059	TRUE	752	80	162.26572705397044
ENSG00000108828	chr17:39697389-39697690	694	85249	TRUE	6.03830682769716e-11	-0.3755920890698077	TRUE	752	80	3.9874371074096064
ENSG00000012048	chr17:39697389-39697690	570	67592	TRUE	6.847907718388882e-9	-0.5334170290286011	TRUE	752	80	1.968988614227528
ENSG00000131469	chr17:39697389-39697690	752	92539	TRUE	3.6170306307086115e-7	-0.34708459302091565	TRUE	752	81	162.26572705397044
ENSG00000012048	chr17:39697389-39697690	570	67592	TRUE	3.177620657082887e-5	-0.41181541412410283	TRUE	752	81	1.968988614227528
ENSG00000108828	chr17:39697389-39697690	694	85249	TRUE	1.6797838203497228e-4	-0.23743512149158574	TRUE	752	81	3.9874371074096064
ENSG00000108828	chr17:39697389-39697690	694	85249	TRUE	8.463481884725052e-11	-0.3912540679653955	TRUE	752	82	3.9874371074096064
ENSG00000131469	chr17:39697389-39697690	752	92539	TRUE	7.860392790132176e-8	-0.3462886625313937	TRUE	752	82	162.26572705397044
ENSG00000012048	chr17:39697389-39697690	570	67592	TRUE	2.6743806250369498e-6	-0.44710874411876855	TRUE	752	82	1.968988614227528
ENSG00000108828	chr17:39697389-39697690	694	85249	TRUE	9.436429154632932e-17	-0.5204235271126025	TRUE	752	83	3.9874371074096064
ENSG00000131469	chr17:39697389-39697690	752	92539	TRUE	1.3095650051149976e-7	-0.34397443235666625	TRUE	752	83	162.26572705397044
ENSG00000012048	chr17:39697389-39697690	570	67592	TRUE	0.006714384843013767	-0.3437178977406945	TRUE	752	83	1.968988614227528
ENSG00000012048	chr17:39697389-39697690	570	67592	TRUE	9.49958321145367e-12	-0.6294068491967295	TRUE	752	84	1.968988614227528
ENSG00000108828	chr17:39697389-39697690	694	85249	TRUE	7.925201882082113e-9	-0.36306499119364455	TRUE	752	84	3.9874371074096064
ENSG00000131469	chr17:39697389-39697690	752	92539	TRUE	5.039386475387368e-6	-0.30848062770130547	TRUE	752	84	162.26572705397044
ENSG00000108828	chr17:39697389-39697690	694	85249	TRUE	9.912458710478614e-6	-0.30943136297096974	TRUE	752	85	3.9874371074096064
ENSG00000012048	chr17:39697389-39697690	570	67592	TRUE	2.2750174975490894e-5	-0.41904698335517865	TRUE	752	85	1.968988614227528
ENSG00000131469	chr17:39697389-39697690	752	92539	TRUE	5.4689813289826236e-5	-0.322696542604092	TRUE	752	85	162.26572705397044
ENSG00000108828	chr17:39697389-39697690	694	85249	TRUE	6.195851597766106e-13	-0.4443048391538216	TRUE	752	86	3.9874371074096064
ENSG00000012048	chr17:39697389-39697690	570	67592	TRUE	1.9120138584121067e-8	-0.5465564189480792	TRUE	752	86	1.968988614227528
ENSG00000131469	chr17:39697389-39697690	752	92539	TRUE	4.903339983813025e-6	-0.34085680635712645	TRUE	752	86	162.26572705397044
ENSG00000012048	chr17:39697389-39697690	570	67592	TRUE	1.4004051462158723e-8	-0.5229910032308916	TRUE	752	87	1.968988614227528
ENSG00000108828	chr17:39697389-39697690	694	85249	TRUE	2.3466415991692138e-7	-0.32554459833800875	TRUE	752	87	3.9874371074096064
ENSG00000131469	chr17:39697389-39697690	752	92539	TRUE	5.861578802682666e-6	-0.3099347271586428	TRUE	752	87	162.26572705397044
ENSG00000108828	chr17:39697389-39697690	694	85249	TRUE	1.0243201446630641e-16	-0.5144742607814163	TRUE	752	88	3.9874371074096064
ENSG00000131469	chr17:39697389-39697690	752	92539	TRUE	3.171147131444399e-16	-0.4694176196700255	TRUE	752	88	162.26572705397044
ENSG00000012048	chr17:39697389-39697690	570	67592	TRUE	3.7519720959368124e-6	-0.47070910317767134	TRUE	752	88	1.968988614227528
ENSG00000131469	chr17:39697389-39697690	752	92539	TRUE	3.4558226774957526e-14	-0.4517912968243616	TRUE	752	89	162.26572705397044
ENSG00000012048	chr17:39697389-39697690	570	67592	TRUE	4.250545447086445e-8	-0.5074918922193825	TRUE	752	89	1.968988614227528
ENSG00000108828	chr17:39697389-39697690	694	85249	TRUE	1.0396551699680704e-7	-0.3261234128055077	TRUE	752	89	3.9874371074096064
ENSG00000131469	chr17:39697389-39697690	752	92539	TRUE	1.7074608437579781e-18	-0.48132049621567763	TRUE	752	90	162.26572705397044
ENSG00000012048	chr17:39697389-39697690	570	67592	TRUE	5.721213963487676e-15	-0.6662195148144565	TRUE	752	90	1.968988614227528
ENSG00000108828	chr17:39697389-39697690	694	85249	TRUE	7.553708815410179e-14	-0.436784257184027	TRUE	752	90	3.9874371074096064
ENSG00000131469	chr17:39697389-39697690	752	92539	TRUE	1.106495020813114e-12	-0.4279428006069317	TRUE	752	91	162.26572705397044
ENSG00000108828	chr17:39697389-39697690	694	85249	TRUE	7.11279871291751e-10	-0.37140429210637405	TRUE	752	91	3.9874371074096064
ENSG00000012048	chr17:39697389-39697690	570	67592	TRUE	3.1741542376033686e-8	-0.49980433384698286	TRUE	752	91	1.968988614227528
ENSG00000131469	chr17:39697389-39697690	752	92539	TRUE	6.200069128963865e-14	-0.4736795549556829	TRUE	752	92	162.26572705397044
ENSG00000108828	chr17:39697389-39697690	694	85249	TRUE	5.2839725998456124e-11	-0.4015872976027519	TRUE	752	92	3.9874371074096064
ENSG00000012048	chr17:39697389-39697690	570	67592	TRUE	4.3648868802911855e-6	-0.4532820314194874	TRUE	752	92	1.968988614227528
ENSG00000108828	chr17:39697389-39697690	694	85249	TRUE	1.568339611279369e-20	-0.5641347138945689	TRUE	752	93	3.9874371074096064
ENSG00000131469	chr17:39697389-39697690	752	92539	TRUE	2.8849189906412753e-14	-0.4448219261921684	TRUE	752	93	162.26572705397044
ENSG00000012048	chr17:39697389-39697690	570	67592	TRUE	7.879209131306155e-7	-0.47950222163567746	TRUE	752	93	1.968988614227528
ENSG00000108828	chr17:39697389-39697690	694	85249	TRUE	5.022653977948444e-12	-0.4330386167220197	TRUE	752	94	3.9874371074096064
ENSG00000012048	chr17:39697389-39697690	570	67592	TRUE	9.459186140527046e-12	-0.6044604920664988	TRUE	752	94	1.968988614227528
ENSG00000131469	chr17:39697389-39697690	752	92539	TRUE	1.2926579874221304e-8	-0.37316536437630443	TRUE	752	94	162.26572705397044
ENSG00000108828	chr17:39697389-39697690	694	85249	TRUE	8.113340106163747e-16	-0.49872845601328386	TRUE	752	95	3.9874371074096064
ENSG00000131469	chr17:39697389-39697690	752	92539	TRUE	8.445319037451098e-10	-0.362506837210975	TRUE	752	95	162.26572705397044
ENSG00000012048	chr17:39697389-39697690	570	67592	TRUE	6.53655515827446e-9	-0.5321096478418146	TRUE	752	95	1.968988614227528
ENSG00000131469	chr17:39697389-39697690	752	92539	TRUE	7.297470598991948e-18	-0.49904503619893426	TRUE	752	96	162.26572705397044
ENSG00000012048	chr17:39697389-39697690	570	67592	TRUE	9.190104212737776e-9	-0.534725596048826	TRUE	752	96	1.968988614227528
ENSG00000108828	chr17:39697389-39697690	694	85249	TRUE	1.6495067762998768e-6	-0.3031500764011681	TRUE	752	96	3.9874371074096064
ENSG00000108828	chr17:39697389-39697690	694	85249	TRUE	3.936154323775531e-14	-0.4430486831833962	TRUE	752	97	3.9874371074096064
ENSG00000012048	chr17:39697389-39697690	570	67592	TRUE	2.3209641710712076e-7	-0.48455102833130215	TRUE	752	97	1.968988614227528
ENSG00000131469	chr17:39697389-39697690	752	92539	TRUE	1.781538196654023e-5	-0.2897231689358071	TRUE	752	97	162.26572705397044
ENSG00000131469	chr17:39697389-39697690	752	92539	TRUE	1.2902000571856472e-14	-0.44760868421106625	TRUE	752	98	162.26572705397044
ENSG00000108828	chr17:39697389-39697690	694	85249	TRUE	1.470418478648108e-8	-0.34829223216660465	TRUE	752	98	3.9874371074096064
ENSG00000012048	chr17:39697389-39697690	570	67592	TRUE	4.4322508966782037e-7	-0.5010827522211901	TRUE	752	98	1.968988614227528
ENSG00000012048	chr17:39697389-39697690	570	67592	TRUE	6.674330099523966e-11	-0.5758913398697278	TRUE	752	99	1.968988614227528
ENSG00000131469	chr17:39697389-39697690	752	92539	TRUE	7.723637861238499e-7	-0.33822624089769615	TRUE	752	99	162.26572705397044
ENSG00000108828	chr17:39697389-39697690	694	85249	TRUE	1.09866421268783e-6	-0.28728367094214713	TRUE	752	99	3.9874371074096064
ENSG00000131469	chr17:39697389-39697690	752	92539	TRUE	2.5967418134581728e-14	-0.45776564189442404	TRUE	752	100	162.26572705397044
ENSG00000012048	chr17:39697389-39697690	570	67592	TRUE	9.369954985836244e-8	-0.5126397836435899	TRUE	752	100	1.968988614227528
ENSG00000108828	chr17:39697389-39697690	694	85249	TRUE	1.1712731614053938e-7	-0.32323165990129743	TRUE	752	100	3.9874371074096064
ENSG00000128789	chr18:12336994-12337295	700	88726	TRUE	1.1942956892592853e-16	-0.5672724320730789	TRUE	719	1	5.468525058074731
ENSG00000175354	chr18:12336994-12337295	545	67913	TRUE	1.1163380519329169e-14	-0.66015609945943865	TRUE	719	1	1.8229840515849454
ENSG00000141385	chr18:12336994-12337295	446	56063	TRUE	2.249187509728039e-6	-0.5336469213159325	TRUE	719	1	1.1812556642395076
ENSG00000085415	chr18:12336994-12337295	259	32320	TRUE	2.4310396232557312e-4	-0.5821521069827986	TRUE	719	1	0.5025782055689241
ENSG00000176014	chr18:12336994-12337295	190	22759	TRUE	0.0023020499859995186	-0.43490252601129287	TRUE	719	1	0.3027490442409659
ENSG00000101654	chr18:12336994-12337295	29	3368	TRUE	0.508	-0.29167355432235365	FALSE	719	1	0.038740793983145304
ENSG00000177150	chr18:12336994-12337295	9	1864	TRUE	0.7	-0.25774472552887406	FALSE	719	1	0.02103190724710147
ENSG00000128789	chr18:12336994-12337295	700	88726	TRUE	4.269923831757935e-15	-0.5353332228981245	TRUE	719	2	5.468525058074731
ENSG00000175354	chr18:12336994-12337295	545	67913	TRUE	4.1779617841877304e-8	-0.5216362353780105	TRUE	719	2	1.8229840515849454
ENSG00000085415	chr18:12336994-12337295	259	32320	TRUE	3.263037113899678e-5	-0.6045199200112534	TRUE	719	2	0.5025782055689241
ENSG00000176014	chr18:12336994-12337295	190	22759	TRUE	1.4344709597395935e-4	-0.5110742064966969	TRUE	719	2	0.3027490442409659
ENSG00000177150	chr18:12336994-12337295	9	1864	TRUE	0.048	-1.150829521612362	TRUE	719	2	0.02103190724710147
ENSG00000141385	chr18:12336994-12337295	446	56063	TRUE	0.096	-0.2876676796618685	FALSE	719	2	1.1812556642395076
ENSG00000101654	chr18:12336994-12337295	29	3368	TRUE	0.38	-0.35307409898649667	FALSE	719	2	0.038740793983145304
ENSG00000175354	chr18:12336994-12337295	545	67913	TRUE	2.3391862752531153e-9	-0.5613661974634555	TRUE	719	3	1.8229840515849454
ENSG00000141385	chr18:12336994-12337295	446	56063	TRUE	8.571737607942142e-8	-0.5475861122738062	TRUE	719	3	1.1812556642395076
ENSG00000128789	chr18:12336994-12337295	700	88726	TRUE	2.3092916461318674e-7	-0.411942716160528	TRUE	719	3	5.468525058074731
ENSG00000176014	chr18:12336994-12337295	190	22759	TRUE	0.004000871499500722	-0.402297860579365	TRUE	719	3	0.3027490442409659
ENSG00000085415	chr18:12336994-12337295	259	32320	TRUE	0.007914626936205212	-0.4598616771793709	TRUE	719	3	0.5025782055689241
ENSG00000101654	chr18:12336994-12337295	29	3368	TRUE	0.82	-0.1761963369024171	FALSE	719	3	0.038740793983145304
ENSG00000177150	chr18:12336994-12337295	9	1864	TRUE	0.824	-0.25774472552887406	FALSE	719	3	0.02103190724710147
ENSG00000128789	chr18:12336994-12337295	700	88726	TRUE	1.9992906866551732e-14	-0.5577164599638791	TRUE	719	4	5.468525058074731
ENSG00000175354	chr18:12336994-12337295	545	67913	TRUE	4.126473125484426e-12	-0.6569642949697289	TRUE	719	4	1.8229840515849454
ENSG00000141385	chr18:12336994-12337295	446	56063	TRUE	1.346562069497962e-5	-0.46590231468009813	TRUE	719	4	1.1812556642395076
ENSG00000085415	chr18:12336994-12337295	259	32320	TRUE	6.994481273287466e-5	-0.6272399965113367	TRUE	719	4	0.5025782055689241
ENSG00000176014	chr18:12336994-12337295	190	22759	TRUE	0.028	-0.30868480980787294	TRUE	719	4	0.3027490442409659
ENSG00000177150	chr18:12336994-12337295	9	1864	TRUE	0.38	-0.6362563487826041	FALSE	719	4	0.02103190724710147
ENSG00000101654	chr18:12336994-12337295	29	3368	TRUE	0.544	-0.29167355432235365	FALSE	719	4	0.038740793983145304
ENSG00000128789	chr18:12336994-12337295	700	88726	TRUE	1.5271080839151098e-11	-0.4868020730764697	TRUE	719	5	5.468525058074731
ENSG00000175354	chr18:12336994-12337295	545	67913	TRUE	5.347366373659114e-8	-0.5332944405623852	TRUE	719	5	1.8229840515849454
ENSG00000141385	chr18:12336994-12337295	446	56063	TRUE	8.006640342267672e-7	-0.5382783700475782	TRUE	719	5	1.1812556642395076
ENSG00000085415	chr18:12336994-12337295	259	32320	TRUE	2.985676616834923e-5	-0.6329763660604812	TRUE	719	5	0.5025782055689241
ENSG00000176014	chr18:12336994-12337295	190	22759	TRUE	8.004892772578362e-4	-0.4767227017059197	TRUE	719	5	0.3027490442409659
ENSG00000101654	chr18:12336994-12337295	29	3368	TRUE	0.028	-0.7891732137931697	TRUE	719	5	0.038740793983145304
ENSG00000177150	chr18:12336994-12337295	9	1864	TRUE	0.772	-0.25774472552887406	FALSE	719	5	0.02103190724710147
ENSG00000141385	chr18:12336994-12337295	446	56063	TRUE	1.492634461562896e-8	-0.5687507222718483	TRUE	719	6	1.1812556642395076
ENSG00000128789	chr18:12336994-12337295	700	88726	TRUE	1.6220366180757175e-8	-0.4338574925889689	TRUE	719	6	5.468525058074731
ENSG00000175354	chr18:12336994-12337295	545	67913	TRUE	3.1356850752091436e-4	-0.39925349311348135	TRUE	719	6	1.8229840515849454
ENSG00000176014	chr18:12336994-12337295	190	22759	TRUE	0.005442803813408642	-0.3862677507604164	TRUE	719	6	0.3027490442409659
ENSG00000085415	chr18:12336994-12337295	259	32320	TRUE	0.007385376321584994	-0.4959954632330841	TRUE	719	6	0.5025782055689241
ENSG00000101654	chr18:12336994-12337295	29	3368	TRUE	0.428	-0.35307409898649667	FALSE	719	6	0.038740793983145304
ENSG00000177150	chr18:12336994-12337295	9	1864	TRUE	0.596	-0.3732219429488106	FALSE	719	6	0.02103190724710147
ENSG00000128789	chr18:12336994-12337295	700	88726	TRUE	4.6221891417027737e-10	-0.46642535504539984	TRUE	719	7	5.468525058074731
ENSG00000175354	chr18:12336994-12337295	545	67913	TRUE	2.9235564664036626e-6	-0.46890965957218833	TRUE	719	7	1.8229840515849454
ENSG00000085415	chr18:12336994-12337295	259	32320	TRUE	5.105530633507552e-6	-0.6856566827366588	TRUE	719	7	0.5025782055689241
ENSG00000141385	chr18:12336994-12337295	446	56063	TRUE	2.405715207463811e-5	-0.48365878548425584	TRUE	719	7	1.1812556642395076
ENSG00000176014	chr18:12336994-12337295	190	22759	TRUE	0.008038688058909046	-0.3783189976449255	TRUE	719	7	0.3027490442409659
ENSG00000101654	chr18:12336994-12337295	29	3368	TRUE	0.128	-0.6287085415999236	FALSE	719	7	0.038740793983145304
ENSG00000177150	chr18:12336994-12337295	9	1864	TRUE	0.972	-0.15082952161236207	FALSE	719	7	0.02103190724710147
ENSG00000175354	chr18:12336994-12337295	545	67913	TRUE	1.0053162418083018e-13	-0.66015609945943865	TRUE	719	8	1.8229840515849454
ENSG00000128789	chr18:12336994-12337295	700	88726	TRUE	8.215637287939856e-11	-0.47966118220209353	TRUE	719	8	5.468525058074731
ENSG00000141385	chr18:12336994-12337295	446	56063	TRUE	8.01944521843137e-4	-0.3990889623302917	TRUE	719	8	1.1812556642395076
ENSG00000085415	chr18:12336994-12337295	259	32320	TRUE	0.024	-0.4246108299963187	TRUE	719	8	0.5025782055689241
ENSG00000176014	chr18:12336994-12337295	190	22759	TRUE	0.056	-0.30115113712246555	TRUE	719	8	0.3027490442409659
ENSG00000101654	chr18:12336994-12337295	29	3368	TRUE	0.652	0.03025454056500898	FALSE	719	8	0.038740793983145304
ENSG00000177150	chr18:12336994-12337295	9	1864	TRUE	0.78	-0.05129384806144799	FALSE	719	8	0.02103190724710147
ENSG00000141385	chr18:12336994-12337295	446	56063	TRUE	4.359898022545815e-11	-0.6441234576775019	TRUE	719	9	1.1812556642395076
ENSG00000128789	chr18:12336994-12337295	700	88726	TRUE	1.3731581850904492e-9	-0.4739738093665662	TRUE	719	9	5.468525058074731
ENSG00000175354	chr18:12336994-12337295	545	67913	TRUE	3.8192070418003286e-7	-0.49859869930113954	TRUE	719	9	1.8229840515849454
ENSG00000085415	chr18:12336994-12337295	259	32320	TRUE	1.627529502250258e-5	-0.6445179879431724	TRUE	719	9	0.5025782055689241
ENSG00000176014	chr18:12336994-12337295	190	22759	TRUE	2.8055457506905024e-4	-0.5197914235978058	TRUE	719	9	0.3027490442409659
ENSG00000177150	chr18:12336994-12337295	9	1864	TRUE	0.032	-1.3732219429488106	TRUE	719	9	0.02103190724710147
ENSG00000101654	chr18:12336994-12337295	29	3368	TRUE	0.716	-0.0692811329859051	FALSE	719	9	0.038740793983145304
ENSG00000128789	chr18:12336994-12337295	700	88726	TRUE	9.814340066193772e-15	-0.5378031687862861	TRUE	719	10	5.468525058074731
ENSG00000175354	chr18:12336994-12337295	545	67913	TRUE	2.1297215236527883e-9	-0.5613661974634555	TRUE	719	10	1.8229840515849454
ENSG00000141385	chr18:12336994-12337295	446	56063	TRUE	3.0333936346820835e-8	-0.5734964339224986	TRUE	719	10	1.1812556642395076
ENSG00000176014	chr18:12336994-12337295	190	22759	TRUE	3.9980624610968726e-4	-0.4937962150648616	TRUE	719	10	0.3027490442409659
ENSG00000085415	chr18:12336994-12337295	259	32320	TRUE	0.0039113190197777176	-0.5012321115992313	TRUE	719	10	0.5025782055689241
ENSG00000101654	chr18:12336994-12337295	29	3368	TRUE	0.032	-0.8766360550435097	TRUE	719	10	0.038740793983145304
ENSG00000177150	chr18:12336994-12337295	9	1864	TRUE	0.892	-0.25774472552887406	FALSE	719	10	0.02103190724710147
ENSG00000128789	chr18:12336994-12337295	700	88726	TRUE	4.858039001072859e-10	-0.4612586083706325	TRUE	719	11	5.468525058074731
ENSG00000141385	chr18:12336994-12337295	446	56063	TRUE	1.9977153485866827e-9	-0.614477995928977	TRUE	719	11	1.1812556642395076
ENSG00000175354	chr18:12336994-12337295	545	67913	TRUE	1.417672029999659e-7	-0.5187363448722158	TRUE	719	11	1.8229840515849454
ENSG00000085415	chr18:12336994-12337295	259	32320	TRUE	4.665239763602426e-5	-0.6445179879431724	TRUE	719	11	0.5025782055689241
ENSG00000176014	chr18:12336994-12337295	190	22759	TRUE	0.010459516683135966	-0.3862677507604164	TRUE	719	11	0.3027490442409659
ENSG00000101654	chr18:12336994-12337295	29	3368	TRUE	0.184	0.25264696190145663	FALSE	719	11	0.038740793983145304
ENSG00000177150	chr18:12336994-12337295	9	1864	TRUE	0.932	-0.15082952161236207	FALSE	719	11	0.02103190724710147
ENSG00000141385	chr18:12336994-12337295	446	56063	TRUE	1.0608667942594088e-12	-0.7001080674546732	TRUE	719	12	1.1812556642395076
ENSG00000175354	chr18:12336994-12337295	545	67913	TRUE	1.1363045406143932e-10	-0.6161009193815029	TRUE	719	12	1.8229840515849454
ENSG00000128789	chr18:12336994-12337295	700	88726	TRUE	3.269261226860644e-8	-0.4183002116774075	TRUE	719	12	5.468525058074731
ENSG00000176014	chr18:12336994-12337295	190	22759	TRUE	2.2351770568500816e-5	-0.6007114189813736	TRUE	719	12	0.3027490442409659
ENSG00000085415	chr18:12336994-12337295	259	32320	TRUE	1.1153216355154136e-4	-0.6045199200112534	TRUE	719	12	0.5025782055689241
ENSG00000177150	chr18:12336994-12337295	9	1864	TRUE	0.188	-0.7882594422276545	FALSE	719	12	0.02103190724710147
ENSG00000101654	chr18:12336994-12337295	29	3368	TRUE	0.54	0.03025454056500898	FALSE	719	12	0.038740793983145304
ENSG00000128789	chr18:12336994-12337295	700	88726	TRUE	1.9311006391642705e-13	-0.5210903306437809	TRUE	719	13	5.468525058074731
ENSG00000175354	chr18:12336994-12337295	545	67913	TRUE	2.1314514335777452e-9	-0.5718476813317781	TRUE	719	13	1.8229840515849454
ENSG00000141385	chr18:12336994-12337295	446	56063	TRUE	1.2682172658945407e-7	-0.5569542948080013	TRUE	719	13	1.1812556642395076
ENSG00000085415	chr18:12336994-12337295	259	32320	TRUE	0.002204960368571235	-0.5277043229604221	TRUE	719	13	0.5025782055689241
ENSG00000176014	chr18:12336994-12337295	190	22759	TRUE	0.013392469584499328	-0.36255168178660857	TRUE	719	13	0.3027490442409659
ENSG00000101654	chr18:12336994-12337295	29	3368	TRUE	0.024	-0.8766360550435097	TRUE	719	13	0.038740793983145304
ENSG00000177150	chr18:12336994-12337295	9	1864	TRUE	0.536	-0.4987528250326694	FALSE	719	13	0.02103190724710147
ENSG00000128789	chr18:12336994-12337295	700	88726	TRUE	1.4152138576586793e-14	-0.528931083860964	TRUE	719	14	5.468525058074731
ENSG00000141385	chr18:12336994-12337295	446	56063	TRUE	1.5786432364757116e-7	-0.5429247349039432	TRUE	719	14	1.1812556642395076
ENSG00000175354	chr18:12336994-12337295	545	67913	TRUE	0.0015140349041311285	-0.36629877015874446	TRUE	719	14	1.8229840515849454
ENSG00000176014	chr18:12336994-12337295	190	22759	TRUE	0.068	-0.2936566005755412	FALSE	719	14	0.3027490442409659
ENSG00000085415	chr18:12336994-12337295	259	32320	TRUE	0.108	-0.3661151806861742	FALSE	719	14	0.5025782055689241
ENSG00000177150	chr18:12336994-12337295	9	1864	TRUE	0.736	-0.05129384806144799	FALSE	719	14	0.02103190724710147
ENSG00000101654	chr18:12336994-12337295	29	3368	TRUE	0.824	-0.1217485528800406	FALSE	719	14	0.038740793983145304
ENSG00000128789	chr18:12336994-12337295	700	88726	TRUE	2.244476848434717e-13	-0.5304059809472212	TRUE	719	15	5.468525058074731
ENSG00000175354	chr18:12336994-12337295	545	67913	TRUE	1.3693089776958118e-8	-0.5391590626256035	TRUE	719	15	1.8229840515849454
ENSG00000141385	chr18:12336994-12337295	446	56063	TRUE	7.033439327550723e-5	-0.44618408006559307	TRUE	719	15	1.1812556642395076
ENSG00000176014	chr18:12336994-12337295	190	22759	TRUE	1.1924887223429409e-4	-0.5285616332255381	TRUE	719	15	0.3027490442409659
ENSG00000085415	chr18:12336994-12337295	259	32320	TRUE	2.4357180318094335e-4	-0.5821521069827986	TRUE	719	15	0.5025782055689241
ENSG00000101654	chr18:12336994-12337295	29	3368	TRUE	0.548	-0.35307409898649667	FALSE	719	15	0.038740793983145304
ENSG00000177150	chr18:12336994-12337295	9	1864	TRUE	0.632	0.04181555633003331	FALSE	719	15	0.02103190724710147
ENSG00000128789	chr18:12336994-12337295	700	88726	TRUE	2.5324926532745812e-12	-0.5031201550260826	TRUE	719	16	5.468525058074731
ENSG00000175354	chr18:12336994-12337295	545	67913	TRUE	2.143420511019692e-7	-0.5071947229895248	TRUE	719	16	1.8229840515849454
ENSG00000141385	chr18:12336994-12337295	446	56063	TRUE	3.11636102487127e-4	-0.4117813759334489	TRUE	719	16	1.1812556642395076
ENSG00000176014	chr18:12336994-12337295	190	22759	TRUE	8.702432617661848e-4	-0.4767227017059197	TRUE	719	16	0.3027490442409659
ENSG00000085415	chr18:12336994-12337295	259	32320	TRUE	0.048	-0.41469536113123606	TRUE	719	16	0.5025782055689241
ENSG00000101654	chr18:12336994-12337295	29	3368	TRUE	0.116	-0.6287085415999236	FALSE	719	16	0.038740793983145304
ENSG00000177150	chr18:12336994-12337295	9	1864	TRUE	0.44	-0.4987528250326694	FALSE	719	16	0.02103190724710147
ENSG00000128789	chr18:12336994-12337295	700	88726	TRUE	7.240221839771981e-10	-0.46219664159021256	TRUE	719	17	5.468525058074731
ENSG00000175354	chr18:12336994-12337295	545	67913	TRUE	5.766005484443234e-7	-0.4900535901681308	TRUE	719	17	1.8229840515849454
ENSG00000176014	chr18:12336994-12337295	190	22759	TRUE	0.00588977766427691	-0.39426054151394685	TRUE	719	17	0.3027490442409659
ENSG00000085415	chr18:12336994-12337295	259	32320	TRUE	0.011484649558192658	-0.46496856761245975	TRUE	719	17	0.5025782055689241
ENSG00000141385	chr18:12336994-12337295	446	56063	TRUE	0.036	-0.31323758625858644	TRUE	719	17	1.1812556642395076
ENSG00000101654	chr18:12336994-12337295	29	3368	TRUE	0.212	-0.4172044364062124	FALSE	719	17	0.038740793983145304
ENSG00000177150	chr18:12336994-12337295	9	1864	TRUE	0.348	-0.6362563487826041	FALSE	719	17	0.02103190724710147
ENSG00000175354	chr18:12336994-12337295	545	67913	TRUE	1.0631206763134033e-10	-0.6348172256512622	TRUE	719	18	1.8229840515849454
ENSG00000128789	chr18:12336994-12337295	700	88726	TRUE	1.0053836101347445e-8	-0.4486544945170494	TRUE	719	18	5.468525058074731
ENSG00000085415	chr18:12336994-12337295	259	32320	TRUE	8.765579564626313e-7	-0.7218768706494119	TRUE	719	18	0.5025782055689241
ENSG00000141385	chr18:12336994-12337295	446	56063	TRUE	4.215767302069064e-6	-0.5221329332988914	TRUE	719	18	1.1812556642395076
ENSG00000176014	chr18:12336994-12337295	190	22759	TRUE	1.2876756781777642e-4	-0.5373854836125438	TRUE	719	18	0.3027490442409659
ENSG00000101654	chr18:12336994-12337295	29	3368	TRUE	0.052	-0.7067110536011976	TRUE	719	18	0.038740793983145304
ENSG00000177150	chr18:12336994-12337295	9	1864	TRUE	0.816	-0.25774472552887406	FALSE	719	18	0.02103190724710147
ENSG00000128789	chr18:12336994-12337295	700	88726	TRUE	5.56048758206002e-19	-0.6386460954544986	TRUE	719	19	5.468525058074731
ENSG00000141385	chr18:12336994-12337295	446	56063	TRUE	3.1463144115905536e-7	-0.5313367606287314	TRUE	719	19	1.1812556642395076
ENSG00000175354	chr18:12336994-12337295	545	67913	TRUE	4.2867456261893645e-6	-0.46192998925374285	TRUE	719	19	1.8229840515849454
ENSG00000176014	chr18:12336994-12337295	190	22759	TRUE	4.6369705143636374e-4	-0.4937962150648616	TRUE	719	19	0.3027490442409659
ENSG00000101654	chr18:12336994-12337295	29	3368	TRUE	0.00874367016074773	-0.969745459434991	TRUE	719	19	0.038740793983145304
ENSG00000085415	chr18:12336994-12337295	259	32320	TRUE	0.028	-0.41469536113123606	TRUE	719	19	0.5025782055689241
ENSG00000177150	chr18:12336994-12337295	9	1864	TRUE	0.132	-0.9581844436699667	FALSE	719	19	0.02103190724710147
ENSG00000128789	chr18:12336994-12337295	700	88726	TRUE	8.731950619717791e-10	-0.47681469320063163	TRUE	719	20	5.468525058074731
ENSG00000175354	chr18:12336994-12337295	545	67913	TRUE	1.0790847625368545e-5	-0.4398192876479945	TRUE	719	20	1.8229840515849454
ENSG00000085415	chr18:12336994-12337295	259	32320	TRUE	1.8257489439584083e-4	-0.5877116323246994	TRUE	719	20	0.5025782055689241
ENSG00000141385	chr18:12336994-12337295	446	56063	TRUE	1.8350396288842937e-4	-0.4288801839779972	TRUE	719	20	1.1812556642395076
ENSG00000101654	chr18:12336994-12337295	29	3368	TRUE	0.4	-0.35307409898649667	FALSE	719	20	0.038740793983145304
ENSG00000176014	chr18:12336994-12337295	190	22759	TRUE	0.712	-0.11792931306669541	FALSE	719	20	0.3027490442409659
ENSG00000177150	chr18:12336994-12337295	9	1864	TRUE	0.908	-0.25774472552887406	FALSE	719	20	0.02103190724710147
ENSG00000128789	chr18:12336994-12337295	700	88726	TRUE	9.664759960913827e-11	-0.4735008721255207	TRUE	719	21	5.468525058074731
ENSG00000175354	chr18:12336994-12337295	545	67913	TRUE	1.0798947028006015e-8	-0.5658489407103351	TRUE	719	21	1.8229840515849454
ENSG00000085415	chr18:12336994-12337295	259	32320	TRUE	6.540713875690643e-5	-0.6329763660604812	TRUE	719	21	0.5025782055689241
ENSG00000141385	chr18:12336994-12337295	446	56063	TRUE	2.467222528089799e-4	-0.4245864455678637	TRUE	719	21	1.1812556642395076
ENSG00000101654	chr18:12336994-12337295	29	3368	TRUE	0.08	-0.7067110536011976	FALSE	719	21	0.038740793983145304
ENSG00000176014	chr18:12336994-12337295	190	22759	TRUE	0.252	-0.19262668034429642	FALSE	719	21	0.3027490442409659
ENSG00000177150	chr18:12336994-12337295	9	1864	TRUE	0.66	-0.15082952161236207	FALSE	719	21	0.02103190724710147
ENSG00000128789	chr18:12336994-12337295	700	88726	TRUE	3.105181033639141e-12	-0.5084392981220769	TRUE	719	22	5.468525058074731
ENSG00000175354	chr18:12336994-12337295	545	67913	TRUE	2.6480193330741082e-11	-0.6254287215366223	TRUE	719	22	1.8229840515849454
ENSG00000141385	chr18:12336994-12337295	446	56063	TRUE	2.8972834969320984e-9	-0.6267563257074139	TRUE	719	22	1.1812556642395076
ENSG00000085415	chr18:12336994-12337295	259	32320	TRUE	0.009505836994995756	-0.47523690306628685	TRUE	719	22	0.5025782055689241
ENSG00000176014	chr18:12336994-12337295	190	22759	TRUE	0.024	-0.3469548267355902	TRUE	719	22	0.3027490442409659
ENSG00000101654	chr18:12336994-12337295	29	3368	TRUE	0.22	-0.484318632264749	FALSE	719	22	0.038740793983145304
ENSG00000177150	chr18:12336994-12337295	9	1864	TRUE	0.744	-0.3732219429488106	FALSE	719	22	0.02103190724710147
ENSG00000141385	chr18:12336994-12337295	446	56063	TRUE	9.09608066105608e-12	-0.6820580280979512	TRUE	719	23	1.1812556642395076
ENSG00000128789	chr18:12336994-12337295	700	88726	TRUE	7.401730547867107e-10	-0.4481897835963333	TRUE	719	23	5.468525058074731
ENSG00000175354	chr18:12336994-12337295	545	67913	TRUE	1.5101430320244068e-6	-0.4843848400814388	TRUE	719	23	1.8229840515849454
ENSG00000085415	chr18:12336994-12337295	259	32320	TRUE	0.007462647753122054	-0.46496856761245975	TRUE	719	23	0.5025782055689241
ENSG00000176014	chr18:12336994-12337295	190	22759	TRUE	0.024	-0.3469548267355902	TRUE	719	23	0.3027490442409659
ENSG00000177150	chr18:12336994-12337295	9	1864	TRUE	0.068	-1.150829521612362	TRUE	719	23	0.02103190724710147
ENSG00000101654	chr18:12336994-12337295	29	3368	TRUE	0.972	-0.1761963369024171	FALSE	719	23	0.038740793983145304
ENSG00000128789	chr18:12336994-12337295	700	88726	TRUE	9.141248806859007e-9	-0.4668959781260331	TRUE	719	24	5.468525058074731
ENSG00000175354	chr18:12336994-12337295	545	67913	TRUE	1.131067252862052e-8	-0.5643531447848539	TRUE	719	24	1.8229840515849454
ENSG00000141385	chr18:12336994-12337295	446	56063	TRUE	1.4213163382971765e-8	-0.5734964339224986	TRUE	719	24	1.1812556642395076
ENSG00000176014	chr18:12336994-12337295	190	22759	TRUE	2.604162964534463e-8	-0.7568306208986555	TRUE	719	24	0.3027490442409659
ENSG00000085415	chr18:12336994-12337295	259	32320	TRUE	0.003982398612377973	-0.5064878370507266	TRUE	719	24	0.5025782055689241
ENSG00000177150	chr18:12336994-12337295	9	1864	TRUE	0.006996501708423891	-1.636256348782604	TRUE	719	24	0.02103190724710147
ENSG00000101654	chr18:12336994-12337295	29	3368	TRUE	0.04	-0.7891732137931697	TRUE	719	24	0.038740793983145304
ENSG00000128789	chr18:12336994-12337295	700	88726	TRUE	1.8088424908270279e-9	-0.45237758055976673	TRUE	719	25	5.468525058074731
ENSG00000175354	chr18:12336994-12337295	545	67913	TRUE	1.4067892505916597e-7	-0.530371045355619	TRUE	719	25	1.8229840515849454
ENSG00000141385	chr18:12336994-12337295	446	56063	TRUE	1.3678411444158732e-5	-0.479199137293556	TRUE	719	25	1.1812556642395076
ENSG00000176014	chr18:12336994-12337295	190	22759	TRUE	0.0035673953681813406	-0.42668201920632454	TRUE	719	25	0.3027490442409659
ENSG00000101654	chr18:12336994-12337295	29	3368	TRUE	0.011243157734119713	-0.8766360550435097	TRUE	719	25	0.038740793983145304
ENSG00000085415	chr18:12336994-12337295	259	32320	TRUE	0.08	-0.3853513995490918	TRUE	719	25	0.5025782055689241
ENSG00000177150	chr18:12336994-12337295	9	1864	TRUE	0.132	-0.9581844436699667	FALSE	719	25	0.02103190724710147
ENSG00000128789	chr18:12336994-12337295	700	88726	TRUE	1.324977528291279e-12	-0.5171858761878649	TRUE	719	26	5.468525058074731
ENSG00000141385	chr18:12336994-12337295	446	56063	TRUE	5.001102659718631e-9	-0.6071608456321771	TRUE	719	26	1.1812556642395076
ENSG00000175354	chr18:12336994-12337295	545	67913	TRUE	4.006697774163728e-7	-0.49431981813915843	TRUE	719	26	1.8229840515849454
ENSG00000085415	chr18:12336994-12337295	259	32320	TRUE	0.048	-0.44464858323286394	TRUE	719	26	0.5025782055689241
ENSG00000176014	chr18:12336994-12337295	190	22759	TRUE	0.268	-0.213688295872126	FALSE	719	26	0.3027490442409659
ENSG00000101654	chr18:12336994-12337295	29	3368	TRUE	0.728	-0.1761963369024171	FALSE	719	26	0.038740793983145304
ENSG00000177150	chr18:12336994-12337295	9	1864	TRUE	0.948	-0.25774472552887406	FALSE	719	26	0.02103190724710147
ENSG00000128789	chr18:12336994-12337295	700	88726	TRUE	3.125874640484245e-13	-0.5235359915801769	TRUE	719	27	5.468525058074731
ENSG00000085415	chr18:12336994-12337295	259	32320	TRUE	4.464722651416819e-7	-0.7157766711129943	TRUE	719	27	0.5025782055689241
ENSG00000175354	chr18:12336994-12337295	545	67913	TRUE	2.403871375640694e-6	-0.48721643086460154	TRUE	719	27	1.8229840515849454
ENSG00000176014	chr18:12336994-12337295	190	22759	TRUE	0.003677470296382754	-0.39426054151394685	TRUE	719	27	0.3027490442409659
ENSG00000141385	chr18:12336994-12337295	446	56063	TRUE	0.00389179606778689	-0.3719659139685285	TRUE	719	27	1.1812556642395076
ENSG00000177150	chr18:12336994-12337295	9	1864	TRUE	0.584	-0.3732219429488106	FALSE	719	27	0.02103190724710147
ENSG00000101654	chr18:12336994-12337295	29	3368	TRUE	0.608	-0.29167355432235365	FALSE	719	27	0.038740793983145304
ENSG00000128789	chr18:12336994-12337295	700	88726	TRUE	7.023867150679926e-15	-0.5382976658059992	TRUE	719	28	5.468525058074731
ENSG00000175354	chr18:12336994-12337295	545	67913	TRUE	1.4566330329195416e-12	-0.6332482259959216	TRUE	719	28	1.8229840515849454
ENSG00000141385	chr18:12336994-12337295	446	56063	TRUE	4.039788038981244e-6	-0.49261965305587757	TRUE	719	28	1.1812556642395076
ENSG00000085415	chr18:12336994-12337295	259	32320	TRUE	9.598718094266448e-4	-0.5330575574546292	TRUE	719	28	0.5025782055689241
ENSG00000176014	chr18:12336994-12337295	190	22759	TRUE	0.014089976176376959	-0.3469548267355902	TRUE	719	28	0.3027490442409659
ENSG00000177150	chr18:12336994-12337295	9	1864	TRUE	0.252	-0.6362563487826041	FALSE	719	28	0.02103190724710147
ENSG00000101654	chr18:12336994-12337295	29	3368	TRUE	0.364	0.16775806431494367	FALSE	719	28	0.038740793983145304
ENSG00000128789	chr18:12336994-12337295	700	88726	TRUE	2.4224969963381523e-7	-0.40380974418792004	TRUE	719	29	5.468525058074731
ENSG00000176014	chr18:12336994-12337295	190	22759	TRUE	1.890128650569485e-4	-0.5110742064966969	TRUE	719	29	0.3027490442409659
ENSG00000141385	chr18:12336994-12337295	446	56063	TRUE	0.0023589293197501665	-0.37403429430975765	TRUE	719	29	1.1812556642395076
ENSG00000175354	chr18:12336994-12337295	545	67913	TRUE	0.017419220537379793	-0.3188669401619074	TRUE	719	29	1.8229840515849454
ENSG00000085415	chr18:12336994-12337295	259	32320	TRUE	0.028	-0.43459491856894084	TRUE	719	29	0.5025782055689241
ENSG00000177150	chr18:12336994-12337295	9	1864	TRUE	0.248	-0.7882594422276545	FALSE	719	29	0.02103190724710147
ENSG00000101654	chr18:12336994-12337295	29	3368	TRUE	0.556	-0.29167355432235365	FALSE	719	29	0.038740793983145304
ENSG00000175354	chr18:12336994-12337295	545	67913	TRUE	8.065747399504052e-14	-0.6908357175488651	TRUE	719	30	1.8229840515849454
ENSG00000141385	chr18:12336994-12337295	446	56063	TRUE	3.7540556349945954e-8	-0.5830349482780959	TRUE	719	30	1.1812556642395076
ENSG00000176014	chr18:12336994-12337295	190	22759	TRUE	2.1448897989693322e-5	-0.5732306825592661	TRUE	719	30	0.3027490442409659
ENSG00000085415	chr18:12336994-12337295	259	32320	TRUE	3.325154591801195e-5	-0.6329763660604812	TRUE	719	30	0.5025782055689241
ENSG00000128789	chr18:12336994-12337295	700	88726	TRUE	8.566168955492347e-5	-0.32917851576209456	TRUE	719	30	5.468525058074731
ENSG00000177150	chr18:12336994-12337295	9	1864	TRUE	0.508	-0.4987528250326694	FALSE	719	30	0.02103190724710147
ENSG00000101654	chr18:12336994-12337295	29	3368	TRUE	0.776	-0.1761963369024171	FALSE	719	30	0.038740793983145304
ENSG00000128789	chr18:12336994-12337295	700	88726	TRUE	7.139985233131626e-20	-0.600451031294714	TRUE	719	31	5.468525058074731
ENSG00000175354	chr18:12336994-12337295	545	67913	TRUE	2.8933037454312196e-8	-0.5332944405623852	TRUE	719	31	1.8229840515849454
ENSG00000176014	chr18:12336994-12337295	190	22759	TRUE	4.677325529461422e-4	-0.45984888314152395	TRUE	719	31	0.3027490442409659
ENSG00000141385	chr18:12336994-12337295	446	56063	TRUE	0.0013241135299505956	-0.38442091254145605	TRUE	719	31	1.1812556642395076
ENSG00000085415	chr18:12336994-12337295	259	32320	TRUE	0.0015424001178230562	-0.5170570787609139	TRUE	719	31	0.5025782055689241
ENSG00000177150	chr18:12336994-12337295	9	1864	TRUE	0.428	-0.6362563487826041	FALSE	719	31	0.02103190724710147
ENSG00000101654	chr18:12336994-12337295	29	3368	TRUE	0.652	-0.1761963369024171	FALSE	719	31	0.038740793983145304
ENSG00000128789	chr18:12336994-12337295	700	88726	TRUE	3.7924678754737915e-13	-0.5343464273460476	TRUE	719	32	5.468525058074731
ENSG00000175354	chr18:12336994-12337295	545	67913	TRUE	7.679205830066879e-10	-0.6006873642117599	TRUE	719	32	1.8229840515849454
ENSG00000141385	chr18:12336994-12337295	446	56063	TRUE	2.3189661166054927e-7	-0.5452535409639161	TRUE	719	32	1.1812556642395076
ENSG00000085415	chr18:12336994-12337295	259	32320	TRUE	0.004970450541196547	-0.4803986081820657	TRUE	719	32	0.5025782055689241
ENSG00000176014	chr18:12336994-12337295	190	22759	TRUE	0.072	-0.2936566005755412	FALSE	719	32	0.3027490442409659
ENSG00000177150	chr18:12336994-12337295	9	1864	TRUE	0.148	-0.9581844436699667	FALSE	719	32	0.02103190724710147
ENSG00000101654	chr18:12336994-12337295	29	3368	TRUE	0.988	-0.1217485528800406	FALSE	719	32	0.038740793983145304
ENSG00000128789	chr18:12336994-12337295	700	88726	TRUE	4.631301368573486e-19	-0.6524977790643092	TRUE	719	33	5.468525058074731
ENSG00000141385	chr18:12336994-12337295	446	56063	TRUE	2.4551567019920426e-10	-0.6292245812981636	TRUE	719	33	1.1812556642395076
ENSG00000175354	chr18:12336994-12337295	545	67913	TRUE	1.215726895073441e-8	-0.534758362596558	TRUE	719	33	1.8229840515849454
ENSG00000085415	chr18:12336994-12337295	259	32320	TRUE	6.043504303282574e-6	-0.673782582448367	TRUE	719	33	0.5025782055689241
ENSG00000101654	chr18:12336994-12337295	29	3368	TRUE	0.02022726381619594	-0.8766360550435097	TRUE	719	33	0.038740793983145304
ENSG00000176014	chr18:12336994-12337295	190	22759	TRUE	0.112	-0.2640618183872454	FALSE	719	33	0.3027490442409659
ENSG00000177150	chr18:12336994-12337295	9	1864	TRUE	0.508	-0.4987528250326694	FALSE	719	33	0.02103190724710147
ENSG00000175354	chr18:12336994-12337295	545	67913	TRUE	1.0201427139484317e-12	-0.642687921882227	TRUE	719	34	1.8229840515849454
ENSG00000128789	chr18:12336994-12337295	700	88726	TRUE	1.3696924566438708e-7	-0.4114896795605145	TRUE	719	34	5.468525058074731
ENSG00000141385	chr18:12336994-12337295	446	56063	TRUE	2.1165722071585322e-7	-0.5336469213159325	TRUE	719	34	1.1812556642395076
ENSG00000085415	chr18:12336994-12337295	259	32320	TRUE	5.343460720477061e-7	-0.7097021567033097	TRUE	719	34	0.5025782055689241
ENSG00000176014	chr18:12336994-12337295	190	22759	TRUE	1.797301514430867e-4	-0.5110742064966969	TRUE	719	34	0.3027490442409659
ENSG00000177150	chr18:12336994-12337295	9	1864	TRUE	0.008393450978748884	-1.636256348782604	TRUE	719	34	0.02103190724710147
ENSG00000101654	chr18:12336994-12337295	29	3368	TRUE	0.408	-0.35307409898649667	FALSE	719	34	0.038740793983145304
ENSG00000128789	chr18:12336994-12337295	700	88726	TRUE	2.525200888316819e-14	-0.5108635887965329	TRUE	719	35	5.468525058074731
ENSG00000141385	chr18:12336994-12337295	446	56063	TRUE	1.4455092208031896e-13	-0.7475867776215567	TRUE	719	35	1.1812556642395076
ENSG00000175354	chr18:12336994-12337295	545	67913	TRUE	1.4736881762620608e-12	-0.6617546536849159	TRUE	719	35	1.8229840515849454
ENSG00000176014	chr18:12336994-12337295	190	22759	TRUE	9.574925894412396e-5	-0.5110742064966969	TRUE	719	35	0.3027490442409659
ENSG00000085415	chr18:12336994-12337295	259	32320	TRUE	1.244470746765685e-4	-0.6101664831523952	TRUE	719	35	0.5025782055689241
ENSG00000101654	chr18:12336994-12337295	29	3368	TRUE	0.024	-0.969745459434991	TRUE	719	35	0.038740793983145304
ENSG00000177150	chr18:12336994-12337295	9	1864	TRUE	0.048	-1.150829521612362	TRUE	719	35	0.02103190724710147
ENSG00000175354	chr18:12336994-12337295	545	67913	TRUE	5.523907298541969e-8	-0.5143974091478785	TRUE	719	36	1.8229840515849454
ENSG00000085415	chr18:12336994-12337295	259	32320	TRUE	8.108526397538306e-5	-0.593292664587999	TRUE	719	36	0.5025782055689241
ENSG00000128789	chr18:12336994-12337295	700	88726	TRUE	0.0010219341467703064	-0.30121350722611595	TRUE	719	36	5.468525058074731
ENSG00000176014	chr18:12336994-12337295	190	22759	TRUE	0.006137173949471431	-0.39426054151394685	TRUE	719	36	0.3027490442409659
ENSG00000141385	chr18:12336994-12337295	446	56063	TRUE	0.012872658412974199	-0.33523336291392425	TRUE	719	36	1.1812556642395076
ENSG00000177150	chr18:12336994-12337295	9	1864	TRUE	0.036	-1.150829521612362	TRUE	719	36	0.02103190724710147
ENSG00000101654	chr18:12336994-12337295	29	3368	TRUE	0.212	-0.4172044364062124	FALSE	719	36	0.038740793983145304
ENSG00000175354	chr18:12336994-12337295	545	67913	TRUE	4.0650630677724765e-12	-0.645848262775555	TRUE	719	37	1.8229840515849454
ENSG00000128789	chr18:12336994-12337295	700	88726	TRUE	3.994065850727546e-10	-0.4772887181895813	TRUE	719	37	5.468525058074731
ENSG00000141385	chr18:12336994-12337295	446	56063	TRUE	0.001339884462580319	-0.3906889674738893	TRUE	719	37	1.1812556642395076
ENSG00000176014	chr18:12336994-12337295	190	22759	TRUE	0.014610633982050564	-0.35473217732730955	TRUE	719	37	0.3027490442409659
ENSG00000085415	chr18:12336994-12337295	259	32320	TRUE	0.024	-0.4700935997903273	TRUE	719	37	0.5025782055689241
ENSG00000177150	chr18:12336994-12337295	9	1864	TRUE	0.352	-0.6362563487826041	FALSE	719	37	0.02103190724710147
ENSG00000101654	chr18:12336994-12337295	29	3368	TRUE	0.748	-0.018655059915937855	FALSE	719	37	0.038740793983145304
ENSG00000128789	chr18:12336994-12337295	700	88726	TRUE	8.785338254571826e-18	-0.5718211327647107	TRUE	719	38	5.468525058074731
ENSG00000141385	chr18:12336994-12337295	446	56063	TRUE	1.1216813768969266e-7	-0.5616612974855291	TRUE	719	38	1.1812556642395076
ENSG00000175354	chr18:12336994-12337295	545	67913	TRUE	5.490105313998262e-7	-0.49574470224598655	TRUE	719	38	1.8229840515849454
ENSG00000085415	chr18:12336994-12337295	259	32320	TRUE	6.686358988582629e-4	-0.5656009307189509	TRUE	719	38	0.5025782055689241
ENSG00000101654	chr18:12336994-12337295	29	3368	TRUE	0.004391436416937872	-1.176196336902417	TRUE	719	38	0.038740793983145304
ENSG00000176014	chr18:12336994-12337295	190	22759	TRUE	0.006755452350174093	-0.402297860579365	TRUE	719	38	0.3027490442409659
ENSG00000177150	chr18:12336994-12337295	9	1864	TRUE	0.028	-1.3732219429488106	TRUE	719	38	0.02103190724710147
ENSG00000128789	chr18:12336994-12337295	700	88726	TRUE	8.455490600626943e-10	-0.45704499013344213	TRUE	719	39	5.468525058074731
ENSG00000176014	chr18:12336994-12337295	190	22759	TRUE	1.1019902897410182e-5	-0.6099892325693843	TRUE	719	39	0.3027490442409659
ENSG00000175354	chr18:12336994-12337295	545	67913	TRUE	1.5841064841746718e-5	-0.45083228037041223	TRUE	719	39	1.8229840515849454
ENSG00000085415	chr18:12336994-12337295	259	32320	TRUE	2.6079069044485786e-4	-0.5710969184738031	TRUE	719	39	0.5025782055689241
ENSG00000141385	chr18:12336994-12337295	446	56063	TRUE	8.022567134551763e-4	-0.39698437400536846	TRUE	719	39	1.1812556642395076
ENSG00000177150	chr18:12336994-12337295	9	1864	TRUE	0.224	-0.7882594422276545	FALSE	719	39	0.02103190724710147
ENSG00000101654	chr18:12336994-12337295	29	3368	TRUE	0.864	-0.1761963369024171	FALSE	719	39	0.038740793983145304
ENSG00000128789	chr18:12336994-12337295	700	88726	TRUE	7.967954562398723e-18	-0.5753689530266495	TRUE	719	40	5.468525058074731
ENSG00000141385	chr18:12336994-12337295	446	56063	TRUE	3.9682599212656833e-13	-0.6871921795693879	TRUE	719	40	1.1812556642395076
ENSG00000175354	chr18:12336994-12337295	545	67913	TRUE	4.967448704760666e-9	-0.5643531447848539	TRUE	719	40	1.8229840515849454
ENSG00000085415	chr18:12336994-12337295	259	32320	TRUE	8.705468929579366e-5	-0.6101664831523952	TRUE	719	40	0.5025782055689241
ENSG00000176014	chr18:12336994-12337295	190	22759	TRUE	0.00599849037572979	-0.39426054151394685	TRUE	719	40	0.3027490442409659
ENSG00000177150	chr18:12336994-12337295	9	1864	TRUE	0.012928902737916748	-1.636256348782604	TRUE	719	40	0.02103190724710147
ENSG00000101654	chr18:12336994-12337295	29	3368	TRUE	0.024	-0.8766360550435097	TRUE	719	40	0.038740793983145304
ENSG00000128789	chr18:12336994-12337295	700	88726	TRUE	9.63390444456486e-9	-0.4435508887928128	TRUE	719	41	5.468525058074731
ENSG00000141385	chr18:12336994-12337295	446	56063	TRUE	5.234533552804895e-8	-0.5593058764873993	TRUE	719	41	1.1812556642395076
ENSG00000175354	chr18:12336994-12337295	545	67913	TRUE	9.352206727296456e-8	-0.5332944405623852	TRUE	719	41	1.8229840515849454
ENSG00000176014	chr18:12336994-12337295	190	22759	TRUE	4.632935942817176e-4	-0.4767227017059197	TRUE	719	41	0.3027490442409659
ENSG00000085415	chr18:12336994-12337295	259	32320	TRUE	0.003358429404150015	-0.4855788472877458	TRUE	719	41	0.5025782055689241
ENSG00000177150	chr18:12336994-12337295	9	1864	TRUE	0.128	-1.150829521612362	FALSE	719	41	0.02103190724710147
ENSG00000101654	chr18:12336994-12337295	29	3368	TRUE	0.396	-0.4172044364062124	FALSE	719	41	0.038740793983145304
ENSG00000128789	chr18:12336994-12337295	700	88726	TRUE	4.931473591129393e-12	-0.5094085255961458	TRUE	719	42	5.468525058074731
ENSG00000141385	chr18:12336994-12337295	446	56063	TRUE	1.75612661390827e-6	-0.49261965305587757	TRUE	719	42	1.1812556642395076
ENSG00000175354	chr18:12336994-12337295	545	67913	TRUE	4.022360183240231e-6	-0.4675110215170425	TRUE	719	42	1.8229840515849454
ENSG00000085415	chr18:12336994-12337295	259	32320	TRUE	3.475437912027306e-5	-0.6387356353491662	TRUE	719	42	0.5025782055689241
ENSG00000176014	chr18:12336994-12337295	190	22759	TRUE	2.3674088714617167e-4	-0.4937962150648616	TRUE	719	42	0.3027490442409659
ENSG00000177150	chr18:12336994-12337295	9	1864	TRUE	0.01517529077496571	-1.3732219429488106	TRUE	719	42	0.02103190724710147
ENSG00000101654	chr18:12336994-12337295	29	3368	TRUE	0.448	-0.29167355432235365	FALSE	719	42	0.038740793983145304
ENSG00000128789	chr18:12336994-12337295	700	88726	TRUE	5.624516545744324e-17	-0.5922129215958885	TRUE	719	43	5.468525058074731
ENSG00000175354	chr18:12336994-12337295	545	67913	TRUE	1.8272821342664512e-8	-0.5703456561665462	TRUE	719	43	1.8229840515849454
ENSG00000141385	chr18:12336994-12337295	446	56063	TRUE	4.177600127306801e-8	-0.5711216267345952	TRUE	719	43	1.1812556642395076
ENSG00000085415	chr18:12336994-12337295	259	32320	TRUE	1.5229299178657653e-4	-0.5710969184738031	TRUE	719	43	0.5025782055689241
ENSG00000176014	chr18:12336994-12337295	190	22759	TRUE	6.141399961668761e-4	-0.4682611229577236	TRUE	719	43	0.3027490442409659
ENSG00000101654	chr18:12336994-12337295	29	3368	TRUE	0.152	-0.484318632264749	FALSE	719	43	0.038740793983145304
ENSG00000177150	chr18:12336994-12337295	9	1864	TRUE	0.512	-0.4987528250326694	FALSE	719	43	0.02103190724710147
ENSG00000128789	chr18:12336994-12337295	700	88726	TRUE	3.4079417307120807e-17	-0.5723274303803259	TRUE	719	44	5.468525058074731
ENSG00000141385	chr18:12336994-12337295	446	56063	TRUE	7.420922256801337e-14	-0.7210170572176541	TRUE	719	44	1.1812556642395076
ENSG00000175354	chr18:12336994-12337295	545	67913	TRUE	3.1052122489527523e-9	-0.5915176614719118	TRUE	719	44	1.8229840515849454
ENSG00000176014	chr18:12336994-12337295	190	22759	TRUE	2.860916422794653e-4	-0.4937962150648616	TRUE	719	44	0.3027490442409659
ENSG00000101654	chr18:12336994-12337295	29	3368	TRUE	0.12	-0.6287085415999236	FALSE	719	44	0.038740793983145304
ENSG00000085415	chr18:12336994-12337295	259	32320	TRUE	0.184	-0.3377333793163517	FALSE	719	44	0.5025782055689241
ENSG00000177150	chr18:12336994-12337295	9	1864	TRUE	0.752	-0.3732219429488106	FALSE	719	44	0.02103190724710147
ENSG00000128789	chr18:12336994-12337295	700	88726	TRUE	3.7920254209322256e-16	-0.5457355326374325	TRUE	719	45	5.468525058074731
ENSG00000141385	chr18:12336994-12337295	446	56063	TRUE	1.8601893798987656e-9	-0.6120348200006482	TRUE	719	45	1.1812556642395076
ENSG00000175354	chr18:12336994-12337295	545	67913	TRUE	1.2253983719756416e-8	-0.5494798683033237	TRUE	719	45	1.8229840515849454
ENSG00000085415	chr18:12336994-12337295	259	32320	TRUE	2.1763732089456582e-4	-0.5710969184738031	TRUE	719	45	0.5025782055689241
ENSG00000176014	chr18:12336994-12337295	190	22759	TRUE	0.01852874571009143	-0.3469548267355902	TRUE	719	45	0.3027490442409659
ENSG00000177150	chr18:12336994-12337295	9	1864	TRUE	0.128	-0.7882594422276545	FALSE	719	45	0.02103190724710147
ENSG00000101654	chr18:12336994-12337295	29	3368	TRUE	0.508	-0.29167355432235365	FALSE	719	45	0.038740793983145304
ENSG00000128789	chr18:12336994-12337295	700	88726	TRUE	8.519662896970163e-13	-0.5065027944207348	TRUE	719	46	5.468525058074731
ENSG00000175354	chr18:12336994-12337295	545	67913	TRUE	1.8520454537321904e-9	-0.5643531447848539	TRUE	719	46	1.8229840515849454
ENSG00000141385	chr18:12336994-12337295	446	56063	TRUE	2.0513109039212445e-7	-0.5499224610287627	TRUE	719	46	1.1812556642395076
ENSG00000176014	chr18:12336994-12337295	190	22759	TRUE	3.0851582404886396e-7	-0.6766602722146717	TRUE	719	46	0.3027490442409659
ENSG00000085415	chr18:12336994-12337295	259	32320	TRUE	0.012283016769254418	-0.43459491856894084	TRUE	719	46	0.5025782055689241
ENSG00000101654	chr18:12336994-12337295	29	3368	TRUE	0.224	-0.484318632264749	FALSE	719	46	0.038740793983145304
ENSG00000177150	chr18:12336994-12337295	9	1864	TRUE	0.56	0.04181555633003331	FALSE	719	46	0.02103190724710147
ENSG00000141385	chr18:12336994-12337295	446	56063	TRUE	3.781151972018089e-9	-0.6193767953418163	TRUE	719	47	1.1812556642395076
ENSG00000128789	chr18:12336994-12337295	700	88726	TRUE	1.7502751965028625e-8	-0.4384652737045127	TRUE	719	47	5.468525058074731
ENSG00000175354	chr18:12336994-12337295	545	67913	TRUE	3.872075985172029e-5	-0.44531527540284654	TRUE	719	47	1.8229840515849454
ENSG00000085415	chr18:12336994-12337295	259	32320	TRUE	0.0023056489829936175	-0.5330575574546292	TRUE	719	47	0.5025782055689241
ENSG00000176014	chr18:12336994-12337295	190	22759	TRUE	0.156	-0.24948901729997286	FALSE	719	47	0.3027490442409659
ENSG00000177150	chr18:12336994-12337295	9	1864	TRUE	0.504	-0.4987528250326694	FALSE	719	47	0.02103190724710147
ENSG00000101654	chr18:12336994-12337295	29	3368	TRUE	0.672	-0.23277986526878447	FALSE	719	47	0.038740793983145304
ENSG00000175354	chr18:12336994-12337295	545	67913	TRUE	2.9786691651369413e-12	-0.6285514392945226	TRUE	719	48	1.8229840515849454
ENSG00000141385	chr18:12336994-12337295	446	56063	TRUE	5.1208175921058694e-11	-0.654142213502493	TRUE	719	48	1.1812556642395076
ENSG00000128789	chr18:12336994-12337295	700	88726	TRUE	1.1639288757550933e-10	-0.4716106719980848	TRUE	719	48	5.468525058074731
ENSG00000085415	chr18:12336994-12337295	259	32320	TRUE	1.5167050293897043e-6	-0.6916305837812915	TRUE	719	48	0.5025782055689241
ENSG00000176014	chr18:12336994-12337295	190	22759	TRUE	0.007972338984096342	-0.41038020687722376	TRUE	719	48	0.3027490442409659
ENSG00000177150	chr18:12336994-12337295	9	1864	TRUE	0.56	0.04181555633003331	FALSE	719	48	0.02103190724710147
ENSG00000101654	chr18:12336994-12337295	29	3368	TRUE	0.968	-0.1217485528800406	FALSE	719	48	0.038740793983145304
ENSG00000128789	chr18:12336994-12337295	700	88726	TRUE	3.716848194566946e-20	-0.6102952805793465	TRUE	719	49	5.468525058074731
ENSG00000175354	chr18:12336994-12337295	545	67913	TRUE	9.84648309804708e-9	-0.5748564312041164	TRUE	719	49	1.8229840515849454
ENSG00000176014	chr18:12336994-12337295	190	22759	TRUE	6.583722984637649e-4	-0.45984888314152395	TRUE	719	49	0.3027490442409659
ENSG00000101654	chr18:12336994-12337295	29	3368	TRUE	0.0017277399416347483	-1.2916735543223536	TRUE	719	49	0.038740793983145304
ENSG00000085415	chr18:12336994-12337295	259	32320	TRUE	0.00372292518046205	-0.4907777539620648	TRUE	719	49	0.5025782055689241
ENSG00000141385	chr18:12336994-12337295	446	56063	TRUE	0.008563525486487124	-0.34737392578613635	TRUE	719	49	1.1812556642395076
ENSG00000177150	chr18:12336994-12337295	9	1864	TRUE	0.14	-0.9581844436699667	FALSE	719	49	0.02103190724710147
ENSG00000128789	chr18:12336994-12337295	700	88726	TRUE	2.255923769629527e-19	-0.6082172175036151	TRUE	719	50	5.468525058074731
ENSG00000085415	chr18:12336994-12337295	259	32320	TRUE	2.5664037753705493e-10	-0.9180193928280349	TRUE	719	50	0.5025782055689241
ENSG00000175354	chr18:12336994-12337295	545	67913	TRUE	4.302649457328717e-8	-0.5332944405623852	TRUE	719	50	1.8229840515849454
ENSG00000141385	chr18:12336994-12337295	446	56063	TRUE	1.175913291929869e-5	-0.48589378986756426	TRUE	719	50	1.1812556642395076
ENSG00000176014	chr18:12336994-12337295	190	22759	TRUE	0.001452306270900865	-0.4682611229577236	TRUE	719	50	0.3027490442409659
ENSG00000177150	chr18:12336994-12337295	9	1864	TRUE	0.704	-0.25774472552887406	FALSE	719	50	0.02103190724710147
ENSG00000101654	chr18:12336994-12337295	29	3368	TRUE	0.872	-0.1217485528800406	FALSE	719	50	0.038740793983145304
ENSG00000128789	chr18:12336994-12337295	700	88726	TRUE	1.0245411781255762e-10	-0.475867110216885	TRUE	719	51	5.468525058074731
ENSG00000175354	chr18:12336994-12337295	545	67913	TRUE	1.4313055449230321e-8	-0.5598750396657022	TRUE	719	51	1.8229840515849454
ENSG00000141385	chr18:12336994-12337295	446	56063	TRUE	0.0027707113669993705	-0.35961752154088344	TRUE	719	51	1.1812556642395076
ENSG00000101654	chr18:12336994-12337295	29	3368	TRUE	0.01241385236463688	-1.069281132985905	TRUE	719	51	0.038740793983145304
ENSG00000176014	chr18:12336994-12337295	190	22759	TRUE	0.024	-0.3162580295126738	TRUE	719	51	0.3027490442409659
ENSG00000177150	chr18:12336994-12337295	9	1864	TRUE	0.072	-1.150829521612362	TRUE	719	51	0.02103190724710147
ENSG00000085415	chr18:12336994-12337295	259	32320	TRUE	0.14	-0.35185448756100457	FALSE	719	51	0.5025782055689241
ENSG00000128789	chr18:12336994-12337295	700	88726	TRUE	1.0076517147729706e-12	-0.5079549284546467	TRUE	719	52	5.468525058074731
ENSG00000175354	chr18:12336994-12337295	545	67913	TRUE	7.793413502705463e-10	-0.5733512719221658	TRUE	719	52	1.8229840515849454
ENSG00000141385	chr18:12336994-12337295	446	56063	TRUE	2.52520820986583e-8	-0.6047300193774149	TRUE	719	52	1.1812556642395076
ENSG00000101654	chr18:12336994-12337295	29	3368	TRUE	0.007046744790350473	-1.069281132985905	TRUE	719	52	0.038740793983145304
ENSG00000085415	chr18:12336994-12337295	259	32320	TRUE	0.010769115304085183	-0.4497018109591491	TRUE	719	52	0.5025782055689241
ENSG00000176014	chr18:12336994-12337295	190	22759	TRUE	0.096	-0.25675701776401194	FALSE	719	52	0.3027490442409659
ENSG00000177150	chr18:12336994-12337295	9	1864	TRUE	0.528	-0.4987528250326694	FALSE	719	52	0.02103190724710147
ENSG00000128789	chr18:12336994-12337295	700	88726	TRUE	2.9553861631633607e-13	-0.5378031687862861	TRUE	719	53	5.468525058074731
ENSG00000085415	chr18:12336994-12337295	259	32320	TRUE	4.042274550654888e-8	-0.759029869066878	TRUE	719	53	0.5025782055689241
ENSG00000141385	chr18:12336994-12337295	446	56063	TRUE	2.0415160719594073e-7	-0.5336469213159325	TRUE	719	53	1.1812556642395076
ENSG00000175354	chr18:12336994-12337295	545	67913	TRUE	8.233191169766067e-5	-0.4343441575818432	TRUE	719	53	1.8229840515849454
ENSG00000176014	chr18:12336994-12337295	190	22759	TRUE	0.0055570556082592815	-0.41038020687722376	TRUE	719	53	0.3027490442409659
ENSG00000177150	chr18:12336994-12337295	9	1864	TRUE	0.036	-1.3732219429488106	TRUE	719	53	0.02103190724710147
ENSG00000101654	chr18:12336994-12337295	29	3368	TRUE	0.144	-0.5547079601561471	FALSE	719	53	0.038740793983145304
ENSG00000128789	chr18:12336994-12337295	700	88726	TRUE	2.1290594344491355e-10	-0.45564318107653934	TRUE	719	54	5.468525058074731
ENSG00000175354	chr18:12336994-12337295	545	67913	TRUE	1.9795721865244415e-8	-0.542100337937726	TRUE	719	54	1.8229840515849454
ENSG00000176014	chr18:12336994-12337295	190	22759	TRUE	2.8665097919156274e-8	-0.7568306208986555	TRUE	719	54	0.3027490442409659
ENSG00000141385	chr18:12336994-12337295	446	56063	TRUE	1.5321811337337156e-6	-0.5175529451956318	TRUE	719	54	1.1812556642395076
ENSG00000085415	chr18:12336994-12337295	259	32320	TRUE	0.0019404257345055145	-0.5277043229604221	TRUE	719	54	0.5025782055689241
ENSG00000101654	chr18:12336994-12337295	29	3368	TRUE	0.108	-0.7067110536011976	FALSE	719	54	0.038740793983145304
ENSG00000177150	chr18:12336994-12337295	9	1864	TRUE	0.836	-0.25774472552887406	FALSE	719	54	0.02103190724710147
ENSG00000175354	chr18:12336994-12337295	545	67913	TRUE	1.9564601308242078e-14	-0.6843224105901906	TRUE	719	55	1.8229840515849454
ENSG00000141385	chr18:12336994-12337295	446	56063	TRUE	3.7787431931704605e-11	-0.6516309943464432	TRUE	719	55	1.1812556642395076
ENSG00000128789	chr18:12336994-12337295	700	88726	TRUE	4.399131754526822e-10	-0.4744469016944288	TRUE	719	55	5.468525058074731
ENSG00000085415	chr18:12336994-12337295	259	32320	TRUE	7.076282543342846e-6	-0.6856566827366588	TRUE	719	55	0.5025782055689241
ENSG00000101654	chr18:12336994-12337295	29	3368	TRUE	0.011564210876145287	-1.069281132985905	TRUE	719	55	0.038740793983145304
ENSG00000176014	chr18:12336994-12337295	190	22759	TRUE	0.056	-0.28620079565649403	TRUE	719	55	0.3027490442409659
ENSG00000177150	chr18:12336994-12337295	9	1864	TRUE	0.8	-0.25774472552887406	FALSE	719	55	0.02103190724710147
ENSG00000128789	chr18:12336994-12337295	700	88726	TRUE	3.7334290299455715e-19	-0.6139391090674524	TRUE	719	56	5.468525058074731
ENSG00000175354	chr18:12336994-12337295	545	67913	TRUE	3.4598232106882347e-9	-0.5839205136323533	TRUE	719	56	1.8229840515849454
ENSG00000141385	chr18:12336994-12337295	446	56063	TRUE	2.0477018989964197e-6	-0.4993770192311862	TRUE	719	56	1.1812556642395076
ENSG00000176014	chr18:12336994-12337295	190	22759	TRUE	0.0015168018777675825	-0.4514854102068968	TRUE	719	56	0.3027490442409659
ENSG00000085415	chr18:12336994-12337295	259	32320	TRUE	0.0015808652918423496	-0.5277043229604221	TRUE	719	56	0.5025782055689241
ENSG00000177150	chr18:12336994-12337295	9	1864	TRUE	0.264	-0.6362563487826041	FALSE	719	56	0.02103190724710147
ENSG00000101654	chr18:12336994-12337295	29	3368	TRUE	0.344	-0.35307409898649667	FALSE	719	56	0.038740793983145304
ENSG00000128789	chr18:12336994-12337295	700	88726	TRUE	3.5740152682326697e-22	-0.655713296831304	TRUE	719	57	5.468525058074731
ENSG00000141385	chr18:12336994-12337295	446	56063	TRUE	3.039876764277014e-9	-0.6218324470681287	TRUE	719	57	1.1812556642395076
ENSG00000175354	chr18:12336994-12337295	545	67913	TRUE	2.208421148968594e-7	-0.5230883694119228	TRUE	719	57	1.8229840515849454
ENSG00000085415	chr18:12336994-12337295	259	32320	TRUE	1.0497191006761532e-4	-0.6387356353491662	TRUE	719	57	0.5025782055689241
ENSG00000176014	chr18:12336994-12337295	190	22759	TRUE	0.006554213119555785	-0.41038020687722376	TRUE	719	57	0.3027490442409659
ENSG00000101654	chr18:12336994-12337295	29	3368	TRUE	0.724	-0.0692811329859051	FALSE	719	57	0.038740793983145304
ENSG00000177150	chr18:12336994-12337295	9	1864	TRUE	0.86	-0.05129384806144799	FALSE	719	57	0.02103190724710147
ENSG00000128789	chr18:12336994-12337295	700	88726	TRUE	3.398108965094262e-11	-0.47871172837322895	TRUE	719	58	5.468525058074731
ENSG00000141385	chr18:12336994-12337295	446	56063	TRUE	5.961460672382259e-7	-0.5061661848938255	TRUE	719	58	1.1812556642395076
ENSG00000176014	chr18:12336994-12337295	190	22759	TRUE	2.1289359207004276e-6	-0.6477088985185429	TRUE	719	58	0.3027490442409659
ENSG00000085415	chr18:12336994-12337295	259	32320	TRUE	2.4620130752753613e-5	-0.6445179879431724	TRUE	719	58	0.5025782055689241
ENSG00000101654	chr18:12336994-12337295	29	3368	TRUE	0.024	-0.8766360550435097	TRUE	719	58	0.038740793983145304
ENSG00000175354	chr18:12336994-12337295	545	67913	TRUE	0.024	-0.34046647676807573	TRUE	719	58	1.8229840515849454
ENSG00000177150	chr18:12336994-12337295	9	1864	TRUE	0.38	-0.4987528250326694	FALSE	719	58	0.02103190724710147
ENSG00000128789	chr18:12336994-12337295	700	88726	TRUE	2.5237354273503514e-15	-0.5487214496209716	TRUE	719	59	5.468525058074731
ENSG00000175354	chr18:12336994-12337295	545	67913	TRUE	1.1187706501740045e-11	-0.6176513709449029	TRUE	719	59	1.8229840515849454
ENSG00000141385	chr18:12336994-12337295	446	56063	TRUE	1.6198331735371718e-4	-0.42030544823998756	TRUE	719	59	1.1812556642395076
ENSG00000085415	chr18:12336994-12337295	259	32320	TRUE	5.791853750261051e-4	-0.5656009307189509	TRUE	719	59	0.5025782055689241
ENSG00000176014	chr18:12336994-12337295	190	22759	TRUE	0.014079617653813103	-0.36255168178660857	TRUE	719	59	0.3027490442409659
ENSG00000101654	chr18:12336994-12337295	29	3368	TRUE	0.072	-0.6287085415999236	TRUE	719	59	0.038740793983145304
ENSG00000177150	chr18:12336994-12337295	9	1864	TRUE	0.164	0.2897430697736194	FALSE	719	59	0.02103190724710147
ENSG00000128789	chr18:12336994-12337295	700	88726	TRUE	8.112999927857054e-9	-0.4352382823331231	TRUE	719	60	5.468525058074731
ENSG00000085415	chr18:12336994-12337295	259	32320	TRUE	1.0965248161848209e-5	-0.6503236096243781	TRUE	719	60	0.5025782055689241
ENSG00000175354	chr18:12336994-12337295	545	67913	TRUE	1.6853891675206378e-5	-0.470309654869716	TRUE	719	60	1.8229840515849454
ENSG00000141385	chr18:12336994-12337295	446	56063	TRUE	0.012287707712087627	-0.34737392578613635	TRUE	719	60	1.1812556642395076
ENSG00000176014	chr18:12336994-12337295	190	22759	TRUE	0.052	-0.2936566005755412	TRUE	719	60	0.3027490442409659
ENSG00000101654	chr18:12336994-12337295	29	3368	TRUE	0.156	-0.484318632264749	FALSE	719	60	0.038740793983145304
ENSG00000177150	chr18:12336994-12337295	9	1864	TRUE	0.588	0.04181555633003331	FALSE	719	60	0.02103190724710147
ENSG00000128789	chr18:12336994-12337295	700	88726	TRUE	7.405201411591779e-11	-0.4829891999198481	TRUE	719	61	5.468525058074731
ENSG00000141385	chr18:12336994-12337295	446	56063	TRUE	2.3396861920831546e-8	-0.5663837077279321	TRUE	719	61	1.1812556642395076
ENSG00000176014	chr18:12336994-12337295	190	22759	TRUE	1.1359634377108716e-7	-0.7262423010652324	TRUE	719	61	0.3027490442409659
ENSG00000085415	chr18:12336994-12337295	259	32320	TRUE	1.319778535262705e-6	-0.7341552004278487	TRUE	719	61	0.5025782055689241
ENSG00000175354	chr18:12336994-12337295	545	67913	TRUE	5.0827692900807294e-5	-0.45359871466178847	TRUE	719	61	1.8229840515849454
ENSG00000177150	chr18:12336994-12337295	9	1864	TRUE	0.116	-0.7882594422276545	FALSE	719	61	0.02103190724710147
ENSG00000101654	chr18:12336994-12337295	29	3368	TRUE	0.132	-0.5547079601561471	FALSE	719	61	0.038740793983145304
ENSG00000128789	chr18:12336994-12337295	700	88726	TRUE	7.457673341769364e-21	-0.6621659130633994	TRUE	719	62	5.468525058074731
ENSG00000175354	chr18:12336994-12337295	545	67913	TRUE	6.222633969053636e-14	-0.67783837701999194	TRUE	719	62	1.8229840515849454
ENSG00000141385	chr18:12336994-12337295	446	56063	TRUE	4.966133166608653e-10	-0.6267563257074139	TRUE	719	62	1.1812556642395076
ENSG00000085415	chr18:12336994-12337295	259	32320	TRUE	0.0011598901011838688	-0.5492374845100636	TRUE	719	62	0.5025782055689241
ENSG00000176014	chr18:12336994-12337295	190	22759	TRUE	0.024	-0.33152478616598446	TRUE	719	62	0.3027490442409659
ENSG00000101654	chr18:12336994-12337295	29	3368	TRUE	0.1	-0.6287085415999236	FALSE	719	62	0.038740793983145304
ENSG00000177150	chr18:12336994-12337295	9	1864	TRUE	0.396	-0.6362563487826041	FALSE	719	62	0.02103190724710147
ENSG00000128789	chr18:12336994-12337295	700	88726	TRUE	9.466356575964794e-8	-0.3997603869784072	TRUE	719	63	5.468525058074731
ENSG00000175354	chr18:12336994-12337295	545	67913	TRUE	3.07931356022589e-5	-0.4398192876479945	TRUE	719	63	1.8229840515849454
ENSG00000085415	chr18:12336994-12337295	259	32320	TRUE	0.0031996549048887643	-0.4959954632330841	TRUE	719	63	0.5025782055689241
ENSG00000141385	chr18:12336994-12337295	446	56063	TRUE	0.005432625487936479	-0.3575696928920248	TRUE	719	63	1.1812556642395076
ENSG00000176014	chr18:12336994-12337295	190	22759	TRUE	0.008583123773653487	-0.3704137995595791	TRUE	719	63	0.3027490442409659
ENSG00000101654	chr18:12336994-12337295	29	3368	TRUE	0.576	0.07756025534336608	FALSE	719	63	0.038740793983145304
ENSG00000177150	chr18:12336994-12337295	9	1864	TRUE	0.912	-0.25774472552887406	FALSE	719	63	0.02103190724710147
ENSG00000128789	chr18:12336994-12337295	700	88726	TRUE	5.891347930914604e-7	-0.3686474581857575	TRUE	719	64	5.468525058074731
ENSG00000175354	chr18:12336994-12337295	545	67913	TRUE	2.032516545160323e-5	-0.452214834420531	TRUE	719	64	1.8229840515849454
ENSG00000141385	chr18:12336994-12337295	446	56063	TRUE	1.5609013714289102e-4	-0.4160371166031839	TRUE	719	64	1.1812556642395076
ENSG00000085415	chr18:12336994-12337295	259	32320	TRUE	7.144517418705837e-4	-0.5330575574546292	TRUE	719	64	0.5025782055689241
ENSG00000176014	chr18:12336994-12337295	190	22759	TRUE	0.005024448843433553	-0.402297860579365	TRUE	719	64	0.3027490442409659
ENSG00000101654	chr18:12336994-12337295	29	3368	TRUE	0.032	-0.7891732137931697	TRUE	719	64	0.038740793983145304
ENSG00000177150	chr18:12336994-12337295	9	1864	TRUE	0.864	-0.05129384806144799	FALSE	719	64	0.02103190724710147
ENSG00000175354	chr18:12336994-12337295	545	67913	TRUE	4.560838977625289e-12	-0.6506017927461896	TRUE	719	65	1.8229840515849454
ENSG00000128789	chr18:12336994-12337295	700	88726	TRUE	8.607162919019258e-12	-0.49206128203224875	TRUE	719	65	5.468525058074731
ENSG00000085415	chr18:12336994-12337295	259	32320	TRUE	2.2137543438665794e-5	-0.6272399965113367	TRUE	719	65	0.5025782055689241
ENSG00000141385	chr18:12336994-12337295	446	56063	TRUE	0.024315869105725453	-0.31323758625858644	TRUE	719	65	1.1812556642395076
ENSG00000101654	chr18:12336994-12337295	29	3368	TRUE	0.02846880952721942	-0.8766360550435097	TRUE	719	65	0.038740793983145304
ENSG00000176014	chr18:12336994-12337295	190	22759	TRUE	0.096	-0.25675701776401194	FALSE	719	65	0.3027490442409659
ENSG00000177150	chr18:12336994-12337295	9	1864	TRUE	0.98	-0.15082952161236207	FALSE	719	65	0.02103190724710147
ENSG00000141385	chr18:12336994-12337295	446	56063	TRUE	6.892653152865114e-9	-0.5854294634184786	TRUE	719	66	1.1812556642395076
ENSG00000085415	chr18:12336994-12337295	259	32320	TRUE	1.3190983351637695e-5	-0.6620054146720131	TRUE	719	66	0.5025782055689241
ENSG00000128789	chr18:12336994-12337295	700	88726	TRUE	2.103686469758165e-5	-0.3629424969778223	TRUE	719	66	5.468525058074731
ENSG00000175354	chr18:12336994-12337295	545	67913	TRUE	9.346390637251893e-5	-0.4193938161158718	TRUE	719	66	1.8229840515849454
ENSG00000176014	chr18:12336994-12337295	190	22759	TRUE	0.009402781750866507	-0.3704137995595791	TRUE	719	66	0.3027490442409659
ENSG00000101654	chr18:12336994-12337295	29	3368	TRUE	0.22	-0.484318632264749	FALSE	719	66	0.038740793983145304
ENSG00000177150	chr18:12336994-12337295	9	1864	TRUE	0.564	-0.05129384806144799	FALSE	719	66	0.02103190724710147
ENSG00000175354	chr18:12336994-12337295	545	67913	TRUE	6.116050449741695e-11	-0.6269892355242392	TRUE	719	67	1.8229840515849454
ENSG00000141385	chr18:12336994-12337295	446	56063	TRUE	3.302925010447469e-9	-0.6242922857559329	TRUE	719	67	1.1812556642395076
ENSG00000128789	chr18:12336994-12337295	700	88726	TRUE	3.6745312338739536e-9	-0.42834751119669034	TRUE	719	67	5.468525058074731
ENSG00000176014	chr18:12336994-12337295	190	22759	TRUE	4.032534354096425e-5	-0.5551967597290046	TRUE	719	67	0.3027490442409659
ENSG00000085415	chr18:12336994-12337295	259	32320	TRUE	0.084	-0.3805182458131482	FALSE	719	67	0.5025782055689241
ENSG00000177150	chr18:12336994-12337295	9	1864	TRUE	0.772	-0.3732219429488106	FALSE	719	67	0.02103190724710147
ENSG00000101654	chr18:12336994-12337295	29	3368	TRUE	0.904	-0.1761963369024171	FALSE	719	67	0.038740793983145304
ENSG00000128789	chr18:12336994-12337295	700	88726	TRUE	6.1970214951353684e-12	-0.4954180611056289	TRUE	719	68	5.468525058074731
ENSG00000175354	chr18:12336994-12337295	545	67913	TRUE	2.372474116935084e-10	-0.5899950280420376	TRUE	719	68	1.8229840515849454
ENSG00000085415	chr18:12336994-12337295	259	32320	TRUE	6.556254879878931e-6	-0.6561526884265756	TRUE	719	68	0.5025782055689241
ENSG00000141385	chr18:12336994-12337295	446	56063	TRUE	1.32318647298936e-4	-0.4224443589963223	TRUE	719	68	1.1812556642395076
ENSG00000176014	chr18:12336994-12337295	190	22759	TRUE	0.021014482137671237	-0.339219177955985	TRUE	719	68	0.3027490442409659
ENSG00000177150	chr18:12336994-12337295	9	1864	TRUE	0.076	-0.9581844436699667	TRUE	719	68	0.02103190724710147
ENSG00000101654	chr18:12336994-12337295	29	3368	TRUE	0.312	-0.4172044364062124	FALSE	719	68	0.038740793983145304
ENSG00000128789	chr18:12336994-12337295	700	88726	TRUE	7.3390024651311835e-22	-0.6466212127276398	TRUE	719	69	5.468525058074731
ENSG00000175354	chr18:12336994-12337295	545	67913	TRUE	3.5383262775756825e-7	-0.5028903089335119	TRUE	719	69	1.8229840515849454
ENSG00000141385	chr18:12336994-12337295	446	56063	TRUE	2.2439661814461272e-5	-0.46810995863174987	TRUE	719	69	1.1812556642395076
ENSG00000176014	chr18:12336994-12337295	190	22759	TRUE	0.002477921231559918	-0.41038020687722376	TRUE	719	69	0.3027490442409659
ENSG00000085415	chr18:12336994-12337295	259	32320	TRUE	0.024	-0.4547728005065712	TRUE	719	69	0.5025782055689241
ENSG00000101654	chr18:12336994-12337295	29	3368	TRUE	0.024	-0.8766360550435097	TRUE	719	69	0.038740793983145304
ENSG00000177150	chr18:12336994-12337295	9	1864	TRUE	0.26	-0.7882594422276545	FALSE	719	69	0.02103190724710147
ENSG00000128789	chr18:12336994-12337295	700	88726	TRUE	2.7975294903355495e-15	-0.5225572296424401	TRUE	719	70	5.468525058074731
ENSG00000175354	chr18:12336994-12337295	545	67913	TRUE	4.4172059512594597e-10	-0.5824058730303548	TRUE	719	70	1.8229840515849454
ENSG00000141385	chr18:12336994-12337295	446	56063	TRUE	7.148839719538485e-6	-0.48142723818567323	TRUE	719	70	1.1812556642395076
ENSG00000085415	chr18:12336994-12337295	259	32320	TRUE	2.392992104537344e-5	-0.6101664831523952	TRUE	719	70	0.5025782055689241
ENSG00000176014	chr18:12336994-12337295	190	22759	TRUE	0.0012855937298924813	-0.4514854102068968	TRUE	719	70	0.3027490442409659
ENSG00000177150	chr18:12336994-12337295	9	1864	TRUE	0.1	-0.9581844436699667	FALSE	719	70	0.02103190724710147
ENSG00000101654	chr18:12336994-12337295	29	3368	TRUE	0.468	0.16775806431494367	FALSE	719	70	0.038740793983145304
ENSG00000128789	chr18:12336994-12337295	700	88726	TRUE	4.436078664238915e-11	-0.4863249124831044	TRUE	719	71	5.468525058074731
ENSG00000175354	chr18:12336994-12337295	545	67913	TRUE	1.4268070878561653e-8	-0.5509603148579546	TRUE	719	71	1.8229840515849454
ENSG00000141385	chr18:12336994-12337295	446	56063	TRUE	3.072642321406147e-5	-0.45710536644293925	TRUE	719	71	1.1812556642395076
ENSG00000085415	chr18:12336994-12337295	259	32320	TRUE	9.21722098692155e-5	-0.593292664587999	TRUE	719	71	0.5025782055689241
ENSG00000176014	chr18:12336994-12337295	190	22759	TRUE	0.015006221708987716	-0.339219177955985	TRUE	719	71	0.3027490442409659
ENSG00000101654	chr18:12336994-12337295	29	3368	TRUE	0.104	-0.7067110536011976	FALSE	719	71	0.038740793983145304
ENSG00000177150	chr18:12336994-12337295	9	1864	TRUE	0.164	-0.9581844436699667	FALSE	719	71	0.02103190724710147
ENSG00000175354	chr18:12336994-12337295	545	67913	TRUE	1.468494719311988e-11	-0.6332482259959216	TRUE	719	72	1.8229840515849454
ENSG00000128789	chr18:12336994-12337295	700	88726	TRUE	3.879687536205752e-11	-0.49301956505711253	TRUE	719	72	5.468525058074731
ENSG00000141385	chr18:12336994-12337295	446	56063	TRUE	1.6370522702696807e-8	-0.5758751567052298	TRUE	719	72	1.1812556642395076
ENSG00000085415	chr18:12336994-12337295	259	32320	TRUE	2.515704175954786e-4	-0.5766139234413687	TRUE	719	72	0.5025782055689241
ENSG00000176014	chr18:12336994-12337295	190	22759	TRUE	0.028	-0.36255168178660857	TRUE	719	72	0.3027490442409659
ENSG00000177150	chr18:12336994-12337295	9	1864	TRUE	0.884	-0.25774472552887406	FALSE	719	72	0.02103190724710147
ENSG00000101654	chr18:12336994-12337295	29	3368	TRUE	0.888	-0.1761963369024171	FALSE	719	72	0.038740793983145304
ENSG00000128789	chr18:12336994-12337295	700	88726	TRUE	1.1734677120988636e-8	-0.44586847168621224	TRUE	719	73	5.468525058074731
ENSG00000175354	chr18:12336994-12337295	545	67913	TRUE	1.016366435765398e-7	-0.534758362596558	TRUE	719	73	1.8229840515849454
ENSG00000141385	chr18:12336994-12337295	446	56063	TRUE	6.360445860004085e-5	-0.45272692593236497	TRUE	719	73	1.1812556642395076
ENSG00000176014	chr18:12336994-12337295	190	22759	TRUE	0.002887290778850797	-0.42668201920632454	TRUE	719	73	0.3027490442409659
ENSG00000085415	chr18:12336994-12337295	259	32320	TRUE	0.004750718230718778	-0.4855788472877458	TRUE	719	73	0.5025782055689241
ENSG00000101654	chr18:12336994-12337295	29	3368	TRUE	0.344	-0.4172044364062124	FALSE	719	73	0.038740793983145304
ENSG00000177150	chr18:12336994-12337295	9	1864	TRUE	0.836	-0.25774472552887406	FALSE	719	73	0.02103190724710147
ENSG00000141385	chr18:12336994-12337295	446	56063	TRUE	1.0500879383150755e-8	-0.5902304496822999	TRUE	719	74	1.1812556642395076
ENSG00000175354	chr18:12336994-12337295	545	67913	TRUE	8.880738854023763e-8	-0.5187363448722158	TRUE	719	74	1.8229840515849454
ENSG00000128789	chr18:12336994-12337295	700	88726	TRUE	5.762441284495141e-7	-0.3966187259807308	TRUE	719	74	5.468525058074731
ENSG00000085415	chr18:12336994-12337295	259	32320	TRUE	3.127172319909617e-4	-0.5766139234413687	TRUE	719	74	0.5025782055689241
ENSG00000176014	chr18:12336994-12337295	190	22759	TRUE	0.010901866305354987	-0.35473217732730955	TRUE	719	74	0.3027490442409659
ENSG00000177150	chr18:12336994-12337295	9	1864	TRUE	0.08	-0.9581844436699667	TRUE	719	74	0.02103190724710147
ENSG00000101654	chr18:12336994-12337295	29	3368	TRUE	0.376	0.12336394495649028	FALSE	719	74	0.038740793983145304
ENSG00000128789	chr18:12336994-12337295	700	88726	TRUE	9.950363215904e-16	-0.5672724320730789	TRUE	719	75	5.468525058074731
ENSG00000175354	chr18:12336994-12337295	545	67913	TRUE	1.8431026677245408e-11	-0.6099157221652975	TRUE	719	75	1.8229840515849454
ENSG00000141385	chr18:12336994-12337295	446	56063	TRUE	2.9309633191966023e-8	-0.5522625994832793	TRUE	719	75	1.1812556642395076
ENSG00000176014	chr18:12336994-12337295	190	22759	TRUE	0.003805885955772345	-0.41038020687722376	TRUE	719	75	0.3027490442409659
ENSG00000101654	chr18:12336994-12337295	29	3368	TRUE	0.012064916673544923	-0.969745459434991	TRUE	719	75	0.038740793983145304
ENSG00000085415	chr18:12336994-12337295	259	32320	TRUE	0.06	-0.36134593653830227	TRUE	719	75	0.5025782055689241
ENSG00000177150	chr18:12336994-12337295	9	1864	TRUE	0.524	0.04181555633003331	FALSE	719	75	0.02103190724710147
ENSG00000128789	chr18:12336994-12337295	700	88726	TRUE	5.464915796030909e-10	-0.46972294514597435	TRUE	719	76	5.468525058074731
ENSG00000141385	chr18:12336994-12337295	446	56063	TRUE	3.667048782650192e-8	-0.5734964339224986	TRUE	719	76	1.1812556642395076
ENSG00000085415	chr18:12336994-12337295	259	32320	TRUE	2.2544484530443755e-5	-0.6387356353491662	TRUE	719	76	0.5025782055689241
ENSG00000176014	chr18:12336994-12337295	190	22759	TRUE	2.9294391682775645e-5	-0.5823328896665187	TRUE	719	76	0.3027490442409659
ENSG00000175354	chr18:12336994-12337295	545	67913	TRUE	2.8485354644302305e-4	-0.42074655418112095	TRUE	719	76	1.8229840515849454
ENSG00000101654	chr18:12336994-12337295	29	3368	TRUE	0.164	-0.5547079601561471	FALSE	719	76	0.038740793983145304
ENSG00000177150	chr18:12336994-12337295	9	1864	TRUE	0.332	-0.6362563487826041	FALSE	719	76	0.02103190724710147
ENSG00000175354	chr18:12336994-12337295	545	67913	TRUE	7.629332304663175e-9	-0.5643531447848539	TRUE	719	77	1.8229840515849454
ENSG00000128789	chr18:12336994-12337295	700	88726	TRUE	1.5948045823099008e-8	-0.4278892945687671	TRUE	719	77	5.468525058074731
ENSG00000141385	chr18:12336994-12337295	446	56063	TRUE	1.19426959652567e-5	-0.4703209859471031	TRUE	719	77	1.1812556642395076
ENSG00000085415	chr18:12336994-12337295	259	32320	TRUE	0.017153323451295582	-0.44464858323286394	TRUE	719	77	0.5025782055689241
ENSG00000176014	chr18:12336994-12337295	190	22759	TRUE	0.364	-0.17186812017749897	FALSE	719	77	0.3027490442409659
ENSG00000177150	chr18:12336994-12337295	9	1864	TRUE	0.572	-0.4987528250326694	FALSE	719	77	0.02103190724710147
ENSG00000101654	chr18:12336994-12337295	29	3368	TRUE	0.648	-0.29167355432235365	FALSE	719	77	0.038740793983145304
ENSG00000175354	chr18:12336994-12337295	545	67913	TRUE	1.0185087391173845e-7	-0.5201855615092855	TRUE	719	78	1.8229840515849454
ENSG00000141385	chr18:12336994-12337295	446	56063	TRUE	7.097903734828038e-7	-0.5382783700475782	TRUE	719	78	1.1812556642395076
ENSG00000128789	chr18:12336994-12337295	700	88726	TRUE	4.982660303153681e-6	-0.36425702557982786	TRUE	719	78	5.468525058074731
ENSG00000085415	chr18:12336994-12337295	259	32320	TRUE	6.62930485065525e-4	-0.5601258006527996	TRUE	719	78	0.5025782055689241
ENSG00000176014	chr18:12336994-12337295	190	22759	TRUE	0.14	-0.28620079565649403	FALSE	719	78	0.3027490442409659
ENSG00000101654	chr18:12336994-12337295	29	3368	TRUE	0.272	-0.484318632264749	FALSE	719	78	0.038740793983145304
ENSG00000177150	chr18:12336994-12337295	9	1864	TRUE	0.988	-0.25774472552887406	FALSE	719	78	0.02103190724710147
ENSG00000175354	chr18:12336994-12337295	545	67913	TRUE	3.0181762647862995e-7	-0.5332944405623852	TRUE	719	79	1.8229840515849454
ENSG00000128789	chr18:12336994-12337295	700	88726	TRUE	4.879811313615633e-7	-0.40922662805194543	TRUE	719	79	5.468525058074731
ENSG00000141385	chr18:12336994-12337295	446	56063	TRUE	2.8029213429532976e-4	-0.40753815216610956	TRUE	719	79	1.1812556642395076
ENSG00000176014	chr18:12336994-12337295	190	22759	TRUE	7.879915602099531e-4	-0.4682611229577236	TRUE	719	79	0.3027490442409659
ENSG00000085415	chr18:12336994-12337295	259	32320	TRUE	0.0049810238625647325	-0.4959954632330841	TRUE	719	79	0.5025782055689241
ENSG00000177150	chr18:12336994-12337295	9	1864	TRUE	0.144	-0.9581844436699667	FALSE	719	79	0.02103190724710147
ENSG00000101654	chr18:12336994-12337295	29	3368	TRUE	0.292	-0.484318632264749	FALSE	719	79	0.038740793983145304
ENSG00000128789	chr18:12336994-12337295	700	88726	TRUE	1.5746921063253e-13	-0.5128059587175215	TRUE	719	80	5.468525058074731
ENSG00000141385	chr18:12336994-12337295	446	56063	TRUE	1.4959370593188675e-10	-0.6218324470681287	TRUE	719	80	1.1812556642395076
ENSG00000175354	chr18:12336994-12337295	545	67913	TRUE	6.499741293553322e-10	-0.5703456561665462	TRUE	719	80	1.8229840515849454
ENSG00000085415	chr18:12336994-12337295	259	32320	TRUE	1.5139257363223132e-6	-0.6916305837812915	TRUE	719	80	0.5025782055689241
ENSG00000101654	chr18:12336994-12337295	29	3368	TRUE	0.044	-0.8766360550435097	TRUE	719	80	0.038740793983145304
ENSG00000176014	chr18:12336994-12337295	190	22759	TRUE	0.092	-0.24225744806889704	FALSE	719	80	0.3027490442409659
ENSG00000177150	chr18:12336994-12337295	9	1864	TRUE	0.1	-0.9581844436699667	FALSE	719	80	0.02103190724710147
ENSG00000141385	chr18:12336994-12337295	446	56063	TRUE	6.887953116201608e-9	-0.5830349482780959	TRUE	719	81	1.1812556642395076
ENSG00000128789	chr18:12336994-12337295	700	88726	TRUE	3.568098956306166e-8	-0.4265155172478008	TRUE	719	81	5.468525058074731
ENSG00000175354	chr18:12336994-12337295	545	67913	TRUE	1.5609888052794691e-6	-0.49574470224598655	TRUE	719	81	1.8229840515849454
ENSG00000085415	chr18:12336994-12337295	259	32320	TRUE	0.032	-0.4547728005065712	TRUE	719	81	0.5025782055689241
ENSG00000101654	chr18:12336994-12337295	29	3368	TRUE	0.532	-0.29167355432235365	FALSE	719	81	0.038740793983145304
ENSG00000177150	chr18:12336994-12337295	9	1864	TRUE	0.596	-0.3732219429488106	FALSE	719	81	0.02103190724710147
ENSG00000176014	chr18:12336994-12337295	190	22759	TRUE	0.676	-0.11792931306669541	FALSE	719	81	0.3027490442409659
ENSG00000128789	chr18:12336994-12337295	700	88726	TRUE	1.1486400432752544e-10	-0.4716106719980848	TRUE	719	82	5.468525058074731
ENSG00000175354	chr18:12336994-12337295	545	67913	TRUE	1.063028951812559e-7	-0.5143974091478785	TRUE	719	82	1.8229840515849454
ENSG00000141385	chr18:12336994-12337295	446	56063	TRUE	5.495229292799863e-6	-0.4993770192311862	TRUE	719	82	1.1812556642395076
ENSG00000085415	chr18:12336994-12337295	259	32320	TRUE	3.3876019081545763e-5	-0.6215263453169431	TRUE	719	82	0.5025782055689241
ENSG00000176014	chr18:12336994-12337295	190	22759	TRUE	6.414006230524537e-4	-0.4767227017059197	TRUE	719	82	0.3027490442409659
ENSG00000177150	chr18:12336994-12337295	9	1864	TRUE	0.003344909788140338	-1.9581844436699667	TRUE	719	82	0.02103190724710147
ENSG00000101654	chr18:12336994-12337295	29	3368	TRUE	0.784	-0.0692811329859051	FALSE	719	82	0.038740793983145304
ENSG00000128789	chr18:12336994-12337295	700	88726	TRUE	2.129567760864442e-8	-0.4370813934632549	TRUE	719	83	5.468525058074731
ENSG00000175354	chr18:12336994-12337295	545	67913	TRUE	2.533817619943305e-7	-0.5158422716030362	TRUE	719	83	1.8229840515849454
ENSG00000141385	chr18:12336994-12337295	446	56063	TRUE	3.436423296206354e-6	-0.49261965305587757	TRUE	719	83	1.1812556642395076
ENSG00000085415	chr18:12336994-12337295	259	32320	TRUE	0.002220211330802975	-0.5277043229604221	TRUE	719	83	0.5025782055689241
ENSG00000176014	chr18:12336994-12337295	190	22759	TRUE	0.032	-0.30115113712246555	TRUE	719	83	0.3027490442409659
ENSG00000177150	chr18:12336994-12337295	9	1864	TRUE	0.292	-0.6362563487826041	FALSE	719	83	0.02103190724710147
ENSG00000101654	chr18:12336994-12337295	29	3368	TRUE	0.552	-0.29167355432235365	FALSE	719	83	0.038740793983145304
ENSG00000128789	chr18:12336994-12337295	700	88726	TRUE	4.0762964443681795e-16	-0.5547118874633545	TRUE	719	84	5.468525058074731
ENSG00000175354	chr18:12336994-12337295	545	67913	TRUE	1.5745444713533745e-7	-0.5071947229895248	TRUE	719	84	1.8229840515849454
ENSG00000141385	chr18:12336994-12337295	446	56063	TRUE	1.4689231412658155e-5	-0.46149713556009697	TRUE	719	84	1.1812556642395076
ENSG00000085415	chr18:12336994-12337295	259	32320	TRUE	1.975523157879966e-4	-0.593292664587999	TRUE	719	84	0.5025782055689241
ENSG00000176014	chr18:12336994-12337295	190	22759	TRUE	2.246269651888953e-4	-0.5197914235978058	TRUE	719	84	0.3027490442409659
ENSG00000177150	chr18:12336994-12337295	9	1864	TRUE	0.06	-1.150829521612362	TRUE	719	84	0.02103190724710147
ENSG00000101654	chr18:12336994-12337295	29	3368	TRUE	0.48	-0.35307409898649667	FALSE	719	84	0.038740793983145304
ENSG00000141385	chr18:12336994-12337295	446	56063	TRUE	1.03967442554702e-11	-0.6846228199572547	TRUE	719	85	1.1812556642395076
ENSG00000128789	chr18:12336994-12337295	700	88726	TRUE	4.453518867155262e-8	-0.42194568434580626	TRUE	719	85	5.468525058074731
ENSG00000085415	chr18:12336994-12337295	259	32320	TRUE	8.856799781525903e-6	-0.6503236096243781	TRUE	719	85	0.5025782055689241
ENSG00000175354	chr18:12336994-12337295	545	67913	TRUE	1.2769232805619982e-5	-0.4633232245536091	TRUE	719	85	1.8229840515849454
ENSG00000176014	chr18:12336994-12337295	190	22759	TRUE	0.034126573836869484	-0.3238712136225492	TRUE	719	85	0.3027490442409659
ENSG00000101654	chr18:12336994-12337295	29	3368	TRUE	0.524	-0.35307409898649667	FALSE	719	85	0.038740793983145304
ENSG00000177150	chr18:12336994-12337295	9	1864	TRUE	0.756	-0.25774472552887406	FALSE	719	85	0.02103190724710147
ENSG00000128789	chr18:12336994-12337295	700	88726	TRUE	4.739549638185466e-9	-0.43018183444557057	TRUE	719	86	5.468525058074731
ENSG00000176014	chr18:12336994-12337295	190	22759	TRUE	1.766496150828426e-8	-0.7880815548830951	TRUE	719	86	0.3027490442409659
ENSG00000141385	chr18:12336994-12337295	446	56063	TRUE	2.076038305497524e-8	-0.5950474659800757	TRUE	719	86	1.1812556642395076
ENSG00000175354	chr18:12336994-12337295	545	67913	TRUE	1.4725294890637075e-6	-0.50145835344038	TRUE	719	86	1.8229840515849454
ENSG00000085415	chr18:12336994-12337295	259	32320	TRUE	3.7069838179114474e-5	-0.6387356353491662	TRUE	719	86	0.5025782055689241
ENSG00000101654	chr18:12336994-12337295	29	3368	TRUE	0.096	-0.6287085415999236	FALSE	719	86	0.038740793983145304
ENSG00000177150	chr18:12336994-12337295	9	1864	TRUE	0.824	-0.15082952161236207	FALSE	719	86	0.02103190724710147
ENSG00000128789	chr18:12336994-12337295	700	88726	TRUE	8.674011476851997e-14	-0.5206016955702228	TRUE	719	87	5.468525058074731
ENSG00000175354	chr18:12336994-12337295	545	67913	TRUE	1.1992162120681737e-7	-0.49717099503728196	TRUE	719	87	1.8229840515849454
ENSG00000176014	chr18:12336994-12337295	190	22759	TRUE	5.809605874695315e-6	-0.6007114189813736	TRUE	719	87	0.3027490442409659
ENSG00000141385	chr18:12336994-12337295	446	56063	TRUE	4.259778848905802e-5	-0.43967077310691854	TRUE	719	87	1.1812556642395076
ENSG00000085415	chr18:12336994-12337295	259	32320	TRUE	0.0017487422288974992	-0.5117627790914008	TRUE	719	87	0.5025782055689241
ENSG00000177150	chr18:12336994-12337295	9	1864	TRUE	0.04	-1.150829521612362	TRUE	719	87	0.02103190724710147
ENSG00000101654	chr18:12336994-12337295	29	3368	TRUE	0.22	-0.4172044364062124	FALSE	719	87	0.038740793983145304
ENSG00000128789	chr18:12336994-12337295	700	88726	TRUE	1.0399334096690564e-11	-0.5031201550260826	TRUE	719	88	5.468525058074731
ENSG00000175354	chr18:12336994-12337295	545	67913	TRUE	9.139155512373929e-9	-0.542100337937726	TRUE	719	88	1.8229840515849454
ENSG00000141385	chr18:12336994-12337295	446	56063	TRUE	1.1483581518677722e-4	-0.42673171739942045	TRUE	719	88	1.1812556642395076
ENSG00000176014	chr18:12336994-12337295	190	22759	TRUE	3.310372288695129e-4	-0.5110742064966969	TRUE	719	88	0.3027490442409659
ENSG00000085415	chr18:12336994-12337295	259	32320	TRUE	0.0184865440593976	-0.4598616771793709	TRUE	719	88	0.5025782055689241
ENSG00000101654	chr18:12336994-12337295	29	3368	TRUE	0.116	-0.6287085415999236	FALSE	719	88	0.038740793983145304
ENSG00000177150	chr18:12336994-12337295	9	1864	TRUE	0.86	-0.15082952161236207	FALSE	719	88	0.02103190724710147
ENSG00000141385	chr18:12336994-12337295	446	56063	TRUE	1.1236116515030899e-10	-0.641629602188944	TRUE	719	89	1.1812556642395076
ENSG00000128789	chr18:12336994-12337295	700	88726	TRUE	5.026204322893554e-7	-0.3993111591868628	TRUE	719	89	5.468525058074731
ENSG00000175354	chr18:12336994-12337295	545	67913	TRUE	8.18834446342817e-6	-0.45359871466178847	TRUE	719	89	1.8229840515849454
ENSG00000085415	chr18:12336994-12337295	259	32320	TRUE	2.953620259585933e-4	-0.5877116323246994	TRUE	719	89	0.5025782055689241
ENSG00000176014	chr18:12336994-12337295	190	22759	TRUE	0.06	-0.2936566005755412	TRUE	719	89	0.3027490442409659
ENSG00000101654	chr18:12336994-12337295	29	3368	TRUE	0.336	-0.4172044364062124	FALSE	719	89	0.038740793983145304
ENSG00000177150	chr18:12336994-12337295	9	1864	TRUE	0.408	-0.4987528250326694	FALSE	719	89	0.02103190724710147
ENSG00000128789	chr18:12336994-12337295	700	88726	TRUE	2.5756163597925036e-14	-0.5442448884122855	TRUE	719	90	5.468525058074731
ENSG00000175354	chr18:12336994-12337295	545	67913	TRUE	3.5534942578985806e-9	-0.5793813540171855	TRUE	719	90	1.8229840515849454
ENSG00000141385	chr18:12336994-12337295	446	56063	TRUE	3.6751283885659135e-8	-0.5569542948080013	TRUE	719	90	1.1812556642395076
ENSG00000101654	chr18:12336994-12337295	29	3368	TRUE	0.0014067835452578892	-1.4172044364062124	TRUE	719	90	0.038740793983145304
ENSG00000085415	chr18:12336994-12337295	259	32320	TRUE	0.003794348412464371	-0.5064878370507266	TRUE	719	90	0.5025782055689241
ENSG00000177150	chr18:12336994-12337295	9	1864	TRUE	0.176	-0.9581844436699667	FALSE	719	90	0.02103190724710147
ENSG00000176014	chr18:12336994-12337295	190	22759	TRUE	0.296	-0.19961311066040333	FALSE	719	90	0.3027490442409659
ENSG00000175354	chr18:12336994-12337295	545	67913	TRUE	2.144464957778996e-9	-0.5539257733345158	TRUE	719	91	1.8229840515849454
ENSG00000128789	chr18:12336994-12337295	700	88726	TRUE	3.5578893159188187e-7	-0.383675667418089	TRUE	719	91	5.468525058074731
ENSG00000141385	chr18:12336994-12337295	446	56063	TRUE	2.988701514223006e-6	-0.49486859355943963	TRUE	719	91	1.1812556642395076
ENSG00000176014	chr18:12336994-12337295	190	22759	TRUE	8.172160375569636e-5	-0.5110742064966969	TRUE	719	91	0.3027490442409659
ENSG00000085415	chr18:12336994-12337295	259	32320	TRUE	0.268	-0.3237491498806506	FALSE	719	91	0.5025782055689241
ENSG00000177150	chr18:12336994-12337295	9	1864	TRUE	0.296	-0.6362563487826041	FALSE	719	91	0.02103190724710147
ENSG00000101654	chr18:12336994-12337295	29	3368	TRUE	0.784	-0.23277986526878447	FALSE	719	91	0.038740793983145304
ENSG00000175354	chr18:12336994-12337295	545	67913	TRUE	1.9878916620095644e-13	-0.6697741020210355	TRUE	719	92	1.8229840515849454
ENSG00000128789	chr18:12336994-12337295	700	88726	TRUE	1.431816016956352e-6	-0.3970671160514385	TRUE	719	92	5.468525058074731
ENSG00000141385	chr18:12336994-12337295	446	56063	TRUE	1.0935948405729984e-5	-0.49261965305587757	TRUE	719	92	1.1812556642395076
ENSG00000085415	chr18:12336994-12337295	259	32320	TRUE	3.988182341847519e-5	-0.5988953708173752	TRUE	719	92	0.5025782055689241
ENSG00000176014	chr18:12336994-12337295	190	22759	TRUE	2.841609176001021e-4	-0.4937962150648616	TRUE	719	92	0.3027490442409659
ENSG00000177150	chr18:12336994-12337295	9	1864	TRUE	0.424	0.1292783975803733	FALSE	719	92	0.02103190724710147
ENSG00000101654	chr18:12336994-12337295	29	3368	TRUE	0.772	-0.1761963369024171	FALSE	719	92	0.038740793983145304
ENSG00000141385	chr18:12336994-12337295	446	56063	TRUE	1.2041820807628858e-6	-0.5429247349039432	TRUE	719	93	1.1812556642395076
ENSG00000128789	chr18:12336994-12337295	700	88726	TRUE	1.8202325287780584e-6	-0.38723458390899035	TRUE	719	93	5.468525058074731
ENSG00000175354	chr18:12336994-12337295	545	67913	TRUE	9.386512940435252e-6	-0.470309654869716	TRUE	719	93	1.8229840515849454
ENSG00000085415	chr18:12336994-12337295	259	32320	TRUE	0.007123987326892275	-0.4907777539620648	TRUE	719	93	0.5025782055689241
ENSG00000177150	chr18:12336994-12337295	9	1864	TRUE	0.029740737314301546	-1.3732219429488106	TRUE	719	93	0.02103190724710147
ENSG00000176014	chr18:12336994-12337295	190	22759	TRUE	0.056	-0.3238712136225492	TRUE	719	93	0.3027490442409659
ENSG00000101654	chr18:12336994-12337295	29	3368	TRUE	0.152	-0.5547079601561471	FALSE	719	93	0.038740793983145304
ENSG00000128789	chr18:12336994-12337295	700	88726	TRUE	6.319705519946154e-11	-0.4753935520176915	TRUE	719	94	5.468525058074731
ENSG00000141385	chr18:12336994-12337295	446	56063	TRUE	6.28851423456957e-10	-0.6071608456321771	TRUE	719	94	1.1812556642395076
ENSG00000175354	chr18:12336994-12337295	545	67913	TRUE	7.407292450963717e-8	-0.5568973398658067	TRUE	719	94	1.8229840515849454
ENSG00000085415	chr18:12336994-12337295	259	32320	TRUE	0.001544798987958347	-0.5492374845100636	TRUE	719	94	0.5025782055689241
ENSG00000176014	chr18:12336994-12337295	190	22759	TRUE	0.007645608415732745	-0.402297860579365	TRUE	719	94	0.3027490442409659
ENSG00000177150	chr18:12336994-12337295	9	1864	TRUE	0.196	-0.7882594422276545	FALSE	719	94	0.02103190724710147
ENSG00000101654	chr18:12336994-12337295	29	3368	TRUE	0.748	-0.23277986526878447	FALSE	719	94	0.038740793983145304
ENSG00000128789	chr18:12336994-12337295	700	88726	TRUE	1.3885540566377416e-15	-0.5562133915443068	TRUE	719	95	5.468525058074731
ENSG00000175354	chr18:12336994-12337295	545	67913	TRUE	2.267694844907774e-12	-0.6617546536849159	TRUE	719	95	1.8229840515849454
ENSG00000085415	chr18:12336994-12337295	259	32320	TRUE	1.191387575198927e-6	-0.7157766711129943	TRUE	719	95	0.5025782055689241
ENSG00000176014	chr18:12336994-12337295	190	22759	TRUE	1.6936696309408084e-5	-0.5823328896665187	TRUE	719	95	0.3027490442409659
ENSG00000141385	chr18:12336994-12337295	446	56063	TRUE	2.893762073617658e-4	-0.4224443589963223	TRUE	719	95	1.1812556642395076
ENSG00000177150	chr18:12336994-12337295	9	1864	TRUE	0.044	-1.3732219429488106	TRUE	719	95	0.02103190724710147
ENSG00000101654	chr18:12336994-12337295	29	3368	TRUE	0.064	-0.7067110536011976	TRUE	719	95	0.038740793983145304
ENSG00000175354	chr18:12336994-12337295	545	67913	TRUE	1.896064956473892e-9	-0.5748564312041164	TRUE	719	96	1.8229840515849454
ENSG00000128789	chr18:12336994-12337295	700	88726	TRUE	1.7295149631999136e-8	-0.4228584936397115	TRUE	719	96	5.468525058074731
ENSG00000141385	chr18:12336994-12337295	446	56063	TRUE	1.4432964013157698e-6	-0.5107101100387735	TRUE	719	96	1.1812556642395076
ENSG00000176014	chr18:12336994-12337295	190	22759	TRUE	9.190538276609267e-5	-0.5732306825592661	TRUE	719	96	0.3027490442409659
ENSG00000101654	chr18:12336994-12337295	29	3368	TRUE	0.007160863124583333	-1.069281132985905	TRUE	719	96	0.038740793983145304
ENSG00000085415	chr18:12336994-12337295	259	32320	TRUE	0.016289835314934803	-0.43459491856894084	TRUE	719	96	0.5025782055689241
ENSG00000177150	chr18:12336994-12337295	9	1864	TRUE	0.264	-0.6362563487826041	FALSE	719	96	0.02103190724710147
ENSG00000128789	chr18:12336994-12337295	700	88726	TRUE	1.1951713942195952e-8	-0.42880587340575316	TRUE	719	97	5.468525058074731
ENSG00000141385	chr18:12336994-12337295	446	56063	TRUE	2.474766455099668e-7	-0.5313367606287314	TRUE	719	97	1.1812556642395076
ENSG00000176014	chr18:12336994-12337295	190	22759	TRUE	2.8821101478494933e-5	-0.5641855429562592	TRUE	719	97	0.3027490442409659
ENSG00000085415	chr18:12336994-12337295	259	32320	TRUE	5.136506560165927e-4	-0.5438239883236993	TRUE	719	97	0.5025782055689241
ENSG00000175354	chr18:12336994-12337295	545	67913	TRUE	0.0015964106447251686	-0.3741395233759278	TRUE	719	97	1.8229840515849454
ENSG00000177150	chr18:12336994-12337295	9	1864	TRUE	0.052	-1.150829521612362	TRUE	719	97	0.02103190724710147
ENSG00000101654	chr18:12336994-12337295	29	3368	TRUE	0.92	-0.1217485528800406	FALSE	719	97	0.038740793983145304
ENSG00000141385	chr18:12336994-12337295	446	56063	TRUE	1.0666599485389928e-11	-0.6820580280979512	TRUE	719	98	1.1812556642395076
ENSG00000175354	chr18:12336994-12337295	545	67913	TRUE	2.1677175761251216e-11	-0.6238698936800604	TRUE	719	98	1.8229840515849454
ENSG00000085415	chr18:12336994-12337295	259	32320	TRUE	8.404206703584096e-7	-0.7280029734462534	TRUE	719	98	0.5025782055689241
ENSG00000176014	chr18:12336994-12337295	190	22759	TRUE	4.848831033393147e-6	-0.6287257951509702	TRUE	719	98	0.3027490442409659
ENSG00000128789	chr18:12336994-12337295	700	88726	TRUE	0.0040074573259714094	-0.2953505875252218	TRUE	719	98	5.468525058074731
ENSG00000101654	chr18:12336994-12337295	29	3368	TRUE	0.828	-0.1761963369024171	FALSE	719	98	0.038740793983145304
ENSG00000177150	chr18:12336994-12337295	9	1864	TRUE	0.96	-0.15082952161236207	FALSE	719	98	0.02103190724710147
ENSG00000128789	chr18:12336994-12337295	700	88726	TRUE	1.7976443744437187e-16	-0.5617323151411269	TRUE	719	99	5.468525058074731
ENSG00000175354	chr18:12336994-12337295	545	67913	TRUE	1.0293335104106513e-13	-0.6794566554183747	TRUE	719	99	1.8229840515849454
ENSG00000141385	chr18:12336994-12337295	446	56063	TRUE	2.44427821274629e-7	-0.5382783700475782	TRUE	719	99	1.1812556642395076
ENSG00000176014	chr18:12336994-12337295	190	22759	TRUE	3.1370459409283693e-7	-0.7161886364013093	TRUE	719	99	0.3027490442409659
ENSG00000085415	chr18:12336994-12337295	259	32320	TRUE	0.006923319053794279	-0.4700935997903273	TRUE	719	99	0.5025782055689241
ENSG00000177150	chr18:12336994-12337295	9	1864	TRUE	0.524	0.04181555633003331	FALSE	719	99	0.02103190724710147
ENSG00000101654	chr18:12336994-12337295	29	3368	TRUE	0.872	-0.018655059915937855	FALSE	719	99	0.038740793983145304
ENSG00000141385	chr18:12336994-12337295	446	56063	TRUE	1.9953288393496547e-9	-0.5878279594669954	TRUE	719	100	1.1812556642395076
ENSG00000128789	chr18:12336994-12337295	700	88726	TRUE	1.0124917729326479e-7	-0.4047111469294524	TRUE	719	100	5.468525058074731
ENSG00000175354	chr18:12336994-12337295	545	67913	TRUE	3.240718714483601e-7	-0.5158422716030362	TRUE	719	100	1.8229840515849454
ENSG00000176014	chr18:12336994-12337295	190	22759	TRUE	9.937996972976398e-4	-0.45984888314152395	TRUE	719	100	0.3027490442409659
ENSG00000085415	chr18:12336994-12337295	259	32320	TRUE	0.0027508009373845427	-0.5223708786573815	TRUE	719	100	0.5025782055689241
ENSG00000177150	chr18:12336994-12337295	9	1864	TRUE	0.276	-0.7882594422276545	FALSE	719	100	0.02103190724710147
ENSG00000101654	chr18:12336994-12337295	29	3368	TRUE	0.68	-0.23277986526878447	FALSE	719	100	0.038740793983145304
ENSG00000068912	chr2:54342898-54343199	310	38547	TRUE	3.4623841807551736e-5	-0.4258875428233757	TRUE	667	1	0.6020396470723044
ENSG00000115310	chr2:54342898-54343199	461	58874	TRUE	6.285830959958296e-4	-0.42064464608804936	TRUE	667	1	1.2808108586726668
ENSG00000115310	chr2:54342898-54343199	461	58874	TRUE	6.905221692161999e-7	-0.5160817514253432	TRUE	667	2	1.2808108586726668
ENSG00000068912	chr2:54342898-54343199	310	38547	TRUE	0.0012097844279857078	-0.36392178951698306	TRUE	667	2	0.6020396470723044
ENSG00000115310	chr2:54342898-54343199	461	58874	TRUE	4.6936190625416303e-7	-0.5359508571614463	TRUE	667	3	1.2808108586726668
ENSG00000068912	chr2:54342898-54343199	310	38547	TRUE	4.659251583171743e-5	-0.43041720130388983	TRUE	667	3	0.6020396470723044
ENSG00000115310	chr2:54342898-54343199	461	58874	TRUE	2.895740282656456e-7	-0.5471086470459677	TRUE	667	4	1.2808108586726668
ENSG00000068912	chr2:54342898-54343199	310	38547	TRUE	2.3226406068816915e-5	-0.4486794076966183	TRUE	667	4	0.6020396470723044
ENSG00000068912	chr2:54342898-54343199	310	38547	TRUE	1.0606658916282891e-7	-0.5633910665733108	TRUE	667	5	0.6020396470723044
ENSG00000115310	chr2:54342898-54343199	461	58874	TRUE	4.651455200089692e-7	-0.5204735205425012	TRUE	667	5	1.2808108586726668
ENSG00000115310	chr2:54342898-54343199	461	58874	TRUE	4.57351383365817e-9	-0.6042299259463201	TRUE	667	6	1.2808108586726668
ENSG00000068912	chr2:54342898-54343199	310	38547	TRUE	4.166983011418164e-5	-0.43041720130388983	TRUE	667	6	0.6020396470723044
ENSG00000115310	chr2:54342898-54343199	461	58874	TRUE	1.7766833389430692e-4	-0.44548362477232617	TRUE	667	7	1.2808108586726668
ENSG00000068912	chr2:54342898-54343199	310	38547	TRUE	0.0028042316256950903	-0.3254476417023474	TRUE	667	7	0.6020396470723044
ENSG00000115310	chr2:54342898-54343199	461	58874	TRUE	6.799090740092036e-14	-0.7156341964036799	TRUE	667	8	1.2808108586726668
ENSG00000068912	chr2:54342898-54343199	310	38547	TRUE	1.1717387044037856e-4	-0.4034501537036206	TRUE	667	8	0.6020396470723044
ENSG00000115310	chr2:54342898-54343199	461	58874	TRUE	3.111089588799139e-7	-0.5315117919949492	TRUE	667	9	1.2808108586726668
ENSG00000068912	chr2:54342898-54343199	310	38547	TRUE	0.01362033528427322	-0.2797757833170649	TRUE	667	9	0.6020396470723044
ENSG00000115310	chr2:54342898-54343199	461	58874	TRUE	1.2561490544215573e-4	-0.43508202931185647	TRUE	667	10	1.2808108586726668
ENSG00000068912	chr2:54342898-54343199	310	38547	TRUE	0.268	-0.1508431193201647	FALSE	667	10	0.6020396470723044
ENSG00000068912	chr2:54342898-54343199	310	38547	TRUE	4.866864157171131e-6	-0.4953726431446597	TRUE	667	11	0.6020396470723044
ENSG00000115310	chr2:54342898-54343199	461	58874	TRUE	5.570393736312803e-6	-0.49648257397599976	TRUE	667	11	1.2808108586726668
ENSG00000115310	chr2:54342898-54343199	461	58874	TRUE	6.433827303500578e-7	-0.5359508571614463	TRUE	667	12	1.2808108586726668
ENSG00000068912	chr2:54342898-54343199	310	38547	TRUE	4.659105346639311e-5	-0.43041720130388983	TRUE	667	12	0.6020396470723044
ENSG00000068912	chr2:54342898-54343199	310	38547	TRUE	1.6910150216422498e-6	-0.5001261731152942	TRUE	667	13	0.6020396470723044
ENSG00000115310	chr2:54342898-54343199	461	58874	TRUE	2.66393454767303e-5	-0.45176077045848667	TRUE	667	13	1.2808108586726668
ENSG00000115310	chr2:54342898-54343199	461	58874	TRUE	7.045792544881242e-11	-0.6253600927103361	TRUE	667	14	1.2808108586726668
ENSG00000068912	chr2:54342898-54343199	310	38547	TRUE	5.580449972713208e-6	-0.49063472413799647	TRUE	667	14	0.6020396470723044
ENSG00000068912	chr2:54342898-54343199	310	38547	TRUE	5.195097407754748e-8	-0.5986419137563628	TRUE	667	15	0.6020396470723044
ENSG00000115310	chr2:54342898-54343199	461	58874	TRUE	6.661907419730755e-5	-0.4330106792921617	TRUE	667	15	1.2808108586726668
ENSG00000115310	chr2:54342898-54343199	461	58874	TRUE	1.3431604444960957e-4	-0.44548362477232617	TRUE	667	16	1.2808108586726668
ENSG00000068912	chr2:54342898-54343199	310	38547	TRUE	0.006243106872422924	-0.2962169303785931	TRUE	667	16	0.6020396470723044
ENSG00000115310	chr2:54342898-54343199	461	58874	TRUE	7.302222016854654e-8	-0.5606129113957153	TRUE	667	17	1.2808108586726668
ENSG00000068912	chr2:54342898-54343199	310	38547	TRUE	0.0012836538622363995	-0.36826072524132036	TRUE	667	17	0.6020396470723044
ENSG00000115310	chr2:54342898-54343199	461	58874	TRUE	1.311641212999948e-7	-0.5204735205425012	TRUE	667	18	1.2808108586726668
ENSG00000068912	chr2:54342898-54343199	310	38547	TRUE	6.51788293264538e-5	-0.40790980189432036	TRUE	667	18	0.6020396470723044
ENSG00000068912	chr2:54342898-54343199	310	38547	TRUE	2.491404821209622e-6	-0.4859123138955934	TRUE	667	19	0.6020396470723044
ENSG00000115310	chr2:54342898-54343199	461	58874	TRUE	0.0024726019537247915	-0.3544635691035719	TRUE	667	19	1.2808108586726668
ENSG00000068912	chr2:54342898-54343199	310	38547	TRUE	7.31826578938017e-5	-0.434961126448838	TRUE	667	20	0.6020396470723044
ENSG00000115310	chr2:54342898-54343199	461	58874	TRUE	1.0749667807849299e-4	-0.44757297349505326	TRUE	667	20	1.2808108586726668
ENSG00000115310	chr2:54342898-54343199	461	58874	TRUE	0.0021978042029358463	-0.376188340258288	TRUE	667	21	1.2808108586726668
ENSG00000068912	chr2:54342898-54343199	310	38547	TRUE	0.011620092965408578	-0.28797293628368437	TRUE	667	21	0.6020396470723044
ENSG00000115310	chr2:54342898-54343199	461	58874	TRUE	4.819930480195224e-4	-0.4104199750775873	TRUE	667	22	1.2808108586726668
ENSG00000068912	chr2:54342898-54343199	310	38547	TRUE	0.005407616700685049	-0.32123539041543303	TRUE	667	22	0.6020396470723044
ENSG00000068912	chr2:54342898-54343199	310	38547	TRUE	9.55910145443705e-9	-0.6243590838647377	TRUE	667	23	0.6020396470723044
ENSG00000115310	chr2:54342898-54343199	461	58874	TRUE	5.208966755816218e-4	-0.41654607787442877	TRUE	667	23	1.2808108586726668
ENSG00000115310	chr2:54342898-54343199	461	58874	TRUE	3.3216070640025054e-7	-0.5381755222759601	TRUE	667	24	1.2808108586726668
ENSG00000068912	chr2:54342898-54343199	310	38547	TRUE	0.0018200110889057507	-0.3466953754063865	TRUE	667	24	0.6020396470723044
ENSG00000068912	chr2:54342898-54343199	310	38547	TRUE	1.3881231799989235e-6	-0.5048954172631661	TRUE	667	25	0.6020396470723044
ENSG00000115310	chr2:54342898-54343199	461	58874	TRUE	3.185751395542308e-6	-0.49432123268653255	TRUE	667	25	1.2808108586726668
ENSG00000115310	chr2:54342898-54343199	461	58874	TRUE	2.1549801826066603e-10	-0.6588570046984231	TRUE	667	26	1.2808108586726668
ENSG00000068912	chr2:54342898-54343199	310	38547	TRUE	0.04	-0.25144706025857044	TRUE	667	26	0.6020396470723044
ENSG00000115310	chr2:54342898-54343199	461	58874	TRUE	4.891576503547414e-10	-0.6277271072542524	TRUE	667	27	1.2808108586726668
ENSG00000068912	chr2:54342898-54343199	310	38547	TRUE	6.978725385286492e-7	-0.5001261731152942	TRUE	667	27	0.6020396470723044
ENSG00000115310	chr2:54342898-54343199	461	58874	TRUE	3.5810364646272214e-8	-0.5696864950211775	TRUE	667	28	1.2808108586726668
ENSG00000068912	chr2:54342898-54343199	310	38547	TRUE	3.6906504083238925e-6	-0.4953726431446597	TRUE	667	28	0.6020396470723044
ENSG00000115310	chr2:54342898-54343199	461	58874	TRUE	2.1818038894834066e-4	-0.4309422989509326	TRUE	667	29	1.2808108586726668
ENSG00000068912	chr2:54342898-54343199	310	38547	TRUE	0.015230523513292876	-0.28797293628368437	TRUE	667	29	0.6020396470723044
ENSG00000115310	chr2:54342898-54343199	461	58874	TRUE	2.8940290869568317e-5	-0.46863458902288296	TRUE	667	30	1.2808108586726668
ENSG00000068912	chr2:54342898-54343199	310	38547	TRUE	0.003059910157026339	-0.3254476417023474	TRUE	667	30	0.6020396470723044
ENSG00000115310	chr2:54342898-54343199	461	58874	TRUE	3.661000355378863e-5	-0.45176077045848667	TRUE	667	31	1.2808108586726668
ENSG00000068912	chr2:54342898-54343199	310	38547	TRUE	0.01079542081438295	-0.28797293628368437	TRUE	667	31	0.6020396470723044
ENSG00000115310	chr2:54342898-54343199	461	58874	TRUE	0.002688974172122355	-0.34859497101443393	TRUE	667	32	1.2808108586726668
ENSG00000068912	chr2:54342898-54343199	310	38547	TRUE	0.296	-0.15833765586708914	FALSE	667	32	0.6020396470723044
ENSG00000115310	chr2:54342898-54343199	461	58874	TRUE	0.002468868813228473	-0.3682505208336475	TRUE	667	33	1.2808108586726668
ENSG00000068912	chr2:54342898-54343199	310	38547	TRUE	0.04	-0.24744512970107424	TRUE	667	33	0.6020396470723044
ENSG00000115310	chr2:54342898-54343199	461	58874	TRUE	1.439268674980475e-8	-0.5995760669401033	TRUE	667	34	1.2808108586726668
ENSG00000068912	chr2:54342898-54343199	310	38547	TRUE	0.006401551011544444	-0.29208904475591646	TRUE	667	34	0.6020396470723044
ENSG00000115310	chr2:54342898-54343199	461	58874	TRUE	3.179591465688131e-9	-0.5949371721365828	TRUE	667	35	1.2808108586726668
ENSG00000068912	chr2:54342898-54343199	310	38547	TRUE	0.124	-0.20414134548021368	FALSE	667	35	0.6020396470723044
ENSG00000115310	chr2:54342898-54343199	461	58874	TRUE	4.752325184725187e-6	-0.4986471580893226	TRUE	667	36	1.2808108586726668
ENSG00000068912	chr2:54342898-54343199	310	38547	TRUE	4.2504807079147286e-5	-0.4486794076966183	TRUE	667	36	0.6020396470723044
ENSG00000115310	chr2:54342898-54343199	461	58874	TRUE	5.214804998688238e-5	-0.4433972975238601	TRUE	667	37	1.2808108586726668
ENSG00000068912	chr2:54342898-54343199	310	38547	TRUE	7.573503785437662e-4	-0.3769779423424293	TRUE	667	37	0.6020396470723044
ENSG00000115310	chr2:54342898-54343199	461	58874	TRUE	3.3580596816604885e-5	-0.45176077045848667	TRUE	667	38	1.2808108586726668
ENSG00000068912	chr2:54342898-54343199	310	38547	TRUE	3.8877880074132155e-5	-0.434961126448838	TRUE	667	38	0.6020396470723044
ENSG00000068912	chr2:54342898-54343199	310	38547	TRUE	8.520955151004005e-6	-0.45789793772599685	TRUE	667	39	0.6020396470723044
ENSG00000115310	chr2:54342898-54343199	461	58874	TRUE	0.0013038286395631073	-0.38617242883091	TRUE	667	39	1.2808108586726668
ENSG00000068912	chr2:54342898-54343199	310	38547	TRUE	1.4354200009847719e-8	-0.6037488041894516	TRUE	667	40	0.6020396470723044
ENSG00000115310	chr2:54342898-54343199	461	58874	TRUE	2.1518095323154636e-6	-0.5182759648382551	TRUE	667	40	1.2808108586726668
ENSG00000115310	chr2:54342898-54343199	461	58874	TRUE	1.0530980005346927e-4	-0.4268144133282561	TRUE	667	41	1.2808108586726668
ENSG00000068912	chr2:54342898-54343199	310	38547	TRUE	0.024	-0.2838685379509478	TRUE	667	41	0.6020396470723044
ENSG00000115310	chr2:54342898-54343199	461	58874	TRUE	7.344337385210252e-4	-0.38617242883091	TRUE	667	42	1.2808108586726668
ENSG00000068912	chr2:54342898-54343199	310	38547	TRUE	0.001024662386286554	-0.359595864114193	TRUE	667	42	0.6020396470723044
ENSG00000115310	chr2:54342898-54343199	461	58874	TRUE	3.45122902119943e-8	-0.5696864950211775	TRUE	667	43	1.2808108586726668
ENSG00000068912	chr2:54342898-54343199	310	38547	TRUE	1.5303683234366584e-6	-0.5001261731152942	TRUE	667	43	0.6020396470723044
ENSG00000068912	chr2:54342898-54343199	310	38547	TRUE	0.007208881824263436	-0.28797293628368437	TRUE	667	44	0.6020396470723044
ENSG00000115310	chr2:54342898-54343199	461	58874	TRUE	0.009238561646889618	-0.34469579285475105	TRUE	667	44	1.2808108586726668
ENSG00000068912	chr2:54342898-54343199	310	38547	TRUE	7.571251986187178e-6	-0.46717575131400757	TRUE	667	45	0.6020396470723044
ENSG00000115310	chr2:54342898-54343199	461	58874	TRUE	0.0010900469269168739	-0.3781796380773794	TRUE	667	45	1.2808108586726668
ENSG00000115310	chr2:54342898-54343199	461	58874	TRUE	1.7711482864789284e-6	-0.5204735205425012	TRUE	667	46	1.2808108586726668
ENSG00000068912	chr2:54342898-54343199	310	38547	TRUE	1.7256693512738555e-5	-0.4765136158933436	TRUE	667	46	0.6020396470723044
ENSG00000068912	chr2:54342898-54343199	310	38547	TRUE	1.5152655246102216e-4	-0.4213720617008829	TRUE	667	47	0.6020396470723044
ENSG00000115310	chr2:54342898-54343199	461	58874	TRUE	1.7281278311191e-4	-0.4145011518894044	TRUE	667	47	1.2808108586726668
ENSG00000115310	chr2:54342898-54343199	461	58874	TRUE	3.1949483856542264e-9	-0.5834047762689578	TRUE	667	48	1.2808108586726668
ENSG00000068912	chr2:54342898-54343199	310	38547	TRUE	0.0015324565501020834	-0.34242072030606074	TRUE	667	48	0.6020396470723044
ENSG00000115310	chr2:54342898-54343199	461	58874	TRUE	8.010618620717721e-6	-0.49000823981545005	TRUE	667	49	1.2808108586726668
ENSG00000068912	chr2:54342898-54343199	310	38547	TRUE	0.088	-0.20026833633300734	TRUE	667	49	0.6020396470723044
ENSG00000115310	chr2:54342898-54343199	461	58874	TRUE	1.854372157899234e-10	-0.6516133323717991	TRUE	667	50	1.2808108586726668
ENSG00000068912	chr2:54342898-54343199	310	38547	TRUE	0.005486212923398147	-0.3086719289515205	TRUE	667	50	0.6020396470723044
ENSG00000115310	chr2:54342898-54343199	461	58874	TRUE	1.4758478235891341e-7	-0.5337296172447679	TRUE	667	51	1.2808108586726668
ENSG00000068912	chr2:54342898-54343199	310	38547	TRUE	0.0011676570458962199	-0.35098273380948497	TRUE	667	51	0.6020396470723044
ENSG00000115310	chr2:54342898-54343199	461	58874	TRUE	6.16120931265225e-6	-0.48356283055026783	TRUE	667	52	1.2808108586726668
ENSG00000068912	chr2:54342898-54343199	310	38547	TRUE	0.003895756164381047	-0.32123539041543303	TRUE	667	52	0.6020396470723044
ENSG00000115310	chr2:54342898-54343199	461	58874	TRUE	2.2645779781681782e-6	-0.527086343614154	TRUE	667	53	1.2808108586726668
ENSG00000068912	chr2:54342898-54343199	310	38547	TRUE	0.0011761801637912303	-0.37261274978102743	TRUE	667	53	0.6020396470723044
ENSG00000115310	chr2:54342898-54343199	461	58874	TRUE	3.900101183950907e-6	-0.49000823981545005	TRUE	667	54	1.2808108586726668
ENSG00000068912	chr2:54342898-54343199	310	38547	TRUE	0.0023715384115125526	-0.3381586934519012	TRUE	667	54	0.6020396470723044
ENSG00000068912	chr2:54342898-54343199	310	38547	TRUE	1.5755221797243094e-4	-0.4034501537036206	TRUE	667	55	0.6020396470723044
ENSG00000115310	chr2:54342898-54343199	461	58874	TRUE	5.725404106805784e-4	-0.40026725871669677	TRUE	667	55	1.2808108586726668
ENSG00000115310	chr2:54342898-54343199	461	58874	TRUE	5.563128019007707e-17	-0.8146304438720754	TRUE	667	56	1.2808108586726668
ENSG00000068912	chr2:54342898-54343199	310	38547	TRUE	0.044	-0.2276003183042027	TRUE	667	56	0.6020396470723044
ENSG00000115310	chr2:54342898-54343199	461	58874	TRUE	3.343283812003926e-9	-0.6088988460111668	TRUE	667	57	1.2808108586726668
ENSG00000068912	chr2:54342898-54343199	310	38547	TRUE	1.5289813640313905e-5	-0.4718371286838705	TRUE	667	57	0.6020396470723044
ENSG00000068912	chr2:54342898-54343199	310	38547	TRUE	1.9707194311935784e-5	-0.45789793772599685	TRUE	667	58	0.6020396470723044
ENSG00000115310	chr2:54342898-54343199	461	58874	TRUE	1.9668412772376812e-4	-0.42475489114996173	TRUE	667	58	1.2808108586726668
ENSG00000115310	chr2:54342898-54343199	461	58874	TRUE	2.42382384647162e-7	-0.5560974302732224	TRUE	667	59	1.2808108586726668
ENSG00000068912	chr2:54342898-54343199	310	38547	TRUE	6.462160138858385e-6	-0.4718371286838705	TRUE	667	59	0.6020396470723044
ENSG00000068912	chr2:54342898-54343199	310	38547	TRUE	5.26686911603241e-4	-0.36392178951698306	TRUE	667	60	0.6020396470723044
ENSG00000115310	chr2:54342898-54343199	461	58874	TRUE	0.0051907529451304946	-0.3603561370267728	TRUE	667	60	1.2808108586726668
ENSG00000115310	chr2:54342898-54343199	461	58874	TRUE	0.003385569434999366	-0.3544635691035719	TRUE	667	61	1.2808108586726668
ENSG00000068912	chr2:54342898-54343199	310	38547	TRUE	0.032	-0.2554601227651938	TRUE	667	61	0.6020396470723044
ENSG00000115310	chr2:54342898-54343199	461	58874	TRUE	4.513672064938206e-5	-0.45596075898777255	TRUE	667	62	1.2808108586726668
ENSG00000068912	chr2:54342898-54343199	310	38547	TRUE	2.0331390739425706e-4	-0.3945720023571675	TRUE	667	62	0.6020396470723044
ENSG00000115310	chr2:54342898-54343199	461	58874	TRUE	3.704239493783072e-8	-0.5651425698762295	TRUE	667	63	1.2808108586726668
ENSG00000068912	chr2:54342898-54343199	310	38547	TRUE	0.015165219889671983	-0.2756946065052477	TRUE	667	63	0.6020396470723044
ENSG00000115310	chr2:54342898-54343199	461	58874	TRUE	5.375308015492623e-6	-0.5073381183533671	TRUE	667	64	1.2808108586726668
ENSG00000068912	chr2:54342898-54343199	310	38547	TRUE	6.951065132186698e-4	-0.3552828712431104	TRUE	667	64	0.6020396470723044
ENSG00000115310	chr2:54342898-54343199	461	58874	TRUE	1.086088059134389e-5	-0.49000823981545005	TRUE	667	65	1.2808108586726668
ENSG00000068912	chr2:54342898-54343199	310	38547	TRUE	0.0022346243203894	-0.34242072030606074	TRUE	667	65	0.6020396470723044
ENSG00000068912	chr2:54342898-54343199	310	38547	TRUE	1.3628292647134901e-4	-0.4258875428233757	TRUE	667	66	0.6020396470723044
ENSG00000115310	chr2:54342898-54343199	461	58874	TRUE	0.0014120518699385666	-0.39420974789632823	TRUE	667	66	1.2808108586726668
ENSG00000115310	chr2:54342898-54343199	461	58874	TRUE	6.292259309183257e-7	-0.5182759648382551	TRUE	667	67	1.2808108586726668
ENSG00000068912	chr2:54342898-54343199	310	38547	TRUE	0.036	-0.2716249421962008	TRUE	667	67	0.6020396470723044
ENSG00000068912	chr2:54342898-54343199	310	38547	TRUE	4.60798374879055e-6	-0.4859123138955934	TRUE	667	68	0.6020396470723044
ENSG00000115310	chr2:54342898-54343199	461	58874	TRUE	5.633370077982244e-4	-0.3921962164586799	TRUE	667	68	1.2808108586726668
ENSG00000068912	chr2:54342898-54343199	310	38547	TRUE	9.95398144490716e-6	-0.4486794076966183	TRUE	667	69	0.6020396470723044
ENSG00000115310	chr2:54342898-54343199	461	58874	TRUE	4.590400676328854e-5	-0.43508202931185647	TRUE	667	69	1.2808108586726668
ENSG00000115310	chr2:54342898-54343199	461	58874	TRUE	0.001950775647988328	-0.3662728713932051	TRUE	667	70	1.2808108586726668
ENSG00000068912	chr2:54342898-54343199	310	38547	TRUE	0.002937386418847464	-0.3466953754063865	TRUE	667	70	0.6020396470723044
ENSG00000115310	chr2:54342898-54343199	461	58874	TRUE	0.002310026158386616	-0.37221397124099054	TRUE	667	71	1.2808108586726668
ENSG00000068912	chr2:54342898-54343199	310	38547	TRUE	0.064	-0.2434542695050399	TRUE	667	71	0.6020396470723044
ENSG00000115310	chr2:54342898-54343199	461	58874	TRUE	1.020145384934357e-7	-0.5493505978326375	TRUE	667	72	1.2808108586726668
ENSG00000068912	chr2:54342898-54343199	310	38547	TRUE	0.01387763757608547	-0.2756946065052477	TRUE	667	72	0.6020396470723044
ENSG00000115310	chr2:54342898-54343199	461	58874	TRUE	5.010240709126494e-7	-0.5493505978326375	TRUE	667	73	1.2808108586726668
ENSG00000068912	chr2:54342898-54343199	310	38547	TRUE	8.891770942118325e-6	-0.4486794076966183	TRUE	667	73	0.6020396470723044
ENSG00000115310	chr2:54342898-54343199	461	58874	TRUE	2.069252389291509e-5	-0.4750135015855879	TRUE	667	74	1.2808108586726668
ENSG00000068912	chr2:54342898-54343199	310	38547	TRUE	0.272	-0.1696529690949231	FALSE	667	74	0.6020396470723044
ENSG00000115310	chr2:54342898-54343199	461	58874	TRUE	5.805655678832412e-10	-0.6135829249339826	TRUE	667	75	1.2808108586726668
ENSG00000068912	chr2:54342898-54343199	310	38547	TRUE	4.518340786704468e-5	-0.4213720617008829	TRUE	667	75	0.6020396470723044
ENSG00000115310	chr2:54342898-54343199	461	58874	TRUE	1.3579303021568232e-6	-0.5008149947720327	TRUE	667	76	1.2808108586726668
ENSG00000068912	chr2:54342898-54343199	310	38547	TRUE	4.782581929215924e-4	-0.36826072524132036	TRUE	667	76	0.6020396470723044
ENSG00000115310	chr2:54342898-54343199	461	58874	TRUE	2.2633017825912497e-5	-0.4707577609158529	TRUE	667	77	1.2808108586726668
ENSG00000068912	chr2:54342898-54343199	310	38547	TRUE	2.6315168255131027e-5	-0.4440921382009664	TRUE	667	77	0.6020396470723044
ENSG00000115310	chr2:54342898-54343199	461	58874	TRUE	5.090160003150236e-7	-0.527086343614154	TRUE	667	78	1.2808108586726668
ENSG00000068912	chr2:54342898-54343199	310	38547	TRUE	2.793504739767301e-5	-0.45789793772599685	TRUE	667	78	0.6020396470723044
ENSG00000068912	chr2:54342898-54343199	310	38547	TRUE	0.007847005443094565	-0.2962169303785931	TRUE	667	79	0.6020396470723044
ENSG00000115310	chr2:54342898-54343199	461	58874	TRUE	0.028	-0.3100694497451184	TRUE	667	79	1.2808108586726668
ENSG00000068912	chr2:54342898-54343199	310	38547	TRUE	1.0329702067468074e-5	-0.4765136158933436	TRUE	667	80	0.6020396470723044
ENSG00000115310	chr2:54342898-54343199	461	58874	TRUE	9.917361772770854e-5	-0.4392336725823238	TRUE	667	80	1.2808108586726668
ENSG00000068912	chr2:54342898-54343199	310	38547	TRUE	8.95933706487555e-11	-0.7153941600183606	TRUE	667	81	0.6020396470723044
ENSG00000115310	chr2:54342898-54343199	461	58874	TRUE	2.163236040835035e-9	-0.6065624972562101	TRUE	667	81	1.2808108586726668
ENSG00000115310	chr2:54342898-54343199	461	58874	TRUE	0.0067121715091282425	-0.3544635691035719	TRUE	667	82	1.2808108586726668
ENSG00000068912	chr2:54342898-54343199	310	38547	TRUE	0.068	-0.23550551638954909	TRUE	667	82	0.6020396470723044
ENSG00000115310	chr2:54342898-54343199	461	58874	TRUE	7.683859234650092e-7	-0.5008149947720327	TRUE	667	83	1.2808108586726668
ENSG00000068912	chr2:54342898-54343199	310	38547	TRUE	0.056	-0.23550551638954909	TRUE	667	83	0.6020396470723044
ENSG00000115310	chr2:54342898-54343199	461	58874	TRUE	1.2765498602478617e-6	-0.5204735205425012	TRUE	667	84	1.2808108586726668
ENSG00000068912	chr2:54342898-54343199	310	38547	TRUE	1.7996365072580614e-6	-0.5001261731152942	TRUE	667	84	0.6020396470723044
ENSG00000115310	chr2:54342898-54343199	461	58874	TRUE	0.01741966090023571	-0.32343667348294747	TRUE	667	85	1.2808108586726668
ENSG00000068912	chr2:54342898-54343199	310	38547	TRUE	0.024	-0.24744512970107424	TRUE	667	85	0.6020396470723044
ENSG00000068912	chr2:54342898-54343199	310	38547	TRUE	8.791305302629133e-9	-0.6243590838647377	TRUE	667	86	0.6020396470723044
ENSG00000115310	chr2:54342898-54343199	461	58874	TRUE	3.323861840228105e-4	-0.42475489114996173	TRUE	667	86	1.2808108586726668
ENSG00000115310	chr2:54342898-54343199	461	58874	TRUE	1.961808583750865e-5	-0.4643975961364123	TRUE	667	87	1.2808108586726668
ENSG00000068912	chr2:54342898-54343199	310	38547	TRUE	1.5617994732646835e-4	-0.4123832784736281	TRUE	667	87	0.6020396470723044
ENSG00000115310	chr2:54342898-54343199	461	58874	TRUE	0.00253287227873622	-0.38417007591976227	TRUE	667	88	1.2808108586726668
ENSG00000068912	chr2:54342898-54343199	310	38547	TRUE	0.02406877361972705	-0.2756946065052477	TRUE	667	88	0.6020396470723044
ENSG00000068912	chr2:54342898-54343199	310	38547	TRUE	0.0059664238975626616	-0.3045083040099843	TRUE	667	89	0.6020396470723044
ENSG00000115310	chr2:54342898-54343199	461	58874	TRUE	0.384	-0.22518055215860544	FALSE	667	89	1.2808108586726668
ENSG00000115310	chr2:54342898-54343199	461	58874	TRUE	4.437748101759507e-6	-0.49432123268653255	TRUE	667	90	1.2808108586726668
ENSG00000068912	chr2:54342898-54343199	310	38547	TRUE	2.517119347024994e-4	-0.39900424867242834	TRUE	667	90	0.6020396470723044
ENSG00000115310	chr2:54342898-54343199	461	58874	TRUE	4.238552700393735e-9	-0.6088988460111668	TRUE	667	91	1.2808108586726668
ENSG00000068912	chr2:54342898-54343199	310	38547	TRUE	0.028	-0.2716249421962008	TRUE	667	91	0.6020396470723044
ENSG00000115310	chr2:54342898-54343199	461	58874	TRUE	9.157775960149631e-10	-0.5995760669401033	TRUE	667	92	1.2808108586726668
ENSG00000068912	chr2:54342898-54343199	310	38547	TRUE	1.0460020689875287e-6	-0.5338467909592954	TRUE	667	92	0.6020396470723044
ENSG00000115310	chr2:54342898-54343199	461	58874	TRUE	2.07290924058884e-5	-0.4792818332223914	TRUE	667	93	1.2808108586726668
ENSG00000068912	chr2:54342898-54343199	310	38547	TRUE	0.0015799967789462827	-0.3466953754063865	TRUE	667	93	0.6020396470723044
ENSG00000115310	chr2:54342898-54343199	461	58874	TRUE	2.700010169914625e-9	-0.6042299259463201	TRUE	667	94	1.2808108586726668
ENSG00000068912	chr2:54342898-54343199	310	38547	TRUE	0.28	-0.15833765586708914	FALSE	667	94	0.6020396470723044
ENSG00000115310	chr2:54342898-54343199	461	58874	TRUE	8.346637740214375e-7	-0.511703310914769	TRUE	667	95	1.2808108586726668
ENSG00000068912	chr2:54342898-54343199	310	38547	TRUE	6.177469560570987e-6	-0.4718371286838705	TRUE	667	95	0.6020396470723044
ENSG00000068912	chr2:54342898-54343199	310	38547	TRUE	1.55216165744973e-8	-0.5733751551459327	TRUE	667	96	0.6020396470723044
ENSG00000115310	chr2:54342898-54343199	461	58874	TRUE	2.4075071982533874e-4	-0.4309422989509326	TRUE	667	96	1.2808108586726668
ENSG00000068912	chr2:54342898-54343199	310	38547	TRUE	1.4507238521317255e-7	-0.5436278117518809	TRUE	667	97	0.6020396470723044
ENSG00000115310	chr2:54342898-54343199	461	58874	TRUE	0.044	-0.3100694497451184	TRUE	667	97	1.2808108586726668
ENSG00000068912	chr2:54342898-54343199	310	38547	TRUE	2.3084591344606133e-5	-0.46252938645764274	TRUE	667	98	0.6020396470723044
ENSG00000115310	chr2:54342898-54343199	461	58874	TRUE	1.540587505242455e-4	-0.4226983048560239	TRUE	667	98	1.2808108586726668
ENSG00000068912	chr2:54342898-54343199	310	38547	TRUE	1.4077161370683832e-6	-0.5192984823901401	TRUE	667	99	0.6020396470723044
ENSG00000115310	chr2:54342898-54343199	461	58874	TRUE	1.9910307543898704e-5	-0.46863458902288296	TRUE	667	99	1.2808108586726668
ENSG00000115310	chr2:54342898-54343199	461	58874	TRUE	2.205608982388703e-4	-0.41245912035118587	TRUE	667	100	1.2808108586726668
ENSG00000068912	chr2:54342898-54343199	310	38547	TRUE	0.044	-0.23947441859249463	TRUE	667	100	0.6020396470723044
ENSG00000184900	chr21:46557033-46557334	626	91449	TRUE	2.913578079744557e-20	-0.6501013588143247	TRUE	629	1	9.521557965353084
ENSG00000160209	chr21:46557033-46557334	590	86089	TRUE	1.0749201281552931e-11	-0.5917524820563635	TRUE	629	1	4.281383793243539
ENSG00000160214	chr21:46557033-46557334	604	87155	TRUE	1.3622005506736884e-9	-0.7067646609716247	TRUE	629	1	8.379824369511548
ENSG00000160213	chr21:46557033-46557334	629	92633	TRUE	5.031429957260577e-8	-0.4099551542177675	TRUE	629	1	35.09843015927581
ENSG00000184787	chr21:46557033-46557334	556	79508	TRUE	4.1677871563872886e-7	-0.5449093022111915	TRUE	629	1	3.2957592424763273
ENSG00000183255	chr21:46557033-46557334	569	83067	TRUE	2.1289092221258047e-5	-0.36702713941476284	TRUE	629	1	3.3954290238236613
ENSG00000160208	chr21:46557033-46557334	418	59525	TRUE	1.4267258239823027e-4	-0.4949258624285262	TRUE	629	1	1.3658760169588633
ENSG00000160221	chr21:46557033-46557334	149	21823	TRUE	0.304	-0.29865079525960514	FALSE	629	1	0.29623842411742035
ENSG00000160214	chr21:46557033-46557334	604	87155	TRUE	9.317341045450275e-15	-0.7898989810004577	TRUE	629	2	8.379824369511548
ENSG00000160213	chr21:46557033-46557334	629	92633	TRUE	1.0207324616239568e-12	-0.4747160027460442	TRUE	629	2	35.09843015927581
ENSG00000184900	chr21:46557033-46557334	626	91449	TRUE	3.4609530133699604e-12	-0.4876560916571808	TRUE	629	2	9.521557965353084
ENSG00000160209	chr21:46557033-46557334	590	86089	TRUE	1.5734596282613647e-10	-0.5344485067132818	TRUE	629	2	4.281383793243539
ENSG00000183255	chr21:46557033-46557334	569	83067	TRUE	4.3999456664852316e-8	-0.434921339099009	TRUE	629	2	3.3954290238236613
ENSG00000160208	chr21:46557033-46557334	418	59525	TRUE	1.3478744026866087e-6	-0.566627327782715	TRUE	629	2	1.3658760169588633
ENSG00000184787	chr21:46557033-46557334	556	79508	TRUE	1.3952904262681896e-5	-0.4929815101673305	TRUE	629	2	3.2957592424763273
ENSG00000160221	chr21:46557033-46557334	149	21823	TRUE	2.0790466294316225e-5	-0.8107127489333137	TRUE	629	2	0.29623842411742035
ENSG00000160209	chr21:46557033-46557334	590	86089	TRUE	2.74227838420525e-8	-0.49116795710273564	TRUE	629	3	4.281383793243539
ENSG00000160213	chr21:46557033-46557334	629	92633	TRUE	3.3726951908803066e-7	-0.4014827933405334	TRUE	629	3	35.09843015927581
ENSG00000184900	chr21:46557033-46557334	626	91449	TRUE	6.224971460600318e-7	-0.39216796448296787	TRUE	629	3	9.521557965353084
ENSG00000183255	chr21:46557033-46557334	569	83067	TRUE	2.226518777698888e-6	-0.38515375759908554	TRUE	629	3	3.3954290238236613
ENSG00000160214	chr21:46557033-46557334	604	87155	TRUE	1.0323846975672773e-5	-0.5870254166975295	TRUE	629	3	8.379824369511548
ENSG00000160208	chr21:46557033-46557334	418	59525	TRUE	1.686320240655852e-5	-0.5236261746818344	TRUE	629	3	1.3658760169588633
ENSG00000184787	chr21:46557033-46557334	556	79508	TRUE	1.744527653443446e-4	-0.4712864390680116	TRUE	629	3	3.2957592424763273
ENSG00000160221	chr21:46557033-46557334	149	21823	TRUE	0.0014563224458145202	-0.6118086805192355	TRUE	629	3	0.29623842411742035
ENSG00000184900	chr21:46557033-46557334	626	91449	TRUE	9.600868234992197e-20	-0.6087786274162412	TRUE	629	4	9.521557965353084
ENSG00000160213	chr21:46557033-46557334	629	92633	TRUE	3.1856604108494106e-13	-0.5114848303826403	TRUE	629	4	35.09843015927581
ENSG00000184787	chr21:46557033-46557334	556	79508	TRUE	1.958677021206387e-8	-0.5831793191389087	TRUE	629	4	3.2957592424763273
ENSG00000160209	chr21:46557033-46557334	590	86089	TRUE	6.069803430182042e-7	-0.47103861627028043	TRUE	629	4	4.281383793243539
ENSG00000183255	chr21:46557033-46557334	569	83067	TRUE	1.8185867716397422e-6	-0.3884741158906968	TRUE	629	4	3.3954290238236613
ENSG00000160214	chr21:46557033-46557334	604	87155	TRUE	4.981499535506532e-6	-0.6059239714647973	TRUE	629	4	8.379824369511548
ENSG00000160208	chr21:46557033-46557334	418	59525	TRUE	0.001419191679351433	-0.4518571405366401	TRUE	629	4	1.3658760169588633
ENSG00000160221	chr21:46557033-46557334	149	21823	TRUE	0.0061562579401626405	-0.5687399586273494	TRUE	629	4	0.29623842411742035
ENSG00000160213	chr21:46557033-46557334	629	92633	TRUE	3.7778921388707617e-14	-0.4923465840097725	TRUE	629	5	35.09843015927581
ENSG00000183255	chr21:46557033-46557334	569	83067	TRUE	5.179815490412927e-14	-0.5575683110670959	TRUE	629	5	3.3954290238236613
ENSG00000184900	chr21:46557033-46557334	626	91449	TRUE	1.0728497885547633e-8	-0.42249104499072443	TRUE	629	5	9.521557965353084
ENSG00000160214	chr21:46557033-46557334	604	87155	TRUE	5.908360035178698e-8	-0.6320298628042629	TRUE	629	5	8.379824369511548
ENSG00000160209	chr21:46557033-46557334	590	86089	TRUE	4.2306003422817786e-7	-0.4430507517015647	TRUE	629	5	4.281383793243539
ENSG00000184787	chr21:46557033-46557334	556	79508	TRUE	1.3410047004924633e-6	-0.5289470074552034	TRUE	629	5	3.2957592424763273
ENSG00000160208	chr21:46557033-46557334	418	59525	TRUE	3.7447546828721714e-4	-0.45398031242961023	TRUE	629	5	1.3658760169588633
ENSG00000160221	chr21:46557033-46557334	149	21823	TRUE	0.08	-0.42738410938180804	TRUE	629	5	0.29623842411742035
ENSG00000160213	chr21:46557033-46557334	629	92633	TRUE	2.1244278563912983e-18	-0.5735212250635611	TRUE	629	6	35.09843015927581
ENSG00000184900	chr21:46557033-46557334	626	91449	TRUE	5.283216639575121e-14	-0.5181310499975278	TRUE	629	6	9.521557965353084
ENSG00000183255	chr21:46557033-46557334	569	83067	TRUE	7.477665484745519e-14	-0.5906482578084931	TRUE	629	6	3.3954290238236613
ENSG00000160214	chr21:46557033-46557334	604	87155	TRUE	1.1351869360830327e-13	-0.7722865851992546	TRUE	629	6	8.379824369511548
ENSG00000184787	chr21:46557033-46557334	556	79508	TRUE	4.543455265353547e-8	-0.5909566697306279	TRUE	629	6	3.2957592424763273
ENSG00000160208	chr21:46557033-46557334	418	59525	TRUE	6.377039266513377e-7	-0.5874524774600773	TRUE	629	6	1.3658760169588633
ENSG00000160209	chr21:46557033-46557334	590	86089	TRUE	3.458658215824313e-6	-0.4242444047913394	TRUE	629	6	4.281383793243539
ENSG00000160221	chr21:46557033-46557334	149	21823	TRUE	0.005659526917490609	-0.5687399586273494	TRUE	629	6	0.29623842411742035
ENSG00000184900	chr21:46557033-46557334	626	91449	TRUE	1.3120124815312914e-10	-0.46967540251456086	TRUE	629	7	9.521557965353084
ENSG00000160209	chr21:46557033-46557334	590	86089	TRUE	2.12589895892227e-8	-0.49256659515788126	TRUE	629	7	4.281383793243539
ENSG00000184787	chr21:46557033-46557334	556	79508	TRUE	1.1483699285588377e-6	-0.5336234946646765	TRUE	629	7	3.2957592424763273
ENSG00000160213	chr21:46557033-46557334	629	92633	TRUE	3.3471178787041194e-6	-0.37722196487175896	TRUE	629	7	35.09843015927581
ENSG00000183255	chr21:46557033-46557334	569	83067	TRUE	4.416886069594358e-6	-0.37853587883457784	TRUE	629	7	3.3954290238236613
ENSG00000160214	chr21:46557033-46557334	604	87155	TRUE	3.105967266777872e-4	-0.5306874325477171	TRUE	629	7	8.379824369511548
ENSG00000160221	chr21:46557033-46557334	149	21823	TRUE	0.009474764790024515	-0.5064556803730067	TRUE	629	7	0.29623842411742035
ENSG00000160208	chr21:46557033-46557334	418	59525	TRUE	0.036	-0.35543652275474746	TRUE	629	7	1.3658760169588633
ENSG00000184900	chr21:46557033-46557334	626	91449	TRUE	1.8112007586189068e-14	-0.5314849091229026	TRUE	629	8	9.521557965353084
ENSG00000184787	chr21:46557033-46557334	556	79508	TRUE	1.6608661225229397e-9	-0.5822100916648401	TRUE	629	8	3.2957592424763273
ENSG00000160213	chr21:46557033-46557334	629	92633	TRUE	3.145270325882499e-9	-0.42194917286488653	TRUE	629	8	35.09843015927581
ENSG00000183255	chr21:46557033-46557334	569	83067	TRUE	2.3168978051445015e-7	-0.4255114952152266	TRUE	629	8	3.3954290238236613
ENSG00000160214	chr21:46557033-46557334	604	87155	TRUE	1.6647636954570724e-6	-0.6297073052204563	TRUE	629	8	8.379824369511548
ENSG00000160208	chr21:46557033-46557334	418	59525	TRUE	7.478326466261792e-6	-0.5393199817869797	TRUE	629	8	1.3658760169588633
ENSG00000160209	chr21:46557033-46557334	590	86089	TRUE	7.480023550977821e-6	-0.4175868247216279	TRUE	629	8	4.281383793243539
ENSG00000160221	chr21:46557033-46557334	149	21823	TRUE	0.00401074519632863	-0.5687399586273494	TRUE	629	8	0.29623842411742035
ENSG00000184900	chr21:46557033-46557334	626	91449	TRUE	2.016826595059696e-15	-0.5519162904605648	TRUE	629	9	9.521557965353084
ENSG00000160213	chr21:46557033-46557334	629	92633	TRUE	5.7043398761441675e-12	-0.49192227441555847	TRUE	629	9	35.09843015927581
ENSG00000160214	chr21:46557033-46557334	604	87155	TRUE	5.755989630275868e-10	-0.6712999803168214	TRUE	629	9	8.379824369511548
ENSG00000183255	chr21:46557033-46557334	569	83067	TRUE	1.3684137339545037e-6	-0.38515375759908554	TRUE	629	9	3.3954290238236613
ENSG00000160209	chr21:46557033-46557334	590	86089	TRUE	2.154605590585796e-6	-0.4416992808384357	TRUE	629	9	4.281383793243539
ENSG00000184787	chr21:46557033-46557334	556	79508	TRUE	2.612204188720004e-6	-0.5103911884269594	TRUE	629	9	3.2957592424763273
ENSG00000160208	chr21:46557033-46557334	418	59525	TRUE	5.3276538520115324e-5	-0.5058969802495292	TRUE	629	9	1.3658760169588633
ENSG00000160221	chr21:46557033-46557334	149	21823	TRUE	0.052	-0.40827528643410327	TRUE	629	9	0.29623842411742035
ENSG00000160213	chr21:46557033-46557334	629	92633	TRUE	1.3000306524026378e-13	-0.5161367441407823	TRUE	629	10	35.09843015927581
ENSG00000183255	chr21:46557033-46557334	569	83067	TRUE	1.5336077638767015e-11	-0.5197582233084066	TRUE	629	10	3.3954290238236613
ENSG00000184787	chr21:46557033-46557334	556	79508	TRUE	2.193723281828985e-9	-0.6195063261801959	TRUE	629	10	3.2957592424763273
ENSG00000184900	chr21:46557033-46557334	626	91449	TRUE	1.935501817254301e-8	-0.4273537251060495	TRUE	629	10	9.521557965353084
ENSG00000160208	chr21:46557033-46557334	418	59525	TRUE	6.039907850623827e-8	-0.6469289558735762	TRUE	629	10	1.3658760169588633
ENSG00000160209	chr21:46557033-46557334	590	86089	TRUE	2.490069755627264e-6	-0.43026260835875596	TRUE	629	10	4.281383793243539
ENSG00000160214	chr21:46557033-46557334	604	87155	TRUE	0.0021655630094759293	-0.47751083397994387	TRUE	629	10	8.379824369511548
ENSG00000160221	chr21:46557033-46557334	149	21823	TRUE	0.004929388021508822	-0.5372617271541813	TRUE	629	10	0.29623842411742035
ENSG00000160213	chr21:46557033-46557334	629	92633	TRUE	7.807860854116692e-16	-0.5509821365269785	TRUE	629	11	35.09843015927581
ENSG00000160214	chr21:46557033-46557334	604	87155	TRUE	2.8133621838635126e-15	-0.830219935815085	TRUE	629	11	8.379824369511548
ENSG00000184900	chr21:46557033-46557334	626	91449	TRUE	8.810638565915916e-10	-0.458122539888814	TRUE	629	11	9.521557965353084
ENSG00000160209	chr21:46557033-46557334	590	86089	TRUE	8.987180933112148e-6	-0.4050214435357671	TRUE	629	11	4.281383793243539
ENSG00000184787	chr21:46557033-46557334	556	79508	TRUE	2.6071216555025338e-5	-0.4875270800752225	TRUE	629	11	3.2957592424763273
ENSG00000183255	chr21:46557033-46557334	569	83067	TRUE	1.712954142837563e-4	-0.3362441571181394	TRUE	629	11	3.3954290238236613
ENSG00000160208	chr21:46557033-46557334	418	59525	TRUE	0.0020912583686680773	-0.43498332197224393	TRUE	629	11	1.3658760169588633
ENSG00000160221	chr21:46557033-46557334	149	21823	TRUE	0.018272680392635243	-0.49633146309929943	TRUE	629	11	0.29623842411742035
ENSG00000183255	chr21:46557033-46557334	569	83067	TRUE	2.9517216577089134e-13	-0.5426950345855657	TRUE	629	12	3.3954290238236613
ENSG00000160213	chr21:46557033-46557334	629	92633	TRUE	1.1558284035768403e-11	-0.4522540300945419	TRUE	629	12	35.09843015927581
ENSG00000184900	chr21:46557033-46557334	626	91449	TRUE	2.864243442931739e-10	-0.44758734887385065	TRUE	629	12	9.521557965353084
ENSG00000160209	chr21:46557033-46557334	590	86089	TRUE	9.700255668578206e-10	-0.5066280616481882	TRUE	629	12	4.281383793243539
ENSG00000160214	chr21:46557033-46557334	604	87155	TRUE	6.276461951665552e-9	-0.6716981299097693	TRUE	629	12	8.379824369511548
ENSG00000184787	chr21:46557033-46557334	556	79508	TRUE	7.37292044533281e-9	-0.5899822049580923	TRUE	629	12	3.2957592424763273
ENSG00000160208	chr21:46557033-46557334	418	59525	TRUE	8.4066428987046235e-06	-0.5303311985597251	TRUE	629	12	1.3658760169588633
ENSG00000160221	chr21:46557033-46557334	149	21823	TRUE	0.12	-0.3800783946034514	FALSE	629	12	0.29623842411742035
ENSG00000160209	chr21:46557033-46557334	590	86089	TRUE	5.13014538163889e-13	-0.5932521651860925	TRUE	629	13	4.281383793243539
ENSG00000160213	chr21:46557033-46557334	629	92633	TRUE	2.5699983431949603e-8	-0.42324306984927507	TRUE	629	13	35.09843015927581
ENSG00000184900	chr21:46557033-46557334	626	91449	TRUE	1.2571058008210816e-7	-0.40770023503301633	TRUE	629	13	9.521557965353084
ENSG00000184787	chr21:46557033-46557334	556	79508	TRUE	1.6455560857829056e-7	-0.5553327599999067	TRUE	629	13	3.2957592424763273
ENSG00000183255	chr21:46557033-46557334	569	83067	TRUE	1.4151092712089966e-6	-0.4035110271967126	TRUE	629	13	3.3954290238236613
ENSG00000160214	chr21:46557033-46557334	604	87155	TRUE	9.662921829137455e-6	-0.5941777355284077	TRUE	629	13	8.379824369511548
ENSG00000160221	chr21:46557033-46557334	149	21823	TRUE	1.2942450279528669e-5	-0.7858380802942841	TRUE	629	13	0.29623842411742035
ENSG00000160208	chr21:46557033-46557334	418	59525	TRUE	4.856673466022664e-5	-0.5081012511762595	TRUE	629	13	1.3658760169588633
ENSG00000160213	chr21:46557033-46557334	629	92633	TRUE	8.227099303057721e-15	-0.5271368436719461	TRUE	629	14	35.09843015927581
ENSG00000160208	chr21:46557033-46557334	418	59525	TRUE	4.5176159476373475e-11	-0.698856747917437	TRUE	629	14	1.3658760169588633
ENSG00000184900	chr21:46557033-46557334	626	91449	TRUE	5.407051645183556e-10	-0.45905581973217835	TRUE	629	14	9.521557965353084
ENSG00000160209	chr21:46557033-46557334	590	86089	TRUE	6.751099957942006e-9	-0.501690943514743	TRUE	629	14	4.281383793243539
ENSG00000160214	chr21:46557033-46557334	604	87155	TRUE	3.0068079621035308e-6	-0.6021244037145044	TRUE	629	14	8.379824369511548
ENSG00000184787	chr21:46557033-46557334	556	79508	TRUE	6.911162926117979e-6	-0.5057892864679507	TRUE	629	14	3.2957592424763273
ENSG00000160221	chr21:46557033-46557334	149	21823	TRUE	0.001842335608763894	-0.5687399586273494	TRUE	629	14	0.29623842411742035
ENSG00000183255	chr21:46557033-46557334	569	83067	TRUE	0.0018958087561602582	-0.29359981970964566	TRUE	629	14	3.3954290238236613
ENSG00000160213	chr21:46557033-46557334	629	92633	TRUE	3.066542006673127e-14	-0.49659655774513745	TRUE	629	15	35.09843015927581
ENSG00000183255	chr21:46557033-46557334	569	83067	TRUE	1.2941641570803518e-10	-0.4998711346600826	TRUE	629	15	3.3954290238236613
ENSG00000184900	chr21:46557033-46557334	626	91449	TRUE	8.62217928797627e-9	-0.42097481254334435	TRUE	629	15	9.521557965353084
ENSG00000160209	chr21:46557033-46557334	590	86089	TRUE	7.657579698825887e-8	-0.46416207779421037	TRUE	629	15	4.281383793243539
ENSG00000160208	chr21:46557033-46557334	418	59525	TRUE	3.8450511253009206e-7	-0.5827986184538606	TRUE	629	15	1.3658760169588633
ENSG00000184787	chr21:46557033-46557334	556	79508	TRUE	4.3436685781713096e-7	-0.5289470074552034	TRUE	629	15	3.2957592424763273
ENSG00000160214	chr21:46557033-46557334	604	87155	TRUE	0.00885143983994928	-0.458150149876539	TRUE	629	15	8.379824369511548
ENSG00000160221	chr21:46557033-46557334	149	21823	TRUE	0.752	-0.2383502849917909	FALSE	629	15	0.29623842411742035
ENSG00000184900	chr21:46557033-46557334	626	91449	TRUE	1.795355814876944e-18	-0.6098146741687658	TRUE	629	16	9.521557965353084
ENSG00000160213	chr21:46557033-46557334	629	92633	TRUE	4.253692754812077e-18	-0.5832509399993198	TRUE	629	16	35.09843015927581
ENSG00000160209	chr21:46557033-46557334	590	86089	TRUE	6.09562194421381e-11	-0.5387765950820169	TRUE	629	16	4.281383793243539
ENSG00000184787	chr21:46557033-46557334	556	79508	TRUE	1.1829411965585057e-8	-0.6046687421131285	TRUE	629	16	3.2957592424763273
ENSG00000160208	chr21:46557033-46557334	418	59525	TRUE	3.6496002089126192e-6	-0.5620400582870633	TRUE	629	16	1.3658760169588633
ENSG00000160214	chr21:46557033-46557334	604	87155	TRUE	4.9257358559020616e-6	-0.5960658329591189	TRUE	629	16	8.379824369511548
ENSG00000183255	chr21:46557033-46557334	569	83067	TRUE	1.8586279968324168e-4	-0.3290486557139354	TRUE	629	16	3.3954290238236613
ENSG00000160221	chr21:46557033-46557334	149	21823	TRUE	0.004762518306655875	-0.5687399586273494	TRUE	629	16	0.29623842411742035
ENSG00000160213	chr21:46557033-46557334	629	92633	TRUE	1.0443457726152796e-13	-0.5051342500833105	TRUE	629	17	35.09843015927581
ENSG00000184900	chr21:46557033-46557334	626	91449	TRUE	1.1737330678779768e-6	-0.3818069214008606	TRUE	629	17	9.521557965353084
ENSG00000184787	chr21:46557033-46557334	556	79508	TRUE	1.4283326805312221e-6	-0.5280135263220929	TRUE	629	17	3.2957592424763273
ENSG00000160208	chr21:46557033-46557334	418	59525	TRUE	1.8922446714510427e-6	-0.5506352950148138	TRUE	629	17	1.3658760169588633
ENSG00000160209	chr21:46557033-46557334	590	86089	TRUE	2.7851845438899513e-5	-0.40633897334504354	TRUE	629	17	4.281383793243539
ENSG00000183255	chr21:46557033-46557334	569	83067	TRUE	1.5184234027020103e-4	-0.33224222656064306	TRUE	629	17	3.3954290238236613
ENSG00000160214	chr21:46557033-46557334	604	87155	TRUE	5.498927016372723e-4	-0.4989000694852548	TRUE	629	17	8.379824369511548
ENSG00000160221	chr21:46557033-46557334	149	21823	TRUE	0.010097519477978198	-0.5269197829327226	TRUE	629	17	0.29623842411742035
ENSG00000160213	chr21:46557033-46557334	629	92633	TRUE	1.5019940400072063e-12	-0.48726308671034424	TRUE	629	18	35.09843015927581
ENSG00000184787	chr21:46557033-46557334	556	79508	TRUE	1.4113632431454713e-11	-0.6814689626360704	TRUE	629	18	3.2957592424763273
ENSG00000184900	chr21:46557033-46557334	626	91449	TRUE	4.2299545297173826e-11	-0.45781158072371575	TRUE	629	18	9.521557965353084
ENSG00000183255	chr21:46557033-46557334	569	83067	TRUE	2.072151216371852e-9	-0.48380134553199716	TRUE	629	18	3.3954290238236613
ENSG00000160209	chr21:46557033-46557334	590	86089	TRUE	9.680327717291864e-7	-0.4539083385336531	TRUE	629	18	4.281383793243539
ENSG00000160208	chr21:46557033-46557334	418	59525	TRUE	1.3578555093623611e-6	-0.5643318697950528	TRUE	629	18	1.3658760169588633
ENSG00000160214	chr21:46557033-46557334	604	87155	TRUE	0.0011343388021377646	-0.4799492905030469	TRUE	629	18	8.379824369511548
ENSG00000160221	chr21:46557033-46557334	149	21823	TRUE	0.556	-0.2811633685307642	FALSE	629	18	0.29623842411742035
ENSG00000160213	chr21:46557033-46557334	629	92633	TRUE	3.149076725709326e-13	-0.5068478683402375	TRUE	629	19	35.09843015927581
ENSG00000184900	chr21:46557033-46557334	626	91449	TRUE	2.8676614044725367e-11	-0.45191605563019266	TRUE	629	19	9.521557965353084
ENSG00000160214	chr21:46557033-46557334	604	87155	TRUE	6.734959619029198e-9	-0.6724947588868786	TRUE	629	19	8.379824369511548
ENSG00000183255	chr21:46557033-46557334	569	83067	TRUE	3.9753992649095744e-8	-0.42295579031147024	TRUE	629	19	3.3954290238236613
ENSG00000160209	chr21:46557033-46557334	590	86089	TRUE	9.474145694222513e-7	-0.43026260835875596	TRUE	629	19	4.281383793243539
ENSG00000184787	chr21:46557033-46557334	556	79508	TRUE	4.5018749665956884e-5	-0.4703895195234937	TRUE	629	19	3.2957592424763273
ENSG00000160208	chr21:46557033-46557334	418	59525	TRUE	0.005602477074802173	-0.3916062594348258	TRUE	629	19	1.3658760169588633
ENSG00000160221	chr21:46557033-46557334	149	21823	TRUE	0.196	-0.3800783946034514	FALSE	629	19	0.29623842411742035
ENSG00000160213	chr21:46557033-46557334	629	92633	TRUE	2.8458666521225545e-11	-0.4558079768809229	TRUE	629	20	35.09843015927581
ENSG00000184787	chr21:46557033-46557334	556	79508	TRUE	6.184166283818815e-9	-0.6185123922511895	TRUE	629	20	3.2957592424763273
ENSG00000160209	chr21:46557033-46557334	590	86089	TRUE	2.769270276249203e-8	-0.482109711681342	TRUE	629	20	4.281383793243539
ENSG00000183255	chr21:46557033-46557334	569	83067	TRUE	4.577182500874839e-8	-0.434921339099009	TRUE	629	20	3.3954290238236613
ENSG00000160214	chr21:46557033-46557334	604	87155	TRUE	3.0506070698612785e-7	-0.6254589698122301	TRUE	629	20	8.379824369511548
ENSG00000160208	chr21:46557033-46557334	418	59525	TRUE	3.5979945274838983e-6	-0.5597518816917929	TRUE	629	20	1.3658760169588633
ENSG00000184900	chr21:46557033-46557334	626	91449	TRUE	6.142712188218335e-6	-0.3500082911892006	TRUE	629	20	9.521557965353084
ENSG00000160221	chr21:46557033-46557334	149	21823	TRUE	4.090351000483692e-4	-0.644975544454435	TRUE	629	20	0.29623842411742035
ENSG00000160213	chr21:46557033-46557334	629	92633	TRUE	1.389810532407681e-15	-0.5433121946291752	TRUE	629	21	35.09843015927581
ENSG00000160209	chr21:46557033-46557334	590	86089	TRUE	1.7854089936917623e-8	-0.49747253395694435	TRUE	629	21	4.281383793243539
ENSG00000184787	chr21:46557033-46557334	556	79508	TRUE	2.5432705626077788e-8	-0.5812415148974164	TRUE	629	21	3.2957592424763273
ENSG00000160214	chr21:46557033-46557334	604	87155	TRUE	3.688039561553858e-8	-0.6472183163806244	TRUE	629	21	8.379824369511548
ENSG00000183255	chr21:46557033-46557334	569	83067	TRUE	4.679388153005994e-8	-0.44958563019408415	TRUE	629	21	3.3954290238236613
ENSG00000184900	chr21:46557033-46557334	626	91449	TRUE	1.3146968498093693e-5	-0.3555009750660627	TRUE	629	21	9.521557965353084
ENSG00000160208	chr21:46557033-46557334	418	59525	TRUE	1.1097556963270659e-4	-0.49056066986712427	TRUE	629	21	1.3658760169588633
ENSG00000160221	chr21:46557033-46557334	149	21823	TRUE	0.036	-0.47629370986275443	TRUE	629	21	0.29623842411742035
ENSG00000160213	chr21:46557033-46557334	629	92633	TRUE	4.514492288120131e-8	-0.4148534083036006	TRUE	629	22	35.09843015927581
ENSG00000184787	chr21:46557033-46557334	556	79508	TRUE	2.676866200632136e-7	-0.5735162217881891	TRUE	629	22	3.2957592424763273
ENSG00000184900	chr21:46557033-46557334	626	91449	TRUE	1.037151143184041e-6	-0.39335683561813983	TRUE	629	22	9.521557965353084
ENSG00000160209	chr21:46557033-46557334	590	86089	TRUE	3.101062766877182e-6	-0.43026260835875596	TRUE	629	22	4.281383793243539
ENSG00000183255	chr21:46557033-46557334	569	83067	TRUE	3.254936445407433e-5	-0.35398573950540624	TRUE	629	22	3.3954290238236613
ENSG00000160208	chr21:46557033-46557334	418	59525	TRUE	2.7485973604687505e-4	-0.47754378420028976	TRUE	629	22	1.3658760169588633
ENSG00000160221	chr21:46557033-46557334	149	21823	TRUE	2.8704096987477133e-4	-0.667518113105523	TRUE	629	22	0.29623842411742035
ENSG00000160214	chr21:46557033-46557334	604	87155	TRUE	7.456133253613047e-4	-0.49466722036305644	TRUE	629	22	8.379824369511548
ENSG00000184900	chr21:46557033-46557334	626	91449	TRUE	4.193614104210378e-13	-0.5233276158713429	TRUE	629	23	9.521557965353084
ENSG00000160213	chr21:46557033-46557334	629	92633	TRUE	4.333163919007268e-11	-0.4666060211470491	TRUE	629	23	35.09843015927581
ENSG00000160209	chr21:46557033-46557334	590	86089	TRUE	8.752516222502787e-10	-0.5115821333723802	TRUE	629	23	4.281383793243539
ENSG00000160214	chr21:46557033-46557334	604	87155	TRUE	9.669167374932943e-10	-0.6861051904055318	TRUE	629	23	8.379824369511548
ENSG00000184787	chr21:46557033-46557334	556	79508	TRUE	2.1941822114253775e-8	-0.5860909145588118	TRUE	629	23	3.2957592424763273
ENSG00000183255	chr21:46557033-46557334	569	83067	TRUE	2.3898095636822525e-8	-0.44525710897257764	TRUE	629	23	3.3954290238236613
ENSG00000160221	chr21:46557033-46557334	149	21823	TRUE	6.78379733312813e-6	-0.8107127489333137	TRUE	629	23	0.29623842411742035
ENSG00000160208	chr21:46557033-46557334	418	59525	TRUE	6.888791321674886e-6	-0.5506352950148138	TRUE	629	23	1.3658760169588633
ENSG00000160213	chr21:46557033-46557334	629	92633	TRUE	2.830085401351286e-11	-0.4762259755979219	TRUE	629	24	35.09843015927581
ENSG00000184900	chr21:46557033-46557334	626	91449	TRUE	3.207810954306689e-11	-0.47974222079321827	TRUE	629	24	9.521557965353084
ENSG00000184787	chr21:46557033-46557334	556	79508	TRUE	7.613315928181094e-10	-0.6304850339172654	TRUE	629	24	3.2957592424763273
ENSG00000160209	chr21:46557033-46557334	590	86089	TRUE	4.301072313616424e-8	-0.48002739949753526	TRUE	629	24	4.281383793243539
ENSG00000160214	chr21:46557033-46557334	604	87155	TRUE	6.38594219297536e-7	-0.6082085246593514	TRUE	629	24	8.379824369511548
ENSG00000160208	chr21:46557033-46557334	418	59525	TRUE	7.829312239748375e-6	-0.5415759557273475	TRUE	629	24	1.3658760169588633
ENSG00000183255	chr21:46557033-46557334	569	83067	TRUE	1.4722681586308226e-5	-0.36293902378355947	TRUE	629	24	3.3954290238236613
ENSG00000160221	chr21:46557033-46557334	149	21823	TRUE	0.044	-0.4370342794155273	TRUE	629	24	0.29623842411742035
ENSG00000160213	chr21:46557033-46557334	629	92633	TRUE	2.2940115466572177e-12	-0.45258426072050817	TRUE	629	25	35.09843015927581
ENSG00000160214	chr21:46557033-46557334	604	87155	TRUE	1.166634181038015e-9	-0.6542826696513906	TRUE	629	25	8.379824369511548
ENSG00000184900	chr21:46557033-46557334	626	91449	TRUE	2.3838907929590435e-6	-0.36130542884597183	TRUE	629	25	9.521557965353084
ENSG00000160209	chr21:46557033-46557334	590	86089	TRUE	4.444327106162976e-6	-0.4189158851941479	TRUE	629	25	4.281383793243539
ENSG00000183255	chr21:46557033-46557334	569	83067	TRUE	1.3075240376020283e-5	-0.36702713941476284	TRUE	629	25	3.3954290238236613
ENSG00000160208	chr21:46557033-46557334	418	59525	TRUE	1.3418295474779043e-4	-0.49056066986712427	TRUE	629	25	1.3658760169588633
ENSG00000184787	chr21:46557033-46557334	556	79508	TRUE	0.008662077552134016	-0.3783452691867655	TRUE	629	25	3.2957592424763273
ENSG00000160221	chr21:46557033-46557334	149	21823	TRUE	0.024	-0.4663782409976718	TRUE	629	25	0.29623842411742035
ENSG00000160213	chr21:46557033-46557334	629	92633	TRUE	2.2299433741620268e-10	-0.463191750935283	TRUE	629	26	35.09843015927581
ENSG00000160209	chr21:46557033-46557334	590	86089	TRUE	1.8367881764180805e-9	-0.5108733664502942	TRUE	629	26	4.281383793243539
ENSG00000183255	chr21:46557033-46557334	569	83067	TRUE	1.2931563328876373e-8	-0.4530578221008894	TRUE	629	26	3.3954290238236613
ENSG00000184900	chr21:46557033-46557334	626	91449	TRUE	1.3209275408947521e-8	-0.40800057750123697	TRUE	629	26	9.521557965353084
ENSG00000160208	chr21:46557033-46557334	418	59525	TRUE	5.923290347630288e-7	-0.5921213975249241	TRUE	629	26	1.3658760169588633
ENSG00000160214	chr21:46557033-46557334	604	87155	TRUE	1.482363168850919e-6	-0.6112602339746869	TRUE	629	26	8.379824369511548
ENSG00000184787	chr21:46557033-46557334	556	79508	TRUE	1.4824519194989172e-6	-0.5326869837321548	TRUE	629	26	3.2957592424763273
ENSG00000160221	chr21:46557033-46557334	149	21823	TRUE	3.5438373046227205e-6	-0.8360238374625011	TRUE	629	26	0.29623842411742035
ENSG00000160213	chr21:46557033-46557334	629	92633	TRUE	3.472717906517609e-11	-0.463191750935283	TRUE	629	27	35.09843015927581
ENSG00000184900	chr21:46557033-46557334	626	91449	TRUE	6.520536814995005e-11	-0.4703025249069128	TRUE	629	27	9.521557965353084
ENSG00000160214	chr21:46557033-46557334	604	87155	TRUE	3.2617431187763205e-10	-0.6994392543343784	TRUE	629	27	8.379824369511548
ENSG00000184787	chr21:46557033-46557334	556	79508	TRUE	4.68614389513294e-10	-0.6304850339172654	TRUE	629	27	3.2957592424763273
ENSG00000160209	chr21:46557033-46557334	590	86089	TRUE	1.710333495789668e-8	-0.47241786593641044	TRUE	629	27	4.281383793243539
ENSG00000183255	chr21:46557033-46557334	569	83067	TRUE	1.9170711635555816e-5	-0.37030599319177226	TRUE	629	27	3.3954290238236613
ENSG00000160208	chr21:46557033-46557334	418	59525	TRUE	4.13241101194688e-5	-0.48403754628579015	TRUE	629	27	1.3658760169588633
ENSG00000160221	chr21:46557033-46557334	149	21823	TRUE	0.02132571352505478	-0.48627779843537633	TRUE	629	27	0.29623842411742035
ENSG00000160213	chr21:46557033-46557334	629	92633	TRUE	2.4855402672745088e-14	-0.5190734410411846	TRUE	629	28	35.09843015927581
ENSG00000184900	chr21:46557033-46557334	626	91449	TRUE	2.0326854842949236e-13	-0.5246296872962697	TRUE	629	28	9.521557965353084
ENSG00000183255	chr21:46557033-46557334	569	83067	TRUE	1.1919648052345747e-12	-0.5436201356373918	TRUE	629	28	3.3954290238236613
ENSG00000160214	chr21:46557033-46557334	604	87155	TRUE	3.899983299480384e-6	-0.5840244898934306	TRUE	629	28	8.379824369511548
ENSG00000160208	chr21:46557033-46557334	418	59525	TRUE	4.368698027910629e-6	-0.5735356971248926	TRUE	629	28	1.3658760169588633
ENSG00000184787	chr21:46557033-46557334	556	79508	TRUE	1.1535972519699771e-5	-0.4966292871824749	TRUE	629	28	3.2957592424763273
ENSG00000160209	chr21:46557033-46557334	590	86089	TRUE	2.4517115263112364e-5	-0.40633897334504354	TRUE	629	28	4.281383793243539
ENSG00000160221	chr21:46557033-46557334	149	21823	TRUE	0.048	-0.47629370986275443	TRUE	629	28	0.29623842411742035
ENSG00000184900	chr21:46557033-46557334	626	91449	TRUE	2.3063863429509794e-19	-0.6056749438078417	TRUE	629	29	9.521557965353084
ENSG00000160214	chr21:46557033-46557334	604	87155	TRUE	1.000465329273644e-10	-0.7194684914650709	TRUE	629	29	8.379824369511548
ENSG00000160213	chr21:46557033-46557334	629	92633	TRUE	3.294306669097505e-10	-0.44541874668630665	TRUE	629	29	35.09843015927581
ENSG00000183255	chr21:46557033-46557334	569	83067	TRUE	4.329434550933044e-9	-0.4687869365573716	TRUE	629	29	3.3954290238236613
ENSG00000160209	chr21:46557033-46557334	590	86089	TRUE	4.342556973163252e-9	-0.5229700171945164	TRUE	629	29	4.281383793243539
ENSG00000160208	chr21:46557033-46557334	418	59525	TRUE	4.707018059597282e-6	-0.5438354629094727	TRUE	629	29	1.3658760169588633
ENSG00000184787	chr21:46557033-46557334	556	79508	TRUE	8.915559162381076e-6	-0.501202016972299	TRUE	629	29	3.2957592424763273
ENSG00000160221	chr21:46557033-46557334	149	21823	TRUE	0.0025401002133902395	-0.5687399586273494	TRUE	629	29	0.29623842411742035
ENSG00000184900	chr21:46557033-46557334	626	91449	TRUE	8.503012656836288e-15	-0.5575693611245631	TRUE	629	30	9.521557965353084
ENSG00000160213	chr21:46557033-46557334	629	92633	TRUE	4.075877461431938e-11	-0.4586242854855742	TRUE	629	30	35.09843015927581
ENSG00000184787	chr21:46557033-46557334	556	79508	TRUE	5.730120875155921e-8	-0.5687088363305755	TRUE	629	30	3.2957592424763273
ENSG00000160209	chr21:46557033-46557334	590	86089	TRUE	7.668200254717602e-7	-0.4464349780736956	TRUE	629	30	4.281383793243539
ENSG00000160214	chr21:46557033-46557334	604	87155	TRUE	9.279392291530915e-6	-0.6093521593136804	TRUE	629	30	8.379824369511548
ENSG00000183255	chr21:46557033-46557334	569	83067	TRUE	1.56386510307107e-4	-0.32506660780665375	TRUE	629	30	3.3954290238236613
ENSG00000160208	chr21:46557033-46557334	418	59525	TRUE	0.0017924310500355978	-0.43708178785624185	TRUE	629	30	1.3658760169588633
ENSG00000160221	chr21:46557033-46557334	149	21823	TRUE	0.32	-0.3252859217630719	FALSE	629	30	0.29623842411742035
ENSG00000160213	chr21:46557033-46557334	629	92633	TRUE	4.1724398153791906e-14	-0.5364701915828309	TRUE	629	31	35.09843015927581
ENSG00000184900	chr21:46557033-46557334	626	91449	TRUE	1.0858920249482893e-11	-0.5026527249608335	TRUE	629	31	9.521557965353084
ENSG00000160209	chr21:46557033-46557334	590	86089	TRUE	1.681548880632744e-7	-0.4621054915002727	TRUE	629	31	4.281383793243539
ENSG00000184787	chr21:46557033-46557334	556	79508	TRUE	2.105967102210022e-7	-0.5486909427536182	TRUE	629	31	3.2957592424763273
ENSG00000160214	chr21:46557033-46557334	604	87155	TRUE	6.843633459245103e-7	-0.6258446655880574	TRUE	629	31	8.379824369511548
ENSG00000183255	chr21:46557033-46557334	569	83067	TRUE	2.7335571020549714e-5	-0.36293902378355947	TRUE	629	31	3.3954290238236613
ENSG00000160208	chr21:46557033-46557334	418	59525	TRUE	0.001599818185394208	-0.441287898826453	TRUE	629	31	1.3658760169588633
ENSG00000160221	chr21:46557033-46557334	149	21823	TRUE	0.04	-0.49633146309929943	TRUE	629	31	0.29623842411742035
ENSG00000160214	chr21:46557033-46557334	604	87155	TRUE	1.4615850029683808e-14	-0.8445130066879627	TRUE	629	32	8.379824369511548
ENSG00000183255	chr21:46557033-46557334	569	83067	TRUE	8.240144136558777e-12	-0.5224914638623843	TRUE	629	32	3.3954290238236613
ENSG00000160209	chr21:46557033-46557334	590	86089	TRUE	4.5820853956364354e-11	-0.5620816153800208	TRUE	629	32	4.281383793243539
ENSG00000160213	chr21:46557033-46557334	629	92633	TRUE	3.1292252747864316e-9	-0.4484618009464203	TRUE	629	32	35.09843015927581
ENSG00000184900	chr21:46557033-46557334	626	91449	TRUE	4.48884777798156e-9	-0.44604452438622255	TRUE	629	32	9.521557965353084
ENSG00000160208	chr21:46557033-46557334	418	59525	TRUE	2.2645374784262175e-6	-0.5529090465349349	TRUE	629	32	1.3658760169588633
ENSG00000184787	chr21:46557033-46557334	556	79508	TRUE	5.640903573021841e-4	-0.4410997184691354	TRUE	629	32	3.2957592424763273
ENSG00000160221	chr21:46557033-46557334	149	21823	TRUE	0.056	-0.4663782409976718	TRUE	629	32	0.29623842411742035
ENSG00000184787	chr21:46557033-46557334	556	79508	TRUE	1.4728901575380439e-12	-0.7055406026408801	TRUE	629	33	3.2957592424763273
ENSG00000184900	chr21:46557033-46557334	626	91449	TRUE	2.007479709786701e-8	-0.42097481254334435	TRUE	629	33	9.521557965353084
ENSG00000160209	chr21:46557033-46557334	590	86089	TRUE	6.574616560791864e-8	-0.47448921595610516	TRUE	629	33	4.281383793243539
ENSG00000160208	chr21:46557033-46557334	418	59525	TRUE	3.052918943841158e-7	-0.6015048129835605	TRUE	629	33	1.3658760169588633
ENSG00000183255	chr21:46557033-46557334	569	83067	TRUE	5.759686153124834e-7	-0.42636440392519304	TRUE	629	33	3.3954290238236613
ENSG00000160213	chr21:46557033-46557334	629	92633	TRUE	1.4025311262191073e-6	-0.3877612439005791	TRUE	629	33	35.09843015927581
ENSG00000160221	chr21:46557033-46557334	149	21823	TRUE	2.6847948241823585e-6	-0.8360238374625011	TRUE	629	33	0.29623842411742035
ENSG00000160214	chr21:46557033-46557334	604	87155	TRUE	3.397754171981086e-6	-0.6281610081368543	TRUE	629	33	8.379824369511548
ENSG00000184900	chr21:46557033-46557334	626	91449	TRUE	5.201783962232369e-15	-0.5269111438399969	TRUE	629	34	9.521557965353084
ENSG00000160213	chr21:46557033-46557334	629	92633	TRUE	4.2338625076320457e-10	-0.43494066129280107	TRUE	629	34	35.09843015927581
ENSG00000160209	chr21:46557033-46557334	590	86089	TRUE	3.0659500043143223e-9	-0.5158420627693308	TRUE	629	34	4.281383793243539
ENSG00000160214	chr21:46557033-46557334	604	87155	TRUE	4.855267039590317e-7	-0.6021244037145044	TRUE	629	34	8.379824369511548
ENSG00000184787	chr21:46557033-46557334	556	79508	TRUE	2.466933269310587e-6	-0.5159329175491556	TRUE	629	34	3.2957592424763273
ENSG00000183255	chr21:46557033-46557334	569	83067	TRUE	8.346533416595577e-5	-0.3394537135940294	TRUE	629	34	3.3954290238236613
ENSG00000160208	chr21:46557033-46557334	418	59525	TRUE	1.3813507591651977e-4	-0.45610661353799803	TRUE	629	34	1.3658760169588633
ENSG00000160221	chr21:46557033-46557334	149	21823	TRUE	0.0030702902055108477	-0.5687399586273494	TRUE	629	34	0.29623842411742035
ENSG00000160209	chr21:46557033-46557334	590	86089	TRUE	1.0580530552893987e-7	-0.46416207779421037	TRUE	629	35	4.281383793243539
ENSG00000183255	chr21:46557033-46557334	569	83067	TRUE	7.551150965745665e-7	-0.4170100266492136	TRUE	629	35	3.3954290238236613
ENSG00000160213	chr21:46557033-46557334	629	92633	TRUE	1.01145651260385e-6	-0.38263929091939186	TRUE	629	35	35.09843015927581
ENSG00000160208	chr21:46557033-46557334	418	59525	TRUE	2.3771866269401603e-6	-0.5597518816917929	TRUE	629	35	1.3658760169588633
ENSG00000184900	chr21:46557033-46557334	626	91449	TRUE	2.513819898755567e-5	-0.355790643783207	TRUE	629	35	9.521557965353084
ENSG00000184787	chr21:46557033-46557334	556	79508	TRUE	6.244604018979059e-5	-0.4829974215947084	TRUE	629	35	3.2957592424763273
ENSG00000160214	chr21:46557033-46557334	604	87155	TRUE	0.008484628611544184	-0.45540542602200107	TRUE	629	35	8.379824369511548
ENSG00000160221	chr21:46557033-46557334	149	21823	TRUE	0.036	-0.4663782409976718	TRUE	629	35	0.29623842411742035
ENSG00000160214	chr21:46557033-46557334	604	87155	TRUE	1.0460004026401504e-9	-0.6949808590318058	TRUE	629	36	8.379824369511548
ENSG00000160213	chr21:46557033-46557334	629	92633	TRUE	7.663025120092297e-9	-0.42186834282083474	TRUE	629	36	35.09843015927581
ENSG00000160208	chr21:46557033-46557334	418	59525	TRUE	2.2261140474893093e-8	-0.6420795562121804	TRUE	629	36	1.3658760169588633
ENSG00000184900	chr21:46557033-46557334	626	91449	TRUE	1.3494538229041864e-7	-0.40830098250823355	TRUE	629	36	9.521557965353084
ENSG00000184787	chr21:46557033-46557334	556	79508	TRUE	1.77137552320311e-6	-0.5383151899893983	TRUE	629	36	3.2957592424763273
ENSG00000160209	chr21:46557033-46557334	590	86089	TRUE	4.528137006158976e-6	-0.42758475136553575	TRUE	629	36	4.281383793243539
ENSG00000183255	chr21:46557033-46557334	569	83067	TRUE	2.3099251216377402e-5	-0.38018750470573637	TRUE	629	36	3.3954290238236613
ENSG00000160221	chr21:46557033-46557334	149	21823	TRUE	0.108	-0.38941625918278744	FALSE	629	36	0.29623842411742035
ENSG00000183255	chr21:46557033-46557334	569	83067	TRUE	1.1065804026341697e-11	-0.5061691585604515	TRUE	629	37	3.3954290238236613
ENSG00000160209	chr21:46557033-46557334	590	86089	TRUE	1.4161865979918869e-8	-0.5144206882298366	TRUE	629	37	4.281383793243539
ENSG00000160208	chr21:46557033-46557334	418	59525	TRUE	4.6150445539809226e-8	-0.6276283999146399	TRUE	629	37	1.3658760169588633
ENSG00000160214	chr21:46557033-46557334	604	87155	TRUE	3.8962490659323525e-6	-0.6297073052204563	TRUE	629	37	8.379824369511548
ENSG00000184900	chr21:46557033-46557334	626	91449	TRUE	2.0819633046871046e-5	-0.32030805697378106	TRUE	629	37	9.521557965353084
ENSG00000160213	chr21:46557033-46557334	629	92633	TRUE	1.0714431853366731e-4	-0.31442785397556694	TRUE	629	37	35.09843015927581
ENSG00000184787	chr21:46557033-46557334	556	79508	TRUE	7.169018927125972e-4	-0.4175698908843415	TRUE	629	37	3.2957592424763273
ENSG00000160221	chr21:46557033-46557334	149	21823	TRUE	0.088	-0.38941625918278744	TRUE	629	37	0.29623842411742035
ENSG00000183255	chr21:46557033-46557334	569	83067	TRUE	1.1840155282912934e-12	-0.5325578830409801	TRUE	629	38	3.3954290238236613
ENSG00000160213	chr21:46557033-46557334	629	92633	TRUE	3.6542161771217926e-11	-0.45142878408137044	TRUE	629	38	35.09843015927581
ENSG00000160214	chr21:46557033-46557334	604	87155	TRUE	6.923454902172722e-10	-0.678083512575486	TRUE	629	38	8.379824369511548
ENSG00000184900	chr21:46557033-46557334	626	91449	TRUE	1.967586506512807e-6	-0.35869053428900166	TRUE	629	38	9.521557965353084
ENSG00000160208	chr21:46557033-46557334	418	59525	TRUE	9.09217618773328e-6	-0.5370675300556009	TRUE	629	38	1.3658760169588633
ENSG00000160221	chr21:46557033-46557334	149	21823	TRUE	2.3282793493916223e-4	-0.6789228763777726	TRUE	629	38	0.29623842411742035
ENSG00000160209	chr21:46557033-46557334	590	86089	TRUE	7.559523385552358e-4	-0.35709987759239215	TRUE	629	38	4.281383793243539
ENSG00000184787	chr21:46557033-46557334	556	79508	TRUE	0.0013023941773469081	-0.421898412105848	TRUE	629	38	3.2957592424763273
ENSG00000160213	chr21:46557033-46557334	629	92633	TRUE	3.39628083507748e-17	-0.580812352627837	TRUE	629	39	35.09843015927581
ENSG00000160209	chr21:46557033-46557334	590	86089	TRUE	2.8052483604544577e-12	-0.622046404369963	TRUE	629	39	4.281383793243539
ENSG00000160214	chr21:46557033-46557334	604	87155	TRUE	4.678592943822966e-11	-0.7536216433532186	TRUE	629	39	8.379824369511548
ENSG00000183255	chr21:46557033-46557334	569	83067	TRUE	2.151268501964003e-8	-0.4374983478953529	TRUE	629	39	3.3954290238236613
ENSG00000184900	chr21:46557033-46557334	626	91449	TRUE	9.652150089634499e-6	-0.37181266150754944	TRUE	629	39	9.521557965353084
ENSG00000184787	chr21:46557033-46557334	556	79508	TRUE	2.014492073881954e-5	-0.49116107454296154	TRUE	629	39	3.2957592424763273
ENSG00000160208	chr21:46557033-46557334	418	59525	TRUE	6.567398957205107e-5	-0.5125199224432645	TRUE	629	39	1.3658760169588633
ENSG00000160221	chr21:46557033-46557334	149	21823	TRUE	0.036	-0.41779806055260993	TRUE	629	39	0.29623842411742035
ENSG00000184787	chr21:46557033-46557334	556	79508	TRUE	2.727603225932424e-8	-0.562005296034499	TRUE	629	40	3.2957592424763273
ENSG00000160209	chr21:46557033-46557334	590	86089	TRUE	1.8503088797507876e-7	-0.45936792893144207	TRUE	629	40	4.281383793243539
ENSG00000160214	chr21:46557033-46557334	604	87155	TRUE	2.3092763583310028e-7	-0.641357664959382	TRUE	629	40	8.379824369511548
ENSG00000160213	chr21:46557033-46557334	629	92633	TRUE	2.5526834145877912e-6	-0.38366222780435244	TRUE	629	40	35.09843015927581
ENSG00000184900	chr21:46557033-46557334	626	91449	TRUE	3.7233906927506416e-5	-0.32909722560751087	TRUE	629	40	9.521557965353084
ENSG00000160208	chr21:46557033-46557334	418	59525	TRUE	2.353102752345286e-4	-0.47323079132920715	TRUE	629	40	1.3658760169588633
ENSG00000160221	chr21:46557033-46557334	149	21823	TRUE	0.04	-0.4663782409976718	TRUE	629	40	0.29623842411742035
ENSG00000183255	chr21:46557033-46557334	569	83067	TRUE	0.352	-0.16774474377689352	FALSE	629	40	3.3954290238236613
ENSG00000160214	chr21:46557033-46557334	604	87155	TRUE	2.110849097451372e-10	-0.7120784608680926	TRUE	629	41	8.379824369511548
ENSG00000183255	chr21:46557033-46557334	569	83067	TRUE	3.731932068281723e-10	-0.48913807803261045	TRUE	629	41	3.3954290238236613
ENSG00000184900	chr21:46557033-46557334	626	91449	TRUE	5.804625436995475e-8	-0.419762972874536	TRUE	629	41	9.521557965353084
ENSG00000160208	chr21:46557033-46557334	418	59525	TRUE	5.322963532397411e-6	-0.5393199817869797	TRUE	629	41	1.3658760169588633
ENSG00000160213	chr21:46557033-46557334	629	92633	TRUE	2.52298567884994e-5	-0.33787575727806374	TRUE	629	41	35.09843015927581
ENSG00000160209	chr21:46557033-46557334	590	86089	TRUE	7.678720230954242e-5	-0.3886530464768012	TRUE	629	41	4.281383793243539
ENSG00000184787	chr21:46557033-46557334	556	79508	TRUE	4.8383264236102376e-4	-0.44902905468524534	TRUE	629	41	3.2957592424763273
ENSG00000160221	chr21:46557033-46557334	149	21823	TRUE	0.132	-0.39881495718503723	FALSE	629	41	0.29623842411742035
ENSG00000160213	chr21:46557033-46557334	629	92633	TRUE	1.3444610255826384e-9	-0.4315190553229762	TRUE	629	42	35.09843015927581
ENSG00000183255	chr21:46557033-46557334	569	83067	TRUE	1.611900164082483e-8	-0.4443929609737618	TRUE	629	42	3.3954290238236613
ENSG00000160214	chr21:46557033-46557334	604	87155	TRUE	1.622823705770644e-8	-0.6534960311145133	TRUE	629	42	8.379824369511548
ENSG00000184787	chr21:46557033-46557334	556	79508	TRUE	1.180503062606165e-7	-0.5581886402612086	TRUE	629	42	3.2957592424763273
ENSG00000160209	chr21:46557033-46557334	590	86089	TRUE	2.3050612064543733e-7	-0.45118627161122493	TRUE	629	42	4.281383793243539
ENSG00000184900	chr21:46557033-46557334	626	91449	TRUE	1.7872007181742033e-4	-0.32059074435410917	TRUE	629	42	9.521557965353084
ENSG00000160208	chr21:46557033-46557334	418	59525	TRUE	0.044	-0.3435786885405302	TRUE	629	42	1.3658760169588633
ENSG00000160221	chr21:46557033-46557334	149	21823	TRUE	0.12	-0.3800783946034514	FALSE	629	42	0.29623842411742035
ENSG00000160213	chr21:46557033-46557334	629	92633	TRUE	1.038246804964743e-9	-0.4558079768809229	TRUE	629	43	35.09843015927581
ENSG00000160214	chr21:46557033-46557334	604	87155	TRUE	1.4744700610521007e-8	-0.6605912669281717	TRUE	629	43	8.379824369511548
ENSG00000183255	chr21:46557033-46557334	569	83067	TRUE	2.58676717127508e-7	-0.411088666659037	TRUE	629	43	3.3954290238236613
ENSG00000184900	chr21:46557033-46557334	626	91449	TRUE	3.05176687086814e-7	-0.3963333067397139	TRUE	629	43	9.521557965353084
ENSG00000160221	chr21:46557033-46557334	149	21823	TRUE	5.856644947102737e-5	-0.7373395626030943	TRUE	629	43	0.29623842411742035
ENSG00000184787	chr21:46557033-46557334	556	79508	TRUE	3.7267035980624585e-4	-0.44902905468524534	TRUE	629	43	3.2957592424763273
ENSG00000160209	chr21:46557033-46557334	590	86089	TRUE	0.0030074452034805077	-0.3299677038805071	TRUE	629	43	4.281383793243539
ENSG00000160208	chr21:46557033-46557334	418	59525	TRUE	0.003965619413235755	-0.40797744266371877	TRUE	629	43	1.3658760169588633
ENSG00000184900	chr21:46557033-46557334	626	91449	TRUE	1.191982616113994e-12	-0.4876560916571808	TRUE	629	44	9.521557965353084
ENSG00000183255	chr21:46557033-46557334	569	83067	TRUE	1.1090053763935636e-7	-0.4383583747708302	TRUE	629	44	3.3954290238236613
ENSG00000160213	chr21:46557033-46557334	629	92633	TRUE	1.1397496947845951e-7	-0.3809883850444109	TRUE	629	44	35.09843015927581
ENSG00000160209	chr21:46557033-46557334	590	86089	TRUE	1.1448094208537439e-7	-0.48419503371276384	TRUE	629	44	4.281383793243539
ENSG00000160214	chr21:46557033-46557334	604	87155	TRUE	5.607721621917784e-5	-0.5558227628968853	TRUE	629	44	8.379824369511548
ENSG00000160208	chr21:46557033-46557334	418	59525	TRUE	7.897462204766673e-5	-0.49274161516665016	TRUE	629	44	1.3658760169588633
ENSG00000184787	chr21:46557033-46557334	556	79508	TRUE	0.003041178053046739	-0.40466170718054406	TRUE	629	44	3.2957592424763273
ENSG00000160221	chr21:46557033-46557334	149	21823	TRUE	0.024	-0.5372617271541813	TRUE	629	44	0.29623842411742035
ENSG00000160213	chr21:46557033-46557334	629	92633	TRUE	8.334801594979574e-12	-0.5057337849719419	TRUE	629	45	35.09843015927581
ENSG00000183255	chr21:46557033-46557334	569	83067	TRUE	8.388606670134917e-11	-0.5288892350605352	TRUE	629	45	3.3954290238236613
ENSG00000184787	chr21:46557033-46557334	556	79508	TRUE	1.068899864270945e-6	-0.5289470074552034	TRUE	629	45	3.2957592424763273
ENSG00000160208	chr21:46557033-46557334	418	59525	TRUE	4.920619713713451e-6	-0.5506352950148138	TRUE	629	45	1.3658760169588633
ENSG00000184900	chr21:46557033-46557334	626	91449	TRUE	6.720673003675348e-6	-0.355790643783207	TRUE	629	45	9.521557965353084
ENSG00000160209	chr21:46557033-46557334	590	86089	TRUE	9.981441599622753e-6	-0.4222439029119025	TRUE	629	45	4.281383793243539
ENSG00000160214	chr21:46557033-46557334	604	87155	TRUE	0.007431467549719913	-0.4981937316298293	TRUE	629	45	8.379824369511548
ENSG00000160221	chr21:46557033-46557334	149	21823	TRUE	0.04	-0.5269197829327226	TRUE	629	45	0.29623842411742035
ENSG00000184787	chr21:46557033-46557334	556	79508	TRUE	9.5339912968044e-12	-0.6783585876456872	TRUE	629	46	3.2957592424763273
ENSG00000183255	chr21:46557033-46557334	569	83067	TRUE	5.659421105521541e-10	-0.48913807803261045	TRUE	629	46	3.3954290238236613
ENSG00000160209	chr21:46557033-46557334	590	86089	TRUE	1.461723347131113e-9	-0.532289321913809	TRUE	629	46	4.281383793243539
ENSG00000184900	chr21:46557033-46557334	626	91449	TRUE	5.040639015904406e-9	-0.446970021076289	TRUE	629	46	9.521557965353084
ENSG00000160213	chr21:46557033-46557334	629	92633	TRUE	1.7150012560559753e-7	-0.4205756776363945	TRUE	629	46	35.09843015927581
ENSG00000160214	chr21:46557033-46557334	604	87155	TRUE	1.6031968946804014e-6	-0.628933949511298	TRUE	629	46	8.379824369511548
ENSG00000160208	chr21:46557033-46557334	418	59525	TRUE	0.009220662297029947	-0.39772370340316177	TRUE	629	46	1.3658760169588633
ENSG00000160221	chr21:46557033-46557334	149	21823	TRUE	0.136	-0.38941625918278744	FALSE	629	46	0.29623842411742035
ENSG00000183255	chr21:46557033-46557334	569	83067	TRUE	3.748695552424083e-14	-0.5725965202994276	TRUE	629	47	3.3954290238236613
ENSG00000184900	chr21:46557033-46557334	626	91449	TRUE	1.3587699557152566e-11	-0.4750146522562333	TRUE	629	47	9.521557965353084
ENSG00000184787	chr21:46557033-46557334	556	79508	TRUE	8.982795613566392e-8	-0.5467988834124096	TRUE	629	47	3.2957592424763273
ENSG00000160214	chr21:46557033-46557334	604	87155	TRUE	3.024007122957948e-7	-0.6246878874630948	TRUE	629	47	8.379824369511548
ENSG00000160209	chr21:46557033-46557334	590	86089	TRUE	3.3184103114848595e-7	-0.457318160591049	TRUE	629	47	4.281383793243539
ENSG00000160213	chr21:46557033-46557334	629	92633	TRUE	3.490783394799696e-7	-0.3841345972626149	TRUE	629	47	35.09843015927581
ENSG00000160208	chr21:46557033-46557334	418	59525	TRUE	7.171483862793788e-7	-0.5735356971248926	TRUE	629	47	1.3658760169588633
ENSG00000160221	chr21:46557033-46557334	149	21823	TRUE	0.002543187595446042	-0.5793872028268581	TRUE	629	47	0.29623842411742035
ENSG00000160213	chr21:46557033-46557334	629	92633	TRUE	5.427931121186537e-17	-0.5790086453967183	TRUE	629	48	35.09843015927581
ENSG00000160209	chr21:46557033-46557334	590	86089	TRUE	1.1283108522170749e-9	-0.5258310891106599	TRUE	629	48	4.281383793243539
ENSG00000160208	chr21:46557033-46557334	418	59525	TRUE	2.562246942053049e-6	-0.5551863872460007	TRUE	629	48	1.3658760169588633
ENSG00000183255	chr21:46557033-46557334	569	83067	TRUE	5.8027124578916836e-6	-0.3760619799016185	TRUE	629	48	3.3954290238236613
ENSG00000184900	chr21:46557033-46557334	626	91449	TRUE	7.161634998134581e-6	-0.35956163930141205	TRUE	629	48	9.521557965353084
ENSG00000160214	chr21:46557033-46557334	604	87155	TRUE	5.663375515511781e-4	-0.5181030969477267	TRUE	629	48	8.379824369511548
ENSG00000184787	chr21:46557033-46557334	556	79508	TRUE	0.0016989757459531588	-0.40551866891699095	TRUE	629	48	3.2957592424763273
ENSG00000160221	chr21:46557033-46557334	149	21823	TRUE	0.003589305337918989	-0.5687399586273494	TRUE	629	48	0.29623842411742035
ENSG00000160213	chr21:46557033-46557334	629	92633	TRUE	1.2037349486330636e-16	-0.5627868374396039	TRUE	629	49	35.09843015927581
ENSG00000160209	chr21:46557033-46557334	590	86089	TRUE	1.134003835319699e-12	-0.602283149548533	TRUE	629	49	4.281383793243539
ENSG00000183255	chr21:46557033-46557334	569	83067	TRUE	4.025741196520828e-10	-0.48380134553199716	TRUE	629	49	3.3954290238236613
ENSG00000184900	chr21:46557033-46557334	626	91449	TRUE	6.285114249513192e-10	-0.4584335660926464	TRUE	629	49	9.521557965353084
ENSG00000160214	chr21:46557033-46557334	604	87155	TRUE	5.300873325764157e-7	-0.6219923400924507	TRUE	629	49	8.379824369511548
ENSG00000184787	chr21:46557033-46557334	556	79508	TRUE	3.307936720199807e-6	-0.5233551592108492	TRUE	629	49	3.2957592424763273
ENSG00000160208	chr21:46557033-46557334	418	59525	TRUE	4.3920245147273363e-4	-0.47107912047415856	TRUE	629	49	1.3658760169588633
ENSG00000160221	chr21:46557033-46557334	149	21823	TRUE	0.088	-0.38941625918278744	TRUE	629	49	0.29623842411742035
ENSG00000160209	chr21:46557033-46557334	590	86089	TRUE	4.339490989176088e-14	-0.6030382896028788	TRUE	629	50	4.281383793243539
ENSG00000184900	chr21:46557033-46557334	626	91449	TRUE	4.556700271280722e-13	-0.5347607848285261	TRUE	629	50	9.521557965353084
ENSG00000160213	chr21:46557033-46557334	629	92633	TRUE	5.559529914680853e-11	-0.4435303483891744	TRUE	629	50	35.09843015927581
ENSG00000184787	chr21:46557033-46557334	556	79508	TRUE	3.589328976873455e-10	-0.6385223529826838	TRUE	629	50	3.2957592424763273
ENSG00000183255	chr21:46557033-46557334	569	83067	TRUE	1.3019858558502902e-7	-0.4119330887146859	TRUE	629	50	3.3954290238236613
ENSG00000160214	chr21:46557033-46557334	604	87155	TRUE	6.088345648744883e-7	-0.5855241730231593	TRUE	629	50	8.379824369511548
ENSG00000160208	chr21:46557033-46557334	418	59525	TRUE	4.336493464338412e-5	-0.5147343435087064	TRUE	629	50	1.3658760169588633
ENSG00000160221	chr21:46557033-46557334	149	21823	TRUE	0.22	-0.34331984459333365	FALSE	629	50	0.29623842411742035
ENSG00000184900	chr21:46557033-46557334	626	91449	TRUE	4.985919144178785e-9	-0.43896870554491363	TRUE	629	51	9.521557965353084
ENSG00000160213	chr21:46557033-46557334	629	92633	TRUE	5.327623541249516e-9	-0.40819264339773564	TRUE	629	51	35.09843015927581
ENSG00000160208	chr21:46557033-46557334	418	59525	TRUE	7.943737271501718e-7	-0.5851236714001045	TRUE	629	51	1.3658760169588633
ENSG00000160214	chr21:46557033-46557334	604	87155	TRUE	3.39833856080531e-6	-0.5987133275508882	TRUE	629	51	8.379824369511548
ENSG00000184787	chr21:46557033-46557334	556	79508	TRUE	3.727593172582781e-5	-0.4748797037920198	TRUE	629	51	3.2957592424763273
ENSG00000183255	chr21:46557033-46557334	569	83067	TRUE	1.848740657302726e-4	-0.3163445996804344	TRUE	629	51	3.3954290238236613
ENSG00000160209	chr21:46557033-46557334	590	86089	TRUE	9.747259086543072e-4	-0.34315456211431705	TRUE	629	51	4.281383793243539
ENSG00000160221	chr21:46557033-46557334	149	21823	TRUE	0.01034408917282608	-0.5269197829327226	TRUE	629	51	0.29623842411742035
ENSG00000184900	chr21:46557033-46557334	626	91449	TRUE	1.411019318760204e-19	-0.6167407318344384	TRUE	629	52	9.521557965353084
ENSG00000160209	chr21:46557033-46557334	590	86089	TRUE	3.488324219275455e-17	-0.667134293898501	TRUE	629	52	4.281383793243539
ENSG00000160213	chr21:46557033-46557334	629	92633	TRUE	3.5877800164726614e-11	-0.45754681233454875	TRUE	629	52	35.09843015927581
ENSG00000160214	chr21:46557033-46557334	604	87155	TRUE	3.207288038425222e-8	-0.6480015384633182	TRUE	629	52	8.379824369511548
ENSG00000183255	chr21:46557033-46557334	569	83067	TRUE	2.7413866058180036e-7	-0.4085583619340294	TRUE	629	52	3.3954290238236613
ENSG00000184787	chr21:46557033-46557334	556	79508	TRUE	8.225926970477316e-7	-0.5308157836762051	TRUE	629	52	3.2957592424763273
ENSG00000160208	chr21:46557033-46557334	418	59525	TRUE	2.8327247294866742e-5	-0.5081012511762595	TRUE	629	52	1.3658760169588633
ENSG00000160221	chr21:46557033-46557334	149	21823	TRUE	2.441598792580317e-4	-0.6904185152156019	TRUE	629	52	0.29623842411742035
ENSG00000160213	chr21:46557033-46557334	629	92633	TRUE	3.0377723319869774e-22	-0.6226537618343642	TRUE	629	53	35.09843015927581
ENSG00000184900	chr21:46557033-46557334	626	91449	TRUE	2.0082018347874334e-11	-0.4851189267194509	TRUE	629	53	9.521557965353084
ENSG00000160209	chr21:46557033-46557334	590	86089	TRUE	3.297843263095574e-11	-0.5481989021391143	TRUE	629	53	4.281383793243539
ENSG00000160214	chr21:46557033-46557334	604	87155	TRUE	3.70908106084902e-11	-0.7273103662373712	TRUE	629	53	8.379824369511548
ENSG00000184787	chr21:46557033-46557334	556	79508	TRUE	4.27908141409994e-8	-0.5812415148974164	TRUE	629	53	3.2957592424763273
ENSG00000183255	chr21:46557033-46557334	569	83067	TRUE	9.02985106278402e-8	-0.4556674611137246	TRUE	629	53	3.3954290238236613
ENSG00000160208	chr21:46557033-46557334	418	59525	TRUE	2.4627317074365617e-5	-0.5147343435087064	TRUE	629	53	1.3658760169588633
ENSG00000160221	chr21:46557033-46557334	149	21823	TRUE	0.04	-0.49633146309929943	TRUE	629	53	0.29623842411742035
ENSG00000184900	chr21:46557033-46557334	626	91449	TRUE	1.0288947036036554e-11	-0.5055422898231052	TRUE	629	54	9.521557965353084
ENSG00000160213	chr21:46557033-46557334	629	92633	TRUE	7.57081994507856e-10	-0.4486264733630918	TRUE	629	54	35.09843015927581
ENSG00000160214	chr21:46557033-46557334	604	87155	TRUE	1.388781378803682e-9	-0.7116690114426429	TRUE	629	54	8.379824369511548
ENSG00000183255	chr21:46557033-46557334	569	83067	TRUE	2.560498799607496e-8	-0.4504528950479072	TRUE	629	54	3.3954290238236613
ENSG00000160209	chr21:46557033-46557334	590	86089	TRUE	2.011698092576589e-6	-0.4430507517015647	TRUE	629	54	4.281383793243539
ENSG00000184787	chr21:46557033-46557334	556	79508	TRUE	1.7504783622195128e-5	-0.501202016972299	TRUE	629	54	3.2957592424763273
ENSG00000160208	chr21:46557033-46557334	418	59525	TRUE	5.4199544869583914e-5	-0.5081012511762595	TRUE	629	54	1.3658760169588633
ENSG00000160221	chr21:46557033-46557334	149	21823	TRUE	1.5451398688194097e-4	-0.6904185152156019	TRUE	629	54	0.29623842411742035
ENSG00000160209	chr21:46557033-46557334	590	86089	TRUE	6.397100832080215e-13	-0.5955046169174709	TRUE	629	55	4.281383793243539
ENSG00000183255	chr21:46557033-46557334	569	83067	TRUE	7.773334354324251e-13	-0.524316505270711	TRUE	629	55	3.3954290238236613
ENSG00000184900	chr21:46557033-46557334	626	91449	TRUE	2.2096814081806498e-12	-0.4901977263879056	TRUE	629	55	9.521557965353084
ENSG00000160213	chr21:46557033-46557334	629	92633	TRUE	1.2826852901547834e-11	-0.4666060211470491	TRUE	629	55	35.09843015927581
ENSG00000160208	chr21:46557033-46557334	418	59525	TRUE	1.0130873538257475e-5	-0.5169521687585252	TRUE	629	55	1.3658760169588633
ENSG00000160214	chr21:46557033-46557334	604	87155	TRUE	1.9913907787388538e-5	-0.5390173128346825	TRUE	629	55	8.379824369511548
ENSG00000184787	chr21:46557033-46557334	556	79508	TRUE	0.0013024309837736184	-0.41497899816605743	TRUE	629	55	3.2957592424763273
ENSG00000160221	chr21:46557033-46557334	149	21823	TRUE	0.032	-0.48627779843537633	TRUE	629	55	0.29623842411742035
ENSG00000160213	chr21:46557033-46557334	629	92633	TRUE	1.9980162802561973e-9	-0.43127496513698027	TRUE	629	56	35.09843015927581
ENSG00000160209	chr21:46557033-46557334	590	86089	TRUE	3.791900667053465e-6	-0.4518663069954345	TRUE	629	56	4.281383793243539
ENSG00000160208	chr21:46557033-46557334	418	59525	TRUE	8.45512043950742e-6	-0.5258577219804171	TRUE	629	56	1.3658760169588633
ENSG00000183255	chr21:46557033-46557334	569	83067	TRUE	1.4491843990886884e-5	-0.3621227889437446	TRUE	629	56	3.3954290238236613
ENSG00000160221	chr21:46557033-46557334	149	21823	TRUE	1.91526616252026e-4	-0.667518113105523	TRUE	629	56	0.29623842411742035
ENSG00000184900	chr21:46557033-46557334	626	91449	TRUE	2.578786336101171e-4	-0.30540434053943333	TRUE	629	56	9.521557965353084
ENSG00000160214	chr21:46557033-46557334	604	87155	TRUE	6.3212138713452e-4	-0.48763995346908784	TRUE	629	56	8.379824369511548
ENSG00000184787	chr21:46557033-46557334	556	79508	TRUE	0.0040819268367725745	-0.40551866891699095	TRUE	629	56	3.2957592424763273
ENSG00000160213	chr21:46557033-46557334	629	92633	TRUE	1.3367445989995316e-17	-0.5631433665507446	TRUE	629	57	35.09843015927581
ENSG00000183255	chr21:46557033-46557334	569	83067	TRUE	5.215716622422693e-13	-0.5650628476140203	TRUE	629	57	3.3954290238236613
ENSG00000184787	chr21:46557033-46557334	556	79508	TRUE	8.194545133541724e-12	-0.6629065116096431	TRUE	629	57	3.2957592424763273
ENSG00000160214	chr21:46557033-46557334	604	87155	TRUE	5.393976023983213e-8	-0.6913433013215657	TRUE	629	57	8.379824369511548
ENSG00000160209	chr21:46557033-46557334	590	86089	TRUE	3.0822102724352097e-6	-0.4430507517015647	TRUE	629	57	4.281383793243539
ENSG00000184900	chr21:46557033-46557334	626	91449	TRUE	5.482904483733881e-6	-0.3575298785217438	TRUE	629	57	9.521557965353084
ENSG00000160208	chr21:46557033-46557334	418	59525	TRUE	2.0929286039046008e-5	-0.5325731493463945	TRUE	629	57	1.3658760169588633
ENSG00000160221	chr21:46557033-46557334	149	21823	TRUE	0.028	-0.4663782409976718	TRUE	629	57	0.29623842411742035
ENSG00000184787	chr21:46557033-46557334	556	79508	TRUE	1.0738381611624656e-11	-0.6742218248374772	TRUE	629	58	3.2957592424763273
ENSG00000160209	chr21:46557033-46557334	590	86089	TRUE	1.3415774927654807e-9	-0.495367945632021	TRUE	629	58	4.281383793243539
ENSG00000183255	chr21:46557033-46557334	569	83067	TRUE	5.874249027816331e-7	-0.39513784617170766	TRUE	629	58	3.3954290238236613
ENSG00000160213	chr21:46557033-46557334	629	92633	TRUE	1.030850029264162e-6	-0.3712785033485204	TRUE	629	58	35.09843015927581
ENSG00000160214	chr21:46557033-46557334	604	87155	TRUE	1.8450858867615633e-6	-0.5934231878956799	TRUE	629	58	8.379824369511548
ENSG00000160208	chr21:46557033-46557334	418	59525	TRUE	3.4569596420401917e-6	-0.5483651213899867	TRUE	629	58	1.3658760169588633
ENSG00000160221	chr21:46557033-46557334	149	21823	TRUE	1.3852339400548946e-4	-0.6904185152156019	TRUE	629	58	0.29623842411742035
ENSG00000184900	chr21:46557033-46557334	626	91449	TRUE	0.032	-0.2259448951621228	TRUE	629	58	9.521557965353084
ENSG00000160213	chr21:46557033-46557334	629	92633	TRUE	2.8547942746416736e-9	-0.4423001146309158	TRUE	629	59	35.09843015927581
ENSG00000160214	chr21:46557033-46557334	604	87155	TRUE	9.83888851512047e-9	-0.6601961703788342	TRUE	629	59	8.379824369511548
ENSG00000183255	chr21:46557033-46557334	569	83067	TRUE	2.415746042256438e-8	-0.4469869593487594	TRUE	629	59	3.3954290238236613
ENSG00000160209	chr21:46557033-46557334	590	86089	TRUE	3.535389160035508e-6	-0.4416992808384357	TRUE	629	59	4.281383793243539
ENSG00000184900	chr21:46557033-46557334	626	91449	TRUE	3.5806937628900075e-6	-0.36217811465192806	TRUE	629	59	9.521557965353084
ENSG00000184787	chr21:46557033-46557334	556	79508	TRUE	5.197783443152554e-5	-0.4929815101673305	TRUE	629	59	3.2957592424763273
ENSG00000160208	chr21:46557033-46557334	418	59525	TRUE	0.008271993855896609	-0.39364252659134463	TRUE	629	59	1.3658760169588633
ENSG00000160221	chr21:46557033-46557334	149	21823	TRUE	0.056	-0.42738410938180804	TRUE	629	59	0.29623842411742035
ENSG00000160213	chr21:46557033-46557334	629	92633	TRUE	7.441411645857888e-15	-0.5369078095195405	TRUE	629	60	35.09843015927581
ENSG00000183255	chr21:46557033-46557334	569	83067	TRUE	2.1435545771849454e-12	-0.5371568510441356	TRUE	629	60	3.3954290238236613
ENSG00000184900	chr21:46557033-46557334	626	91449	TRUE	5.2504387000613205e-12	-0.48353546147335313	TRUE	629	60	9.521557965353084
ENSG00000160209	chr21:46557033-46557334	590	86089	TRUE	5.527807551354878e-9	-0.4897706736609302	TRUE	629	60	4.281383793243539
ENSG00000184787	chr21:46557033-46557334	556	79508	TRUE	1.8619815901594434e-7	-0.559141858030203	TRUE	629	60	3.2957592424763273
ENSG00000160214	chr21:46557033-46557334	604	87155	TRUE	1.0615065528522312e-6	-0.6059239714647973	TRUE	629	60	8.379824369511548
ENSG00000160208	chr21:46557033-46557334	418	59525	TRUE	1.0439208229808938e-5	-0.5213980737897174	TRUE	629	60	1.3658760169588633
ENSG00000160221	chr21:46557033-46557334	149	21823	TRUE	0.084	-0.41779806055260993	TRUE	629	60	0.29623842411742035
ENSG00000184900	chr21:46557033-46557334	626	91449	TRUE	2.398200739688889e-11	-0.4857527997704607	TRUE	629	61	9.521557965353084
ENSG00000160213	chr21:46557033-46557334	629	92633	TRUE	9.585227129838047e-10	-0.43984278983159175	TRUE	629	61	35.09843015927581
ENSG00000184787	chr21:46557033-46557334	556	79508	TRUE	5.200349223927495e-9	-0.6175191426140989	TRUE	629	61	3.2957592424763273
ENSG00000160209	chr21:46557033-46557334	590	86089	TRUE	1.4139951234314063e-8	-0.5144206882298366	TRUE	629	61	4.281383793243539
ENSG00000160214	chr21:46557033-46557334	604	87155	TRUE	1.0223813307559714e-6	-0.6150839707502733	TRUE	629	61	8.379824369511548
ENSG00000183255	chr21:46557033-46557334	569	83067	TRUE	1.0855017844560482e-6	-0.40519151083563076	TRUE	629	61	3.3954290238236613
ENSG00000160208	chr21:46557033-46557334	418	59525	TRUE	3.5084304748396467e-4	-0.47754378420028976	TRUE	629	61	1.3658760169588633
ENSG00000160221	chr21:46557033-46557334	149	21823	TRUE	0.076	-0.4370342794155273	TRUE	629	61	0.29623842411742035
ENSG00000160213	chr21:46557033-46557334	629	92633	TRUE	2.9538214917033674e-11	-0.4718681365524624	TRUE	629	62	35.09843015927581
ENSG00000160214	chr21:46557033-46557334	604	87155	TRUE	3.191057643521728e-8	-0.6621727360269443	TRUE	629	62	8.379824369511548
ENSG00000184787	chr21:46557033-46557334	556	79508	TRUE	3.6066311591089915e-8	-0.5938840194821509	TRUE	629	62	3.2957592424763273
ENSG00000184900	chr21:46557033-46557334	626	91449	TRUE	1.731112640935466e-7	-0.39692933857669344	TRUE	629	62	9.521557965353084
ENSG00000160209	chr21:46557033-46557334	590	86089	TRUE	6.145676760795256e-4	-0.3602881552234396	TRUE	629	62	4.281383793243539
ENSG00000183255	chr21:46557033-46557334	569	83067	TRUE	0.0011503160327551928	-0.2827466086255144	TRUE	629	62	3.3954290238236613
ENSG00000160208	chr21:46557033-46557334	418	59525	TRUE	0.024	-0.3794486450085901	TRUE	629	62	1.3658760169588633
ENSG00000160221	chr21:46557033-46557334	149	21823	TRUE	0.556	-0.10161394820005132	FALSE	629	62	0.29623842411742035
ENSG00000184900	chr21:46557033-46557334	626	91449	TRUE	8.581686157809083e-9	-0.4337609674991878	TRUE	629	63	9.521557965353084
ENSG00000160214	chr21:46557033-46557334	604	87155	TRUE	1.376319108713827e-8	-0.6792839245495177	TRUE	629	63	8.379824369511548
ENSG00000184787	chr21:46557033-46557334	556	79508	TRUE	1.569620604663564e-7	-0.5581886402612086	TRUE	629	63	3.2957592424763273
ENSG00000160208	chr21:46557033-46557334	418	59525	TRUE	4.416446963601689e-5	-0.5147343435087064	TRUE	629	63	1.3658760169588633
ENSG00000183255	chr21:46557033-46557334	569	83067	TRUE	0.0017878739538704086	-0.2974958389309805	TRUE	629	63	3.3954290238236613
ENSG00000160213	chr21:46557033-46557334	629	92633	TRUE	0.036	-0.24514291805652189	TRUE	629	63	35.09843015927581
ENSG00000160221	chr21:46557033-46557334	149	21823	TRUE	0.04	-0.44674943424873925	TRUE	629	63	0.29623842411742035
ENSG00000160209	chr21:46557033-46557334	590	86089	TRUE	0.044	-0.28686221278033375	TRUE	629	63	4.281383793243539
ENSG00000160213	chr21:46557033-46557334	629	92633	TRUE	8.346059477940675e-18	-0.588231219682152	TRUE	629	64	35.09843015927581
ENSG00000184900	chr21:46557033-46557334	626	91449	TRUE	9.11568174713393e-16	-0.5827772541653253	TRUE	629	64	9.521557965353084
ENSG00000184787	chr21:46557033-46557334	556	79508	TRUE	1.1296817982693317e-10	-0.6700968898161221	TRUE	629	64	3.2957592424763273
ENSG00000160208	chr21:46557033-46557334	418	59525	TRUE	9.206282657500914e-8	-0.6252338847742571	TRUE	629	64	1.3658760169588633
ENSG00000160209	chr21:46557033-46557334	590	86089	TRUE	1.897180488078529e-6	-0.4471127770248	TRUE	629	64	4.281383793243539
ENSG00000160214	chr21:46557033-46557334	604	87155	TRUE	9.289629471084327e-5	-0.5550880060483632	TRUE	629	64	8.379824369511548
ENSG00000183255	chr21:46557033-46557334	569	83067	TRUE	1.0219819239220673e-4	-0.35479738230649827	TRUE	629	64	3.3954290238236613
ENSG00000160221	chr21:46557033-46557334	149	21823	TRUE	0.556	-0.2811633685307642	FALSE	629	64	0.29623842411742035
ENSG00000160213	chr21:46557033-46557334	629	92633	TRUE	1.0764879311225633e-7	-0.4130045719485853	TRUE	629	65	35.09843015927581
ENSG00000160209	chr21:46557033-46557334	590	86089	TRUE	3.1988506384651147e-7	-0.48419503371276384	TRUE	629	65	4.281383793243539
ENSG00000184900	chr21:46557033-46557334	626	91449	TRUE	3.9962371186437647e-7	-0.40350199250017926	TRUE	629	65	9.521557965353084
ENSG00000183255	chr21:46557033-46557334	569	83067	TRUE	1.0724729503665525e-6	-0.40099396629497264	TRUE	629	65	3.3954290238236613
ENSG00000160214	chr21:46557033-46557334	604	87155	TRUE	1.941698100478735e-5	-0.5832752325195969	TRUE	629	65	8.379824369511548
ENSG00000160208	chr21:46557033-46557334	418	59525	TRUE	6.1013956039198715e-5	-0.5147343435087064	TRUE	629	65	1.3658760169588633
ENSG00000160221	chr21:46557033-46557334	149	21823	TRUE	1.4244907184184433e-4	-0.7020064894908136	TRUE	629	65	0.29623842411742035
ENSG00000184787	chr21:46557033-46557334	556	79508	TRUE	2.463066629335162e-4	-0.45789084569896876	TRUE	629	65	3.2957592424763273
ENSG00000160213	chr21:46557033-46557334	629	92633	TRUE	1.9552430030433907e-18	-0.5763972689582566	TRUE	629	66	35.09843015927581
ENSG00000184900	chr21:46557033-46557334	626	91449	TRUE	8.037236443340836e-8	-0.41251323379514826	TRUE	629	66	9.521557965353084
ENSG00000183255	chr21:46557033-46557334	569	83067	TRUE	8.513102111511688e-8	-0.43921891463582474	TRUE	629	66	3.3954290238236613
ENSG00000160208	chr21:46557033-46557334	418	59525	TRUE	2.82157302688448e-7	-0.5944615359794406	TRUE	629	66	1.3658760169588633
ENSG00000184787	chr21:46557033-46557334	556	79508	TRUE	2.0034852261556838e-5	-0.477580537730683	TRUE	629	66	3.2957592424763273
ENSG00000160214	chr21:46557033-46557334	604	87155	TRUE	1.3142441071541805e-4	-0.5426540554735699	TRUE	629	66	8.379824369511548
ENSG00000160209	chr21:46557033-46557334	590	86089	TRUE	0.0018180115266002127	-0.34315456211431705	TRUE	629	66	4.281383793243539
ENSG00000160221	chr21:46557033-46557334	149	21823	TRUE	0.0019616941004741706	-0.5793872028268581	TRUE	629	66	0.29623842411742035
ENSG00000160213	chr21:46557033-46557334	629	92633	TRUE	3.635666053191816e-14	-0.48557256033822416	TRUE	629	67	35.09843015927581
ENSG00000183255	chr21:46557033-46557334	569	83067	TRUE	6.295229805340928e-9	-0.4530578221008894	TRUE	629	67	3.3954290238236613
ENSG00000160214	chr21:46557033-46557334	604	87155	TRUE	8.913209943015488e-8	-0.648785185978995	TRUE	629	67	8.379824369511548
ENSG00000184787	chr21:46557033-46557334	556	79508	TRUE	1.169983601116871e-7	-0.5496379037596479	TRUE	629	67	3.2957592424763273
ENSG00000184900	chr21:46557033-46557334	626	91449	TRUE	1.4281218537482159e-7	-0.39246509043209565	TRUE	629	67	9.521557965353084
ENSG00000160209	chr21:46557033-46557334	590	86089	TRUE	6.009676440471741e-6	-0.43093284996936543	TRUE	629	67	4.281383793243539
ENSG00000160208	chr21:46557033-46557334	418	59525	TRUE	6.350970291390276e-6	-0.5483651213899867	TRUE	629	67	1.3658760169588633
ENSG00000160221	chr21:46557033-46557334	149	21823	TRUE	0.032	-0.4565304550413245	TRUE	629	67	0.29623842411742035
ENSG00000160214	chr21:46557033-46557334	604	87155	TRUE	1.1222797487033356e-10	-0.6816877491115743	TRUE	629	68	8.379824369511548
ENSG00000184900	chr21:46557033-46557334	626	91449	TRUE	1.9576216341731954e-10	-0.46092419259105144	TRUE	629	68	9.521557965353084
ENSG00000160213	chr21:46557033-46557334	629	92633	TRUE	2.1735744941349432e-8	-0.3929806692448272	TRUE	629	68	35.09843015927581
ENSG00000183255	chr21:46557033-46557334	569	83067	TRUE	5.703779136747764e-8	-0.4246590904395344	TRUE	629	68	3.3954290238236613
ENSG00000184787	chr21:46557033-46557334	556	79508	TRUE	1.3448775748420901e-5	-0.500286310790564	TRUE	629	68	3.2957592424763273
ENSG00000160209	chr21:46557033-46557334	590	86089	TRUE	2.1906260790046598e-5	-0.3997633236710214	TRUE	629	68	4.281383793243539
ENSG00000160208	chr21:46557033-46557334	418	59525	TRUE	0.0024079868657048385	-0.42453653453712825	TRUE	629	68	1.3658760169588633
ENSG00000160221	chr21:46557033-46557334	149	21823	TRUE	0.032	-0.44674943424873925	TRUE	629	68	0.29623842411742035
ENSG00000160213	chr21:46557033-46557334	629	92633	TRUE	7.508004655027854e-17	-0.5408523559413707	TRUE	629	69	35.09843015927581
ENSG00000184900	chr21:46557033-46557334	626	91449	TRUE	5.578850482447241e-15	-0.5515844457113412	TRUE	629	69	9.521557965353084
ENSG00000160209	chr21:46557033-46557334	590	86089	TRUE	9.170876330678576e-14	-0.5992665357136702	TRUE	629	69	4.281383793243539
ENSG00000184787	chr21:46557033-46557334	556	79508	TRUE	5.385655220863985e-11	-0.6700968898161221	TRUE	629	69	3.2957592424763273
ENSG00000160214	chr21:46557033-46557334	604	87155	TRUE	1.3314333681955278e-8	-0.6464355192692386	TRUE	629	69	8.379824369511548
ENSG00000183255	chr21:46557033-46557334	569	83067	TRUE	3.128395573718314e-7	-0.41277800530743836	TRUE	629	69	3.3954290238236613
ENSG00000160208	chr21:46557033-46557334	418	59525	TRUE	2.166610285504289e-5	-0.5303311985597251	TRUE	629	69	1.3658760169588633
ENSG00000160221	chr21:46557033-46557334	149	21823	TRUE	5.659101492879182e-4	-0.6338349868492346	TRUE	629	69	0.29623842411742035
ENSG00000160214	chr21:46557033-46557334	604	87155	TRUE	6.7303130472598114e-9	-0.641747635239061	TRUE	629	70	8.379824369511548
ENSG00000184900	chr21:46557033-46557334	626	91449	TRUE	3.994652706689047e-6	-0.36713333029113926	TRUE	629	70	9.521557965353084
ENSG00000160213	chr21:46557033-46557334	629	92633	TRUE	4.725329446024842e-6	-0.3494366730805192	TRUE	629	70	35.09843015927581
ENSG00000160208	chr21:46557033-46557334	418	59525	TRUE	2.3291211328121605e-5	-0.5081012511762595	TRUE	629	70	1.3658760169588633
ENSG00000160209	chr21:46557033-46557334	590	86089	TRUE	2.3930951900855146e-5	-0.3964867039548321	TRUE	629	70	4.281383793243539
ENSG00000160221	chr21:46557033-46557334	149	21823	TRUE	3.3471653283073666e-5	-0.7735597505158478	TRUE	629	70	0.29623842411742035
ENSG00000184787	chr21:46557033-46557334	556	79508	TRUE	7.27063746532565e-4	-0.40981112980711676	TRUE	629	70	3.2957592424763273
ENSG00000183255	chr21:46557033-46557334	569	83067	TRUE	0.001740973769258209	-0.2912672483997556	TRUE	629	70	3.3954290238236613
ENSG00000184900	chr21:46557033-46557334	626	91449	TRUE	3.1275905070127935e-16	-0.5824382352374604	TRUE	629	71	9.521557965353084
ENSG00000160213	chr21:46557033-46557334	629	92633	TRUE	1.3372682722079872e-10	-0.4262396587118795	TRUE	629	71	35.09843015927581
ENSG00000160214	chr21:46557033-46557334	604	87155	TRUE	4.908948345649163e-9	-0.6429181789469989	TRUE	629	71	8.379824369511548
ENSG00000184787	chr21:46557033-46557334	556	79508	TRUE	1.2840799954840832e-7	-0.5648744286491161	TRUE	629	71	3.2957592424763273
ENSG00000160209	chr21:46557033-46557334	590	86089	TRUE	4.988335442406369e-7	-0.4491480866135631	TRUE	629	71	4.281383793243539
ENSG00000183255	chr21:46557033-46557334	569	83067	TRUE	1.910216184904329e-6	-0.3727700331432533	TRUE	629	71	3.3954290238236613
ENSG00000160208	chr21:46557033-46557334	418	59525	TRUE	1.5762219736462882e-4	-0.4993043029391005	TRUE	629	71	1.3658760169588633
ENSG00000160221	chr21:46557033-46557334	149	21823	TRUE	0.0021091683816623907	-0.5793872028268581	TRUE	629	71	0.29623842411742035
ENSG00000184900	chr21:46557033-46557334	626	91449	TRUE	4.228473069992235e-13	-0.5433130376574424	TRUE	629	72	9.521557965353084
ENSG00000160213	chr21:46557033-46557334	629	92633	TRUE	6.7138717734870865e-11	-0.4673565778487374	TRUE	629	72	35.09843015927581
ENSG00000160214	chr21:46557033-46557334	604	87155	TRUE	1.7670045173541135e-7	-0.6270023719823117	TRUE	629	72	8.379824369511548
ENSG00000183255	chr21:46557033-46557334	569	83067	TRUE	5.040430413486637e-7	-0.41785792267179134	TRUE	629	72	3.3954290238236613
ENSG00000160209	chr21:46557033-46557334	590	86089	TRUE	2.0423374622912348e-4	-0.37698174204267465	TRUE	629	72	4.281383793243539
ENSG00000160208	chr21:46557033-46557334	418	59525	TRUE	2.6244163374822965e-4	-0.4582360530993453	TRUE	629	72	1.3658760169588633
ENSG00000184787	chr21:46557033-46557334	556	79508	TRUE	0.001455255765252933	-0.41497899816605743	TRUE	629	72	3.2957592424763273
ENSG00000160221	chr21:46557033-46557334	149	21823	TRUE	0.024	-0.5064556803730067	TRUE	629	72	0.29623842411742035
ENSG00000160213	chr21:46557033-46557334	629	92633	TRUE	2.0086334936961382e-11	-0.460781648921067	TRUE	629	73	35.09843015927581
ENSG00000183255	chr21:46557033-46557334	569	83067	TRUE	3.567373411803433e-6	-0.36784615450396796	TRUE	629	73	3.3954290238236613
ENSG00000160214	chr21:46557033-46557334	604	87155	TRUE	1.949260221397256e-5	-0.5889041707602631	TRUE	629	73	8.379824369511548
ENSG00000184787	chr21:46557033-46557334	556	79508	TRUE	1.7583335646737279e-4	-0.4802864373189635	TRUE	629	73	3.2957592424763273
ENSG00000184900	chr21:46557033-46557334	626	91449	TRUE	7.829525532919539e-4	-0.2845738452405677	TRUE	629	73	9.521557965353084
ENSG00000160208	chr21:46557033-46557334	418	59525	TRUE	0.00279090934875572	-0.42870617628608343	TRUE	629	73	1.3658760169588633
ENSG00000160209	chr21:46557033-46557334	590	86089	TRUE	0.003062900691287458	-0.33560446180780956	TRUE	629	73	4.281383793243539
ENSG00000160221	chr21:46557033-46557334	149	21823	TRUE	0.092	-0.39881495718503723	TRUE	629	73	0.29623842411742035
ENSG00000160209	chr21:46557033-46557334	590	86089	TRUE	4.2919179774107066e-13	-0.5932521651860925	TRUE	629	74	4.281383793243539
ENSG00000184900	chr21:46557033-46557334	626	91449	TRUE	1.6409890206236056e-12	-0.5272373609224243	TRUE	629	74	9.521557965353084
ENSG00000160213	chr21:46557033-46557334	629	92633	TRUE	2.4866233500929545e-12	-0.4681075252280005	TRUE	629	74	35.09843015927581
ENSG00000160214	chr21:46557033-46557334	604	87155	TRUE	4.815293953628481e-10	-0.7039114702447429	TRUE	629	74	8.379824369511548
ENSG00000160208	chr21:46557033-46557334	418	59525	TRUE	3.271942694610581e-8	-0.6542337564968096	TRUE	629	74	1.3658760169588633
ENSG00000184787	chr21:46557033-46557334	556	79508	TRUE	1.1810899142206338e-5	-0.5308157836762051	TRUE	629	74	3.2957592424763273
ENSG00000160221	chr21:46557033-46557334	149	21823	TRUE	1.574418804429524e-5	-0.7613850365697452	TRUE	629	74	0.29623842411742035
ENSG00000183255	chr21:46557033-46557334	569	83067	TRUE	4.00637202875781e-4	-0.3298463859199887	TRUE	629	74	3.3954290238236613
ENSG00000184900	chr21:46557033-46557334	626	91449	TRUE	1.6121359193047935e-7	-0.4005107099836289	TRUE	629	75	9.521557965353084
ENSG00000160214	chr21:46557033-46557334	604	87155	TRUE	2.214089435923107e-7	-0.6440896731574428	TRUE	629	75	8.379824369511548
ENSG00000160213	chr21:46557033-46557334	629	92633	TRUE	4.3311291117594745e-7	-0.4003675127453752	TRUE	629	75	35.09843015927581
ENSG00000160208	chr21:46557033-46557334	418	59525	TRUE	1.1979937908248288e-6	-0.5874524774600773	TRUE	629	75	1.3658760169588633
ENSG00000160209	chr21:46557033-46557334	590	86089	TRUE	8.857827183431262e-5	-0.3991074041139677	TRUE	629	75	4.281383793243539
ENSG00000183255	chr21:46557033-46557334	569	83067	TRUE	1.0856162133668443e-4	-0.34428147618355753	TRUE	629	75	3.3954290238236613
ENSG00000184787	chr21:46557033-46557334	556	79508	TRUE	1.8471813600983962e-4	-0.4685973515403714	TRUE	629	75	3.2957592424763273
ENSG00000160221	chr21:46557033-46557334	149	21823	TRUE	0.444	-0.26388537709892845	FALSE	629	75	0.29623842411742035
ENSG00000160213	chr21:46557033-46557334	629	92633	TRUE	1.7741171843121996e-9	-0.44484375506049734	TRUE	629	76	35.09843015927581
ENSG00000160214	chr21:46557033-46557334	604	87155	TRUE	2.6364996191261678e-9	-0.6804853361727758	TRUE	629	76	8.379824369511548
ENSG00000183255	chr21:46557033-46557334	569	83067	TRUE	4.689215783462789e-9	-0.4644005086088214	TRUE	629	76	3.3954290238236613
ENSG00000184900	chr21:46557033-46557334	626	91449	TRUE	7.20177951482102e-9	-0.4408112281975134	TRUE	629	76	9.521557965353084
ENSG00000160209	chr21:46557033-46557334	590	86089	TRUE	1.2067083918080104e-7	-0.47103861627028043	TRUE	629	76	4.281383793243539
ENSG00000184787	chr21:46557033-46557334	556	79508	TRUE	7.416026525248128e-7	-0.5458537834500887	TRUE	629	76	3.2957592424763273
ENSG00000160208	chr21:46557033-46557334	418	59525	TRUE	3.883968255444454e-6	-0.5460985144180416	TRUE	629	76	1.3658760169588633
ENSG00000160221	chr21:46557033-46557334	149	21823	TRUE	0.248	-0.35242205170058605	FALSE	629	76	0.29623842411742035
ENSG00000160209	chr21:46557033-46557334	590	86089	TRUE	1.0530421271076748e-7	-0.47310798555774447	TRUE	629	77	4.281383793243539
ENSG00000184787	chr21:46557033-46557334	556	79508	TRUE	5.471720427811275e-7	-0.5543820548314737	TRUE	629	77	3.2957592424763273
ENSG00000183255	chr21:46557033-46557334	569	83067	TRUE	7.2607267053281105e-6	-0.3884741158906968	TRUE	629	77	3.3954290238236613
ENSG00000160208	chr21:46557033-46557334	418	59525	TRUE	2.3668158630174227e-5	-0.5147343435087064	TRUE	629	77	1.3658760169588633
ENSG00000160213	chr21:46557033-46557334	629	92633	TRUE	4.118898651497491e-5	-0.3317881063195589	TRUE	629	77	35.09843015927581
ENSG00000184900	chr21:46557033-46557334	626	91449	TRUE	1.0536218090873711e-4	-0.32030805697378106	TRUE	629	77	9.521557965353084
ENSG00000160214	chr21:46557033-46557334	604	87155	TRUE	0.0022630625811630306	-0.47091286706363933	TRUE	629	77	8.379824369511548
ENSG00000160221	chr21:46557033-46557334	149	21823	TRUE	0.4	-0.3074746456466113	FALSE	629	77	0.29623842411742035
ENSG00000184900	chr21:46557033-46557334	626	91449	TRUE	8.174681203594678e-12	-0.47784933396026075	TRUE	629	78	9.521557965353084
ENSG00000160214	chr21:46557033-46557334	604	87155	TRUE	4.6156159166170475e-09	-0.6760850428821983	TRUE	629	78	8.379824369511548
ENSG00000160213	chr21:46557033-46557334	629	92633	TRUE	5.753665238931863e-9	-0.42761855942658844	TRUE	629	78	35.09843015927581
ENSG00000160209	chr21:46557033-46557334	590	86089	TRUE	3.3601564803658235e-8	-0.4932664229867334	TRUE	629	78	4.281383793243539
ENSG00000160208	chr21:46557033-46557334	418	59525	TRUE	1.0842643899804544e-7	-0.6180740932013911	TRUE	629	78	1.3658760169588633
ENSG00000184787	chr21:46557033-46557334	556	79508	TRUE	1.8501616079055966e-7	-0.5505854867433948	TRUE	629	78	3.2957592424763273
ENSG00000183255	chr21:46557033-46557334	569	83067	TRUE	7.385681393842552e-6	-0.37688614161548517	TRUE	629	78	3.3954290238236613
ENSG00000160221	chr21:46557033-46557334	149	21823	TRUE	2.603227781028481e-4	-0.6904185152156019	TRUE	629	78	0.29623842411742035
ENSG00000160213	chr21:46557033-46557334	629	92633	TRUE	7.038348330348651e-15	-0.48135489072351767	TRUE	629	79	35.09843015927581
ENSG00000184900	chr21:46557033-46557334	626	91449	TRUE	1.3898265183347632e-14	-0.5171587742957469	TRUE	629	79	9.521557965353084
ENSG00000160214	chr21:46557033-46557334	604	87155	TRUE	1.6458780239090876e-12	-0.7502538098054017	TRUE	629	79	8.379824369511548
ENSG00000184787	chr21:46557033-46557334	556	79508	TRUE	1.2053911243036257e-10	-0.6304850339172654	TRUE	629	79	3.2957592424763273
ENSG00000160209	chr21:46557033-46557334	590	86089	TRUE	3.2182252379118266e-10	-0.5229700171945164	TRUE	629	79	4.281383793243539
ENSG00000160208	chr21:46557033-46557334	418	59525	TRUE	1.6168687883959845e-9	-0.6888205680288595	TRUE	629	79	1.3658760169588633
ENSG00000183255	chr21:46557033-46557334	569	83067	TRUE	9.30500140779774e-6	-0.3426704262775724	TRUE	629	79	3.3954290238236613
ENSG00000160221	chr21:46557033-46557334	149	21823	TRUE	0.024	-0.48627779843537633	TRUE	629	79	0.29623842411742035
ENSG00000184900	chr21:46557033-46557334	626	91449	TRUE	6.723099053762361e-12	-0.49721039837042946	TRUE	629	80	9.521557965353084
ENSG00000160209	chr21:46557033-46557334	590	86089	TRUE	1.4559395208230366e-10	-0.5423932804579086	TRUE	629	80	4.281383793243539
ENSG00000184787	chr21:46557033-46557334	556	79508	TRUE	1.501624592290404e-10	-0.6516792561863887	TRUE	629	80	3.2957592424763273
ENSG00000160214	chr21:46557033-46557334	604	87155	TRUE	5.273988844928766e-10	-0.7002513540129502	TRUE	629	80	8.379824369511548
ENSG00000183255	chr21:46557033-46557334	569	83067	TRUE	1.0471144863460815e-9	-0.4776000063636807	TRUE	629	80	3.3954290238236613
ENSG00000160213	chr21:46557033-46557334	629	92633	TRUE	5.1295618611217945e-9	-0.4256722589076043	TRUE	629	80	35.09843015927581
ENSG00000160208	chr21:46557033-46557334	418	59525	TRUE	9.447108564622237e-5	-0.4797051254897571	TRUE	629	80	1.3658760169588633
ENSG00000160221	chr21:46557033-46557334	149	21823	TRUE	0.003121412240611264	-0.5901136094199164	TRUE	629	80	0.29623842411742035
ENSG00000184787	chr21:46557033-46557334	556	79508	TRUE	1.6691238790112297e-12	-0.679394634398212	TRUE	629	81	3.2957592424763273
ENSG00000160208	chr21:46557033-46557334	418	59525	TRUE	2.5523084256289614e-9	-0.6763727337660582	TRUE	629	81	1.3658760169588633
ENSG00000184900	chr21:46557033-46557334	626	91449	TRUE	3.0181852859422463e-9	-0.4230979844363145	TRUE	629	81	9.521557965353084
ENSG00000160209	chr21:46557033-46557334	590	86089	TRUE	3.8032331799267875e-9	-0.4876772826659801	TRUE	629	81	4.281383793243539
ENSG00000160213	chr21:46557033-46557334	629	92633	TRUE	1.0221954833820228e-8	-0.424862074666124	TRUE	629	81	35.09843015927581
ENSG00000183255	chr21:46557033-46557334	569	83067	TRUE	5.648394972588081e-7	-0.4255114952152266	TRUE	629	81	3.3954290238236613
ENSG00000160214	chr21:46557033-46557334	604	87155	TRUE	4.4951979693171745e-5	-0.528161768457315	TRUE	629	81	8.379824369511548
ENSG00000160221	chr21:46557033-46557334	149	21823	TRUE	0.0016514489822531397	-0.5901136094199164	TRUE	629	81	0.29623842411742035
ENSG00000184787	chr21:46557033-46557334	556	79508	TRUE	1.814851068697822e-11	-0.6721578830821868	TRUE	629	82	3.2957592424763273
ENSG00000160209	chr21:46557033-46557334	590	86089	TRUE	5.6287023296310585e-11	-0.5366109278639026	TRUE	629	82	4.281383793243539
ENSG00000184900	chr21:46557033-46557334	626	91449	TRUE	2.4885561394916827e-10	-0.448204940938457	TRUE	629	82	9.521557965353084
ENSG00000160208	chr21:46557033-46557334	418	59525	TRUE	1.1061978778778738e-9	-0.6838285386851053	TRUE	629	82	1.3658760169588633
ENSG00000160213	chr21:46557033-46557334	629	92633	TRUE	1.452601207011352e-8	-0.399093961178302	TRUE	629	82	35.09843015927581
ENSG00000160214	chr21:46557033-46557334	604	87155	TRUE	1.5925807598282703e-6	-0.5821520755606597	TRUE	629	82	8.379824369511548
ENSG00000160221	chr21:46557033-46557334	149	21823	TRUE	2.742540024858846e-4	-0.667518113105523	TRUE	629	82	0.29623842411742035
ENSG00000183255	chr21:46557033-46557334	569	83067	TRUE	9.220729224461537e-4	-0.3021849927044633	TRUE	629	82	3.3954290238236613
ENSG00000160209	chr21:46557033-46557334	590	86089	TRUE	6.099676003983964e-18	-0.6886140213089527	TRUE	629	83	4.281383793243539
ENSG00000160214	chr21:46557033-46557334	604	87155	TRUE	6.116834204880866e-11	-0.6941717198962443	TRUE	629	83	8.379824369511548
ENSG00000160213	chr21:46557033-46557334	629	92633	TRUE	2.2909866807257367e-10	-0.44484375506049734	TRUE	629	83	35.09843015927581
ENSG00000184900	chr21:46557033-46557334	626	91449	TRUE	3.755112187518695e-8	-0.42158111431351575	TRUE	629	83	9.521557965353084
ENSG00000184787	chr21:46557033-46557334	556	79508	TRUE	1.5313991692440278e-6	-0.5242856300853402	TRUE	629	83	3.2957592424763273
ENSG00000160221	chr21:46557033-46557334	149	21823	TRUE	1.903288137612225e-6	-0.8488478778200848	TRUE	629	83	0.29623842411742035
ENSG00000183255	chr21:46557033-46557334	569	83067	TRUE	5.785544750847499e-6	-0.38515375759908554	TRUE	629	83	3.3954290238236613
ENSG00000160208	chr21:46557033-46557334	418	59525	TRUE	7.753517846585982e-5	-0.5169521687585252	TRUE	629	83	1.3658760169588633
ENSG00000183255	chr21:46557033-46557334	569	83067	TRUE	2.8802498528073164e-15	-0.6098973097530762	TRUE	629	84	3.3954290238236613
ENSG00000160213	chr21:46557033-46557334	629	92633	TRUE	1.719442464131193e-13	-0.5377834438271263	TRUE	629	84	35.09843015927581
ENSG00000160209	chr21:46557033-46557334	590	86089	TRUE	1.6362709508713273e-9	-0.5258310891106599	TRUE	629	84	4.281383793243539
ENSG00000160214	chr21:46557033-46557334	604	87155	TRUE	1.3137430416738905e-8	-0.6689133874799431	TRUE	629	84	8.379824369511548
ENSG00000184787	chr21:46557033-46557334	556	79508	TRUE	4.6574679244606055e-6	-0.5131593921049606	TRUE	629	84	3.2957592424763273
ENSG00000184900	chr21:46557033-46557334	626	91449	TRUE	1.5060230304032255e-5	-0.356080370672601	TRUE	629	84	9.521557965353084
ENSG00000160208	chr21:46557033-46557334	418	59525	TRUE	3.545110709372339e-4	-0.48186970960307984	TRUE	629	84	1.3658760169588633
ENSG00000160221	chr21:46557033-46557334	149	21823	TRUE	0.01420460813643079	-0.49633146309929943	TRUE	629	84	0.29623842411742035
ENSG00000160214	chr21:46557033-46557334	604	87155	TRUE	2.0555813143424673e-9	-0.6820887762276766	TRUE	629	85	8.379824369511548
ENSG00000184787	chr21:46557033-46557334	556	79508	TRUE	1.0369994008919536e-6	-0.5401961485881628	TRUE	629	85	3.2957592424763273
ENSG00000183255	chr21:46557033-46557334	569	83067	TRUE	4.434597058891902e-6	-0.38764330962478355	TRUE	629	85	3.3954290238236613
ENSG00000160209	chr21:46557033-46557334	590	86089	TRUE	5.8022231822222464e-5	-0.3880021576586825	TRUE	629	85	4.281383793243539
ENSG00000184900	chr21:46557033-46557334	626	91449	TRUE	6.869843300525043e-5	-0.32909722560751087	TRUE	629	85	9.521557965353084
ENSG00000160221	chr21:46557033-46557334	149	21823	TRUE	0.002568034129619319	-0.5581707169171621	TRUE	629	85	0.29623842411742035
ENSG00000160213	chr21:46557033-46557334	629	92633	TRUE	0.0028211791102309217	-0.29142879762880014	TRUE	629	85	35.09843015927581
ENSG00000160208	chr21:46557033-46557334	418	59525	TRUE	0.024	-0.35941089177204505	TRUE	629	85	1.3658760169588633
ENSG00000160213	chr21:46557033-46557334	629	92633	TRUE	2.2606742743497677e-20	-0.5802710036380372	TRUE	629	86	35.09843015927581
ENSG00000184900	chr21:46557033-46557334	626	91449	TRUE	5.507970705863997e-18	-0.5780382234910117	TRUE	629	86	9.521557965353084
ENSG00000160209	chr21:46557033-46557334	590	86089	TRUE	4.235382954291111e-7	-0.44102401986617856	TRUE	629	86	4.281383793243539
ENSG00000184787	chr21:46557033-46557334	556	79508	TRUE	2.1585009981023675e-6	-0.5242856300853402	TRUE	629	86	3.2957592424763273
ENSG00000183255	chr21:46557033-46557334	569	83067	TRUE	3.7739985669257544e-6	-0.38349643973631165	TRUE	629	86	3.3954290238236613
ENSG00000160208	chr21:46557033-46557334	418	59525	TRUE	5.691574072104249e-6	-0.5303311985597251	TRUE	629	86	1.3658760169588633
ENSG00000160214	chr21:46557033-46557334	604	87155	TRUE	1.679200901517604e-5	-0.562452468394671	TRUE	629	86	8.379824369511548
ENSG00000160221	chr21:46557033-46557334	149	21823	TRUE	0.0034956223207309872	-0.5687399586273494	TRUE	629	86	0.29623842411742035
ENSG00000160213	chr21:46557033-46557334	629	92633	TRUE	4.165843682687987e-11	-0.45589073106346145	TRUE	629	87	35.09843015927581
ENSG00000184900	chr21:46557033-46557334	626	91449	TRUE	2.600087981728955e-9	-0.43620932623850495	TRUE	629	87	9.521557965353084
ENSG00000160214	chr21:46557033-46557334	604	87155	TRUE	2.9990769033237837e-5	-0.5390173128346825	TRUE	629	87	8.379824369511548
ENSG00000184787	chr21:46557033-46557334	556	79508	TRUE	3.178409778596212e-4	-0.43496244680947305	TRUE	629	87	3.2957592424763273
ENSG00000160221	chr21:46557033-46557334	149	21823	TRUE	3.604895200641778e-4	-0.6789228763777726	TRUE	629	87	0.29623842411742035
ENSG00000183255	chr21:46557033-46557334	569	83067	TRUE	0.0016336260836413916	-0.27889016409213085	TRUE	629	87	3.3954290238236613
ENSG00000160209	chr21:46557033-46557334	590	86089	TRUE	0.0040192878725634346	-0.3187598310527713	TRUE	629	87	4.281383793243539
ENSG00000160208	chr21:46557033-46557334	418	59525	TRUE	0.005436821634850861	-0.40592085636978137	TRUE	629	87	1.3658760169588633
ENSG00000160213	chr21:46557033-46557334	629	92633	TRUE	5.569636451843154e-18	-0.5728031090502821	TRUE	629	88	35.09843015927581
ENSG00000160214	chr21:46557033-46557334	604	87155	TRUE	1.23249200558767e-9	-0.7202919475609937	TRUE	629	88	8.379824369511548
ENSG00000183255	chr21:46557033-46557334	569	83067	TRUE	9.577810989692753e-8	-0.4374983478953529	TRUE	629	88	3.3954290238236613
ENSG00000184900	chr21:46557033-46557334	626	91449	TRUE	1.2442687145452613e-7	-0.38535090281262274	TRUE	629	88	9.521557965353084
ENSG00000160209	chr21:46557033-46557334	590	86089	TRUE	1.9924752302994796e-7	-0.48419503371276384	TRUE	629	88	4.281383793243539
ENSG00000184787	chr21:46557033-46557334	556	79508	TRUE	5.619534506147027e-6	-0.5094696329558994	TRUE	629	88	3.2957592424763273
ENSG00000160208	chr21:46557033-46557334	418	59525	TRUE	9.757905071067254e-4	-0.44762014765016944	TRUE	629	88	1.3658760169588633
ENSG00000160221	chr21:46557033-46557334	149	21823	TRUE	0.0034249117993363012	-0.5687399586273494	TRUE	629	88	0.29623842411742035
ENSG00000160213	chr21:46557033-46557334	629	92633	TRUE	1.1806633312662585e-13	-0.5047061633643777	TRUE	629	89	35.09843015927581
ENSG00000160214	chr21:46557033-46557334	604	87155	TRUE	4.6702169528778576e-11	-0.7194684914650709	TRUE	629	89	8.379824369511548
ENSG00000183255	chr21:46557033-46557334	569	83067	TRUE	7.110605063526346e-10	-0.48380134553199716	TRUE	629	89	3.3954290238236613
ENSG00000160208	chr21:46557033-46557334	418	59525	TRUE	8.581212160028496e-9	-0.6566769324251384	TRUE	629	89	1.3658760169588633
ENSG00000184787	chr21:46557033-46557334	556	79508	TRUE	1.7591497444133697e-8	-0.5773736974577031	TRUE	629	89	3.2957592424763273
ENSG00000160209	chr21:46557033-46557334	590	86089	TRUE	3.1332969762282213e-7	-0.4471127770248	TRUE	629	89	4.281383793243539
ENSG00000184900	chr21:46557033-46557334	626	91449	TRUE	4.6041703241285654e-5	-0.3445364399791413	TRUE	629	89	9.521557965353084
ENSG00000160221	chr21:46557033-46557334	149	21823	TRUE	0.0031238521458876872	-0.5581707169171621	TRUE	629	89	0.29623842411742035
ENSG00000160213	chr21:46557033-46557334	629	92633	TRUE	6.366989416192345e-12	-0.46643928378299293	TRUE	629	90	35.09843015927581
ENSG00000183255	chr21:46557033-46557334	569	83067	TRUE	5.2154621829235655e-8	-0.4435293302739882	TRUE	629	90	3.3954290238236613
ENSG00000160221	chr21:46557033-46557334	149	21823	TRUE	5.6972155722658045e-6	-0.8107127489333137	TRUE	629	90	0.29623842411742035
ENSG00000184900	chr21:46557033-46557334	626	91449	TRUE	1.5793741780951043e-4	-0.32909722560751087	TRUE	629	90	9.521557965353084
ENSG00000160214	chr21:46557033-46557334	604	87155	TRUE	2.0251421953818537e-4	-0.5364770366693188	TRUE	629	90	8.379824369511548
ENSG00000160209	chr21:46557033-46557334	590	86089	TRUE	0.0012412119608141512	-0.34568006830128795	TRUE	629	90	4.281383793243539
ENSG00000184787	chr21:46557033-46557334	556	79508	TRUE	0.021733850602448646	-0.34508281505501714	TRUE	629	90	3.2957592424763273
ENSG00000160208	chr21:46557033-46557334	418	59525	TRUE	0.064	-0.34554823839029947	TRUE	629	90	1.3658760169588633
ENSG00000184900	chr21:46557033-46557334	626	91449	TRUE	2.1561940535097797e-13	-0.5246296872962697	TRUE	629	91	9.521557965353084
ENSG00000160213	chr21:46557033-46557334	629	92633	TRUE	3.4422163868139815e-13	-0.49804440554191753	TRUE	629	91	35.09843015927581
ENSG00000160209	chr21:46557033-46557334	590	86089	TRUE	1.2025403427730446e-10	-0.539499207188729	TRUE	629	91	4.281383793243539
ENSG00000184787	chr21:46557033-46557334	556	79508	TRUE	8.680137691044064e-10	-0.6314872535066425	TRUE	629	91	3.2957592424763273
ENSG00000160214	chr21:46557033-46557334	604	87155	TRUE	1.643804637299997e-8	-0.6390200543357905	TRUE	629	91	8.379824369511548
ENSG00000183255	chr21:46557033-46557334	569	83067	TRUE	2.6127960764415307e-8	-0.4696658248214636	TRUE	629	91	3.3954290238236613
ENSG00000160208	chr21:46557033-46557334	418	59525	TRUE	6.730682318772246e-5	-0.5036960720562583	TRUE	629	91	1.3658760169588633
ENSG00000160221	chr21:46557033-46557334	149	21823	TRUE	0.029427581674388373	-0.4663782409976718	TRUE	629	91	0.29623842411742035
ENSG00000184900	chr21:46557033-46557334	626	91449	TRUE	1.5446942398792344e-16	-0.5559043926294529	TRUE	629	92	9.521557965353084
ENSG00000160213	chr21:46557033-46557334	629	92633	TRUE	3.66913994849948e-9	-0.4408252175446581	TRUE	629	92	35.09843015927581
ENSG00000183255	chr21:46557033-46557334	569	83067	TRUE	6.456271764755536e-8	-0.4332058870052271	TRUE	629	92	3.3954290238236613
ENSG00000160214	chr21:46557033-46557334	604	87155	TRUE	3.3435466818964053e-7	-0.6503537591597603	TRUE	629	92	8.379824369511548
ENSG00000160209	chr21:46557033-46557334	590	86089	TRUE	4.2911733677317e-7	-0.4532273401538198	TRUE	629	92	4.281383793243539
ENSG00000184787	chr21:46557033-46557334	556	79508	TRUE	4.051724662397591e-5	-0.4730819527296257	TRUE	629	92	3.2957592424763273
ENSG00000160208	chr21:46557033-46557334	418	59525	TRUE	0.0038055912786212516	-0.41416485046468987	TRUE	629	92	1.3658760169588633
ENSG00000160221	chr21:46557033-46557334	149	21823	TRUE	0.0063991979807813265	-0.5687399586273494	TRUE	629	92	0.29623842411742035
ENSG00000160209	chr21:46557033-46557334	590	86089	TRUE	8.397264946525884e-15	-0.612891249114514	TRUE	629	93	4.281383793243539
ENSG00000160213	chr21:46557033-46557334	629	92633	TRUE	5.436072167020888e-14	-0.5070193421671334	TRUE	629	93	35.09843015927581
ENSG00000160214	chr21:46557033-46557334	604	87155	TRUE	2.8626524856764516e-6	-0.6189178689430008	TRUE	629	93	8.379824369511548
ENSG00000184787	chr21:46557033-46557334	556	79508	TRUE	4.97984395734629e-6	-0.5140833082690313	TRUE	629	93	3.2957592424763273
ENSG00000183255	chr21:46557033-46557334	569	83067	TRUE	1.5376584993631072e-4	-0.33304172507979546	TRUE	629	93	3.3954290238236613
ENSG00000184900	chr21:46557033-46557334	626	91449	TRUE	0.0013687476379287793	-0.3023303160447255	TRUE	629	93	9.521557965353084
ENSG00000160208	chr21:46557033-46557334	418	59525	TRUE	0.004227133000167242	-0.42453653453712825	TRUE	629	93	1.3658760169588633
ENSG00000160221	chr21:46557033-46557334	149	21823	TRUE	0.268	-0.35242205170058605	FALSE	629	93	0.29623842411742035
ENSG00000160213	chr21:46557033-46557334	629	92633	TRUE	7.910336017017498e-11	-0.44467951382160287	TRUE	629	94	35.09843015927581
ENSG00000183255	chr21:46557033-46557334	569	83067	TRUE	4.8889852409460493e-8	-0.4443929609737618	TRUE	629	94	3.3954290238236613
ENSG00000184900	chr21:46557033-46557334	626	91449	TRUE	1.5112585134382421e-7	-0.3912769536213645	TRUE	629	94	9.521557965353084
ENSG00000160209	chr21:46557033-46557334	590	86089	TRUE	3.970432156791964e-6	-0.4149323712756501	TRUE	629	94	4.281383793243539
ENSG00000160214	chr21:46557033-46557334	604	87155	TRUE	5.12640916370188e-6	-0.5705970347777116	TRUE	629	94	8.379824369511548
ENSG00000184787	chr21:46557033-46557334	556	79508	TRUE	6.405379740865723e-6	-0.5131593921049606	TRUE	629	94	3.2957592424763273
ENSG00000160208	chr21:46557033-46557334	418	59525	TRUE	1.1912760507655062e-4	-0.4862086453274172	TRUE	629	94	1.3658760169588633
ENSG00000160221	chr21:46557033-46557334	149	21823	TRUE	0.003002699927318886	-0.5901136094199164	TRUE	629	94	0.29623842411742035
ENSG00000160213	chr21:46557033-46557334	629	92633	TRUE	1.1317591492272859e-9	-0.4418083147144811	TRUE	629	95	35.09843015927581
ENSG00000184900	chr21:46557033-46557334	626	91449	TRUE	1.2077684751790236e-9	-0.45439544621403893	TRUE	629	95	9.521557965353084
ENSG00000183255	chr21:46557033-46557334	569	83067	TRUE	7.387569434013833e-8	-0.4332058870052271	TRUE	629	95	3.3954290238236613
ENSG00000160214	chr21:46557033-46557334	604	87155	TRUE	3.994042922306554e-5	-0.5481264164699531	TRUE	629	95	8.379824369511548
ENSG00000160209	chr21:46557033-46557334	590	86089	TRUE	5.012186801803004e-5	-0.39321750917071485	TRUE	629	95	4.281383793243539
ENSG00000160208	chr21:46557033-46557334	418	59525	TRUE	2.864185041573722e-4	-0.466785382064025	TRUE	629	95	1.3658760169588633
ENSG00000184787	chr21:46557033-46557334	556	79508	TRUE	0.0011011033917396572	-0.43059461107566555	TRUE	629	95	3.2957592424763273
ENSG00000160221	chr21:46557033-46557334	149	21823	TRUE	0.0013268150355086675	-0.6118086805192355	TRUE	629	95	0.29623842411742035
ENSG00000160213	chr21:46557033-46557334	629	92633	TRUE	8.377259289555377e-15	-0.523663188732165	TRUE	629	96	35.09843015927581
ENSG00000160209	chr21:46557033-46557334	590	86089	TRUE	3.070480509091876e-10	-0.5229700171945164	TRUE	629	96	4.281383793243539
ENSG00000184900	chr21:46557033-46557334	626	91449	TRUE	4.134706107899288e-10	-0.46560573820551365	TRUE	629	96	9.521557965353084
ENSG00000183255	chr21:46557033-46557334	569	83067	TRUE	2.26040989540681e-9	-0.46090094342191823	TRUE	629	96	3.3954290238236613
ENSG00000160221	chr21:46557033-46557334	149	21823	TRUE	3.6224336148716566e-7	-0.9282823453144897	TRUE	629	96	0.29623842411742035
ENSG00000160214	chr21:46557033-46557334	604	87155	TRUE	1.7808659361272846e-5	-0.5572934001709076	TRUE	629	96	8.379824369511548
ENSG00000184787	chr21:46557033-46557334	556	79508	TRUE	2.083931847466757e-5	-0.48390221625646856	TRUE	629	96	3.2957592424763273
ENSG00000160208	chr21:46557033-46557334	418	59525	TRUE	0.0038863826938496243	-0.4120994312989055	TRUE	629	96	1.3658760169588633
ENSG00000160213	chr21:46557033-46557334	629	92633	TRUE	5.075233417596993e-10	-0.44492588269214206	TRUE	629	97	35.09843015927581
ENSG00000184900	chr21:46557033-46557334	626	91449	TRUE	5.10428755578845e-8	-0.4113084779498646	TRUE	629	97	9.521557965353084
ENSG00000183255	chr21:46557033-46557334	569	83067	TRUE	1.8505579227349664e-7	-0.41785792267179134	TRUE	629	97	3.3954290238236613
ENSG00000160214	chr21:46557033-46557334	604	87155	TRUE	8.745013183071061e-5	-0.5368396595293126	TRUE	629	97	8.379824369511548
ENSG00000160209	chr21:46557033-46557334	590	86089	TRUE	5.030648468145309e-4	-0.3724682790155962	TRUE	629	97	4.281383793243539
ENSG00000160208	chr21:46557033-46557334	418	59525	TRUE	5.403949344898774e-4	-0.44973708866227086	TRUE	629	97	1.3658760169588633
ENSG00000184787	chr21:46557033-46557334	556	79508	TRUE	0.006192905179242966	-0.3850907872192022	TRUE	629	97	3.2957592424763273
ENSG00000160221	chr21:46557033-46557334	149	21823	TRUE	0.692	-0.1405029615936464	FALSE	629	97	0.29623842411742035
ENSG00000160213	chr21:46557033-46557334	629	92633	TRUE	3.404527509845067e-13	-0.501029851750574	TRUE	629	98	35.09843015927581
ENSG00000184900	chr21:46557033-46557334	626	91449	TRUE	8.47993605924155e-10	-0.4472786519558247	TRUE	629	98	9.521557965353084
ENSG00000183255	chr21:46557033-46557334	569	83067	TRUE	7.202562908275429e-9	-0.44612177489051286	TRUE	629	98	3.3954290238236613
ENSG00000160209	chr21:46557033-46557334	590	86089	TRUE	6.764125948683372e-8	-0.45663555114330645	TRUE	629	98	4.281383793243539
ENSG00000184787	chr21:46557033-46557334	556	79508	TRUE	2.999927571026447e-7	-0.5543820548314737	TRUE	629	98	3.2957592424763273
ENSG00000160214	chr21:46557033-46557334	604	87155	TRUE	1.2702993241269465e-5	-0.5455700646338486	TRUE	629	98	8.379824369511548
ENSG00000160208	chr21:46557033-46557334	418	59525	TRUE	1.935242527015789e-5	-0.5213980737897174	TRUE	629	98	1.3658760169588633
ENSG00000160221	chr21:46557033-46557334	149	21823	TRUE	0.28	-0.3163527969930642	FALSE	629	98	0.29623842411742035
ENSG00000160209	chr21:46557033-46557334	590	86089	TRUE	8.976674523625733e-12	-0.5606139702474595	TRUE	629	99	4.281383793243539
ENSG00000160214	chr21:46557033-46557334	604	87155	TRUE	1.3329532147989703e-11	-0.7443789527714029	TRUE	629	99	8.379824369511548
ENSG00000160213	chr21:46557033-46557334	629	92633	TRUE	5.907245779601333e-11	-0.47521915145175697	TRUE	629	99	35.09843015927581
ENSG00000183255	chr21:46557033-46557334	569	83067	TRUE	2.9780604430950114e-8	-0.45132068156483185	TRUE	629	99	3.3954290238236613
ENSG00000184900	chr21:46557033-46557334	626	91449	TRUE	1.544521782262265e-6	-0.3697635863358113	TRUE	629	99	9.521557965353084
ENSG00000184787	chr21:46557033-46557334	556	79508	TRUE	2.7524097390239574e-4	-0.4507970635350558	TRUE	629	99	3.2957592424763273
ENSG00000160208	chr21:46557033-46557334	418	59525	TRUE	3.3827292611043544e-4	-0.47107912047415856	TRUE	629	99	1.3658760169588633
ENSG00000160221	chr21:46557033-46557334	149	21823	TRUE	0.0037948750521609315	-0.5687399586273494	TRUE	629	99	0.29623842411742035
ENSG00000184787	chr21:46557033-46557334	556	79508	TRUE	7.198667223100716e-13	-0.7193261066719434	TRUE	629	100	3.2957592424763273
ENSG00000184900	chr21:46557033-46557334	626	91449	TRUE	1.340654059244635e-12	-0.5116615546679704	TRUE	629	100	9.521557965353084
ENSG00000160214	chr21:46557033-46557334	604	87155	TRUE	1.403052801316745e-7	-0.6480015384633182	TRUE	629	100	8.379824369511548
ENSG00000183255	chr21:46557033-46557334	569	83067	TRUE	1.5382325556508817e-7	-0.41955521115095595	TRUE	629	100	3.3954290238236613
ENSG00000160209	chr21:46557033-46557334	590	86089	TRUE	2.765119894888727e-7	-0.45936792893144207	TRUE	629	100	4.281383793243539
ENSG00000160213	chr21:46557033-46557334	629	92633	TRUE	3.1768651520091944e-7	-0.38902482623744294	TRUE	629	100	35.09843015927581
ENSG00000160208	chr21:46557033-46557334	418	59525	TRUE	6.810546573649563e-4	-0.45610661353799803	TRUE	629	100	1.3658760169588633
ENSG00000160221	chr21:46557033-46557334	149	21823	TRUE	0.14	-0.38941625918278744	FALSE	629	100	0.29623842411742035
ENSG00000111875	chr6:119097738-119098039	436	73047	TRUE	1.8432412613397526e-5	-0.4969753812748089	TRUE	544	1	2.293863349896351
ENSG00000153989	chr6:119097738-119098039	301	49322	TRUE	3.5048416533456144e-5	-0.5508342495002745	TRUE	544	1	0.901069825098701
ENSG00000111885	chr6:119097738-119098039	201	30954	TRUE	4.721876352977751e-5	-0.6203388937351231	TRUE	544	1	0.4757023656989281
ENSG00000047932	chr6:119097738-119098039	136	22603	TRUE	0.116	-0.3814800883829004	FALSE	544	1	0.3066137483463025
ENSG00000111875	chr6:119097738-119098039	436	73047	TRUE	9.394606624482226e-10	-0.6076415006377098	TRUE	544	2	2.293863349896351
ENSG00000047932	chr6:119097738-119098039	136	22603	TRUE	1.3787504495781783e-4	-0.68758321610858	TRUE	544	2	0.3066137483463025
ENSG00000153989	chr6:119097738-119098039	301	49322	TRUE	4.82720417265714e-4	-0.4643252562455996	TRUE	544	2	0.901069825098701
ENSG00000111885	chr6:119097738-119098039	201	30954	TRUE	6.958592523851719e-4	-0.5551212342886422	TRUE	544	2	0.4757023656989281
ENSG00000111885	chr6:119097738-119098039	201	30954	TRUE	4.1735485730063585e-6	-0.7062389671407701	TRUE	544	3	0.4757023656989281
ENSG00000111875	chr6:119097738-119098039	436	73047	TRUE	1.8080580218039592e-5	-0.4909008668651246	TRUE	544	3	2.293863349896351
ENSG00000047932	chr6:119097738-119098039	136	22603	TRUE	0.0010136024168365225	-0.6615880075756357	TRUE	544	3	0.3066137483463025
ENSG00000153989	chr6:119097738-119098039	301	49322	TRUE	0.0012856051166644546	-0.4266548382795445	TRUE	544	3	0.901069825098701
ENSG00000153989	chr6:119097738-119098039	301	49322	TRUE	0.0010300616634022902	-0.4567120721357245	TRUE	544	4	0.901069825098701
ENSG00000047932	chr6:119097738-119098039	136	22603	TRUE	0.003796608724964734	-0.5985782100498351	TRUE	544	4	0.3066137483463025
ENSG00000111875	chr6:119097738-119098039	436	73047	TRUE	0.003926341628123782	-0.3675184513598424	TRUE	544	4	2.293863349896351
ENSG00000111885	chr6:119097738-119098039	201	30954	TRUE	0.476	-0.20947707042747243	FALSE	544	4	0.4757023656989281
ENSG00000111875	chr6:119097738-119098039	436	73047	TRUE	2.5562137540884657e-7	-0.5655396677578802	TRUE	544	5	2.293863349896351
ENSG00000153989	chr6:119097738-119098039	301	49322	TRUE	9.817241680120173e-5	-0.5069314276234593	TRUE	544	5	0.901069825098701
ENSG00000111885	chr6:119097738-119098039	201	30954	TRUE	2.3575932107092884e-4	-0.58736157128885	TRUE	544	5	0.4757023656989281
ENSG00000047932	chr6:119097738-119098039	136	22603	TRUE	0.048	-0.4465751166047851	TRUE	544	5	0.3066137483463025
ENSG00000153989	chr6:119097738-119098039	301	49322	TRUE	3.7835357114754734e-4	-0.4567120721357245	TRUE	544	6	0.901069825098701
ENSG00000111875	chr6:119097738-119098039	436	73047	TRUE	0.028	-0.339958968790385	TRUE	544	6	2.293863349896351
ENSG00000047932	chr6:119097738-119098039	136	22603	TRUE	0.044	-0.4355199280957893	TRUE	544	6	0.3066137483463025
ENSG00000111885	chr6:119097738-119098039	201	30954	TRUE	0.14	-0.29341588892736814	FALSE	544	6	0.4757023656989281
ENSG00000111875	chr6:119097738-119098039	436	73047	TRUE	6.056458370929914e-7	-0.5591701428821529	TRUE	544	7	2.293863349896351
ENSG00000153989	chr6:119097738-119098039	301	49322	TRUE	4.960887420675172e-6	-0.5753565686343434	TRUE	544	7	0.901069825098701
ENSG00000047932	chr6:119097738-119098039	136	22603	TRUE	0.001829775442747275	-0.6109619345056676	TRUE	544	7	0.3066137483463025
ENSG00000111885	chr6:119097738-119098039	201	30954	TRUE	0.216	-0.2540672214515429	FALSE	544	7	0.4757023656989281
ENSG00000111875	chr6:119097738-119098039	436	73047	TRUE	4.490227194124532e-9	-0.6425672360605681	TRUE	544	8	2.293863349896351
ENSG00000153989	chr6:119097738-119098039	301	49322	TRUE	1.674258238477163e-5	-0.5347145841369976	TRUE	544	8	0.901069825098701
ENSG00000047932	chr6:119097738-119098039	136	22603	TRUE	9.220032541854724e-4	-0.6615880075756357	TRUE	544	8	0.3066137483463025
ENSG00000111885	chr6:119097738-119098039	201	30954	TRUE	0.056	-0.32704666680864847	TRUE	544	8	0.4757023656989281
ENSG00000153989	chr6:119097738-119098039	301	49322	TRUE	3.293207713730745e-5	-0.5267217933834669	TRUE	544	9	0.901069825098701
ENSG00000111875	chr6:119097738-119098039	436	73047	TRUE	1.6107669167451065e-4	-0.4344339152060961	TRUE	544	9	2.293863349896351
ENSG00000111885	chr6:119097738-119098039	201	30954	TRUE	0.0025298959206737914	-0.4927246971507748	TRUE	544	9	0.4757023656989281
ENSG00000047932	chr6:119097738-119098039	136	22603	TRUE	0.16	-0.3500018569097325	FALSE	544	9	0.3066137483463025
ENSG00000111875	chr6:119097738-119098039	436	73047	TRUE	6.757110518118884e-7	-0.5449407065780137	TRUE	544	10	2.293863349896351
ENSG00000153989	chr6:119097738-119098039	301	49322	TRUE	2.7161058955486525e-4	-0.45292049297335035	TRUE	544	10	0.901069825098701
ENSG00000111885	chr6:119097738-119098039	201	30954	TRUE	0.012439971262503402	-0.4183425008281989	TRUE	544	10	0.4757023656989281
ENSG00000047932	chr6:119097738-119098039	136	22603	TRUE	0.064	-0.4355199280957893	TRUE	544	10	0.3066137483463025
ENSG00000111875	chr6:119097738-119098039	436	73047	TRUE	1.8908185073365042e-6	-0.5496682751149984	TRUE	544	11	2.293863349896351
ENSG00000111885	chr6:119097738-119098039	201	30954	TRUE	1.2676161966655372e-4	-0.58736157128885	TRUE	544	11	0.4757023656989281
ENSG00000153989	chr6:119097738-119098039	301	49322	TRUE	6.955615773973677e-4	-0.45292049297335035	TRUE	544	11	0.901069825098701
ENSG00000047932	chr6:119097738-119098039	136	22603	TRUE	0.0012373178538503463	-0.6234528786888647	TRUE	544	11	0.3066137483463025
ENSG00000111875	chr6:119097738-119098039	436	73047	TRUE	5.592135564663715e-5	-0.4683465506962269	TRUE	544	12	2.293863349896351
ENSG00000047932	chr6:119097738-119098039	136	22603	TRUE	1.5727278707334744e-4	-0.7140554274697712	TRUE	544	12	0.3066137483463025
ENSG00000111885	chr6:119097738-119098039	201	30954	TRUE	0.001320114552729408	-0.5003782696942101	TRUE	544	12	0.4757023656989281
ENSG00000153989	chr6:119097738-119098039	301	49322	TRUE	0.002518975984000048	-0.4341106431985917	TRUE	544	12	0.901069825098701
ENSG00000153989	chr6:119097738-119098039	301	49322	TRUE	8.663789245148547e-8	-0.6602454662208566	TRUE	544	13	0.901069825098701
ENSG00000111875	chr6:119097738-119098039	436	73047	TRUE	4.6534599513453276e-4	-0.4199343455109811	TRUE	544	13	2.293863349896351
ENSG00000047932	chr6:119097738-119098039	136	22603	TRUE	0.003071474905247812	-0.5620523340247212	TRUE	544	13	0.3066137483463025
ENSG00000111885	chr6:119097738-119098039	201	30954	TRUE	0.028	-0.38254177940035206	TRUE	544	13	0.4757023656989281
ENSG00000111875	chr6:119097738-119098039	436	73047	TRUE	3.299997207109216e-9	-0.5945557416180498	TRUE	544	14	2.293863349896351
ENSG00000153989	chr6:119097738-119098039	301	49322	TRUE	5.849220366465572e-6	-0.5753565686343434	TRUE	544	14	0.901069825098701
ENSG00000111885	chr6:119097738-119098039	201	30954	TRUE	1.2685490287063506e-4	-0.5631140250421729	TRUE	544	14	0.4757023656989281
ENSG00000047932	chr6:119097738-119098039	136	22603	TRUE	0.092	-0.39212733258240906	TRUE	544	14	0.3066137483463025
ENSG00000153989	chr6:119097738-119098039	301	49322	TRUE	3.9368873248294897e-4	-0.44913885243092366	TRUE	544	15	0.901069825098701
ENSG00000111875	chr6:119097738-119098039	436	73047	TRUE	0.0012035662786758355	-0.40700817106671083	TRUE	544	15	2.293863349896351
ENSG00000047932	chr6:119097738-119098039	136	22603	TRUE	0.004956575321855575	-0.5620523340247212	TRUE	544	15	0.3066137483463025
ENSG00000111885	chr6:119097738-119098039	201	30954	TRUE	0.068	-0.3407216037057248	TRUE	544	15	0.4757023656989281
ENSG00000111875	chr6:119097738-119098039	436	73047	TRUE	3.534944030735166e-4	-0.44467102383248747	TRUE	544	16	2.293863349896351
ENSG00000153989	chr6:119097738-119098039	301	49322	TRUE	0.06	-0.2952486494416081	TRUE	544	16	0.901069825098701
ENSG00000111885	chr6:119097738-119098039	201	30954	TRUE	0.068	-0.31350013497070073	TRUE	544	16	0.4757023656989281
ENSG00000047932	chr6:119097738-119098039	136	22603	TRUE	0.156	-0.3500018569097325	FALSE	544	16	0.3066137483463025
ENSG00000111875	chr6:119097738-119098039	436	73047	TRUE	1.1198188199172795e-9	-0.6175343053961416	TRUE	544	17	2.293863349896351
ENSG00000153989	chr6:119097738-119098039	301	49322	TRUE	3.458918630884836e-5	-0.52274194247092165	TRUE	544	17	0.901069825098701
ENSG00000111885	chr6:119097738-119098039	201	30954	TRUE	6.539793291090168e-4	-0.5314051653148346	TRUE	544	17	0.4757023656989281
ENSG00000047932	chr6:119097738-119098039	136	22603	TRUE	0.152	-0.3604184728550708	FALSE	544	17	0.3066137483463025
ENSG00000111875	chr6:119097738-119098039	436	73047	TRUE	4.853363308578076e-6	-0.49849801470468313	TRUE	544	18	2.293863349896351
ENSG00000047932	chr6:119097738-119098039	136	22603	TRUE	1.6792830167858177e-4	-0.7140554274697712	TRUE	544	18	0.3066137483463025
ENSG00000153989	chr6:119097738-119098039	301	49322	TRUE	0.0010142172149269083	-0.4453670985417151	TRUE	544	18	0.901069825098701
ENSG00000111885	chr6:119097738-119098039	201	30954	TRUE	0.014797945877184526	-0.40391543019291887	TRUE	544	18	0.4757023656989281
ENSG00000047932	chr6:119097738-119098039	136	22603	TRUE	7.710135845978485e-5	-0.7140554274697712	TRUE	544	19	0.3066137483463025
ENSG00000111875	chr6:119097738-119098039	436	73047	TRUE	3.9221477267100194e-4	-0.4084387066731515	TRUE	544	19	2.293863349896351
ENSG00000111885	chr6:119097738-119098039	201	30954	TRUE	0.032	-0.3896312041866714	TRUE	544	19	0.4757023656989281
ENSG00000153989	chr6:119097738-119098039	301	49322	TRUE	0.04	-0.31576124676732054	TRUE	544	19	0.901069825098701
ENSG00000111875	chr6:119097738-119098039	436	73047	TRUE	5.439872003713472e-7	-0.5230812726142743	TRUE	544	20	2.293863349896351
ENSG00000047932	chr6:119097738-119098039	136	22603	TRUE	8.861695651690912e-4	-0.6109619345056676	TRUE	544	20	0.3066137483463025
ENSG00000153989	chr6:119097738-119098039	301	49322	TRUE	0.002026008092921982	-0.4081821782080658	TRUE	544	20	0.901069825098701
ENSG00000111885	chr6:119097738-119098039	201	30954	TRUE	0.14	-0.300079619208379	FALSE	544	20	0.4757023656989281
ENSG00000111875	chr6:119097738-119098039	436	73047	TRUE	8.286722414429311e-8	-0.5735413246586207	TRUE	544	21	2.293863349896351
ENSG00000153989	chr6:119097738-119098039	301	49322	TRUE	1.5288537069395758e-6	-0.5877758278884113	TRUE	544	21	0.901069825098701
ENSG00000047932	chr6:119097738-119098039	136	22603	TRUE	0.005342844456037679	-0.5620523340247212	TRUE	544	21	0.3066137483463025
ENSG00000111885	chr6:119097738-119098039	201	30954	TRUE	0.033086827485743014	-0.36846659418862915	TRUE	544	21	0.4757023656989281
ENSG00000111875	chr6:119097738-119098039	436	73047	TRUE	0.0019022330196001302	-0.3984546181005295	TRUE	544	22	2.293863349896351
ENSG00000153989	chr6:119097738-119098039	301	49322	TRUE	0.010365289628402344	-0.37193165193870475	TRUE	544	22	0.901069825098701
ENSG00000111885	chr6:119097738-119098039	201	30954	TRUE	0.013379414204105003	-0.43291530191547123	TRUE	544	22	0.4757023656989281
ENSG00000047932	chr6:119097738-119098039	136	22603	TRUE	0.092	-0.39212733258240906	TRUE	544	22	0.3066137483463025
ENSG00000111875	chr6:119097738-119098039	436	73047	TRUE	2.3062696049337163e-9	-0.6175343053961416	TRUE	544	23	2.293863349896351
ENSG00000047932	chr6:119097738-119098039	136	22603	TRUE	0.0026083535089642743	-0.6109619345056676	TRUE	544	23	0.3066137483463025
ENSG00000153989	chr6:119097738-119098039	301	49322	TRUE	0.006173111524388569	-0.38271149069194743	TRUE	544	23	0.901069825098701
ENSG00000111885	chr6:119097738-119098039	201	30954	TRUE	0.32	-0.2540672214515429	FALSE	544	23	0.4757023656989281
ENSG00000153989	chr6:119097738-119098039	301	49322	TRUE	1.6432300572156717e-5	-0.5387276466436209	TRUE	544	24	0.901069825098701
ENSG00000111875	chr6:119097738-119098039	436	73047	TRUE	2.6214805031815266e-4	-0.4358919194139572	TRUE	544	24	2.293863349896351
ENSG00000047932	chr6:119097738-119098039	136	22603	TRUE	2.87526464159589e-4	-0.7007586048563135	TRUE	544	24	0.3066137483463025
ENSG00000111885	chr6:119097738-119098039	201	30954	TRUE	0.024	-0.40391543019291887	TRUE	544	24	0.4757023656989281
ENSG00000153989	chr6:119097738-119098039	301	49322	TRUE	1.0267371248352645e-10	-0.7597811397717709	TRUE	544	25	0.901069825098701
ENSG00000111875	chr6:119097738-119098039	436	73047	TRUE	4.7614541334285254e-9	-0.6175343053961416	TRUE	544	25	2.293863349896351
ENSG00000047932	chr6:119097738-119098039	136	22603	TRUE	0.0015283671529091047	-0.5985782100498351	TRUE	544	25	0.3066137483463025
ENSG00000111885	chr6:119097738-119098039	201	30954	TRUE	0.0016763340172842728	-0.4927246971507748	TRUE	544	25	0.4757023656989281
ENSG00000111875	chr6:119097738-119098039	436	73047	TRUE	8.813977138611871e-9	-0.5896790213432981	TRUE	544	26	2.293863349896351
ENSG00000047932	chr6:119097738-119098039	136	22603	TRUE	8.368299381926805e-5	-0.7685032114921477	TRUE	544	26	0.3066137483463025
ENSG00000111885	chr6:119097738-119098039	201	30954	TRUE	3.705299241119793e-4	-0.5551212342886422	TRUE	544	26	0.4757023656989281
ENSG00000153989	chr6:119097738-119098039	301	49322	TRUE	9.333661952201575e-4	-0.4341106431985917	TRUE	544	26	0.901069825098701
ENSG00000111875	chr6:119097738-119098039	436	73047	TRUE	2.5844253443596532e-5	-0.4939349269547578	TRUE	544	27	2.293863349896351
ENSG00000153989	chr6:119097738-119098039	301	49322	TRUE	0.003702586257370237	-0.41185783635146406	TRUE	544	27	0.901069825098701
ENSG00000047932	chr6:119097738-119098039	136	22603	TRUE	0.011815445467819763	-0.49166300613332314	TRUE	544	27	0.3066137483463025
ENSG00000111885	chr6:119097738-119098039	201	30954	TRUE	0.052	-0.36148016387252246	TRUE	544	27	0.4757023656989281
ENSG00000111875	chr6:119097738-119098039	436	73047	TRUE	5.298087017492376e-8	-0.5687350069176871	TRUE	544	28	2.293863349896351
ENSG00000153989	chr6:119097738-119098039	301	49322	TRUE	1.88841180427321e-7	-0.6087151655807743	TRUE	544	28	0.901069825098701
ENSG00000111885	chr6:119097738-119098039	201	30954	TRUE	7.646704277380553e-5	-0.6037560095395187	TRUE	544	28	0.4757023656989281
ENSG00000047932	chr6:119097738-119098039	136	22603	TRUE	0.128	-0.3500018569097325	FALSE	544	28	0.3066137483463025
ENSG00000111875	chr6:119097738-119098039	436	73047	TRUE	5.859017471176252e-8	-0.5913027638229621	TRUE	544	29	2.293863349896351
ENSG00000111885	chr6:119097738-119098039	201	30954	TRUE	7.040280140665697e-5	-0.6037560095395187	TRUE	544	29	0.4757023656989281
ENSG00000153989	chr6:119097738-119098039	301	49322	TRUE	0.032	-0.34357309678498943	TRUE	544	29	0.901069825098701
ENSG00000047932	chr6:119097738-119098039	136	22603	TRUE	0.044	-0.45771567420998593	TRUE	544	29	0.3066137483463025
ENSG00000153989	chr6:119097738-119098039	301	49322	TRUE	2.3826617859444826e-5	-0.5427519032024158	TRUE	544	30	0.901069825098701
ENSG00000111875	chr6:119097738-119098039	436	73047	TRUE	4.497666141940679e-4	-0.40987066216628343	TRUE	544	30	2.293863349896351
ENSG00000111885	chr6:119097738-119098039	201	30954	TRUE	0.044	-0.36846659418862915	TRUE	544	30	0.4757023656989281
ENSG00000047932	chr6:119097738-119098039	136	22603	TRUE	0.084	-0.4136604941320501	TRUE	544	30	0.3066137483463025
ENSG00000111875	chr6:119097738-119098039	436	73047	TRUE	8.133800836346034e-8	-0.5848187302527634	TRUE	544	31	2.293863349896351
ENSG00000047932	chr6:119097738-119098039	136	22603	TRUE	0.028	-0.5031586449711529	TRUE	544	31	0.3066137483463025
ENSG00000111885	chr6:119097738-119098039	201	30954	TRUE	0.216	-0.27360740784718796	FALSE	544	31	0.4757023656989281
ENSG00000153989	chr6:119097738-119098039	301	49322	TRUE	0.24	-0.2616960897305815	FALSE	544	31	0.901069825098701
ENSG00000111875	chr6:119097738-119098039	436	73047	TRUE	5.200322589662791e-6	-0.4773260093993176	TRUE	544	32	2.293863349896351
ENSG00000047932	chr6:119097738-119098039	136	22603	TRUE	0.00469904812500864	-0.5620523340247212	TRUE	544	32	0.3066137483463025
ENSG00000153989	chr6:119097738-119098039	301	49322	TRUE	0.024	-0.3365697090472269	TRUE	544	32	0.901069825098701
ENSG00000111885	chr6:119097738-119098039	201	30954	TRUE	0.028	-0.43291530191547123	TRUE	544	32	0.4757023656989281
ENSG00000111875	chr6:119097738-119098039	436	73047	TRUE	2.65865417231715e-4	-0.4358919194139572	TRUE	544	33	2.293863349896351
ENSG00000047932	chr6:119097738-119098039	136	22603	TRUE	0.064	-0.4355199280957893	FALSE	544	33	0.3066137483463025
ENSG00000111885	chr6:119097738-119098039	201	30954	TRUE	0.148	-0.28678279659492123	FALSE	544	33	0.4757023656989281
ENSG00000153989	chr6:119097738-119098039	301	49322	TRUE	0.632	-0.1936776663019305	FALSE	544	33	0.901069825098701
ENSG00000153989	chr6:119097738-119098039	301	49322	TRUE	9.533718415529667e-8	-0.6558802736594547	TRUE	544	34	0.901069825098701
ENSG00000111875	chr6:119097738-119098039	436	73047	TRUE	9.970323412700471e-8	-0.588057104319308	TRUE	544	34	2.293863349896351
ENSG00000111885	chr6:119097738-119098039	201	30954	TRUE	0.036	-0.40391543019291887	TRUE	544	34	0.4757023656989281
ENSG00000047932	chr6:119097738-119098039	136	22603	TRUE	0.496	-0.2692705847968755	FALSE	544	34	0.3066137483463025
ENSG00000153989	chr6:119097738-119098039	301	49322	TRUE	6.357593771062504e-8	-0.6515282491197474	TRUE	544	35	0.901069825098701
ENSG00000111875	chr6:119097738-119098039	436	73047	TRUE	2.2334270063456346e-5	-0.5000222568336727	TRUE	544	35	2.293863349896351
ENSG00000047932	chr6:119097738-119098039	136	22603	TRUE	0.012497004016543661	-0.5147466192463646	TRUE	544	35	0.3066137483463025
ENSG00000111885	chr6:119097738-119098039	201	30954	TRUE	0.032	-0.3545274032307555	TRUE	544	35	0.4757023656989281
ENSG00000111875	chr6:119097738-119098039	436	73047	TRUE	4.983947228961747e-10	-0.6714731125069454	TRUE	544	36	2.293863349896351
ENSG00000153989	chr6:119097738-119098039	301	49322	TRUE	6.385078671653855e-9	-0.6778395262355947	TRUE	544	36	0.901069825098701
ENSG00000111885	chr6:119097738-119098039	201	30954	TRUE	0.0014019802189212428	-0.5314051653148346	TRUE	544	36	0.4757023656989281
ENSG00000047932	chr6:119097738-119098039	136	22603	TRUE	0.028	-0.5147466192463646	TRUE	544	36	0.3066137483463025
ENSG00000111875	chr6:119097738-119098039	436	73047	TRUE	6.733925001360143e-5	-0.4490806911704974	TRUE	544	37	2.293863349896351
ENSG00000153989	chr6:119097738-119098039	301	49322	TRUE	0.0027887166458224547	-0.4266548382795445	TRUE	544	37	0.901069825098701
ENSG00000111885	chr6:119097738-119098039	201	30954	TRUE	0.044	-0.36846659418862915	TRUE	544	37	0.4757023656989281
ENSG00000047932	chr6:119097738-119098039	136	22603	TRUE	0.144	-0.3709108466727131	FALSE	544	37	0.3066137483463025
ENSG00000111875	chr6:119097738-119098039	436	73047	TRUE	1.1996761590357848e-6	-0.5199853593213093	TRUE	544	38	2.293863349896351
ENSG00000153989	chr6:119097738-119098039	301	49322	TRUE	1.3679805834475138e-4	-0.4874088693586408	TRUE	544	38	0.901069825098701
ENSG00000111885	chr6:119097738-119098039	201	30954	TRUE	0.0017023727398123578	-0.46251008410376704	TRUE	544	38	0.4757023656989281
ENSG00000047932	chr6:119097738-119098039	136	22603	TRUE	0.304	-0.2990179281909273	FALSE	544	38	0.3066137483463025
ENSG00000111875	chr6:119097738-119098039	436	73047	TRUE	4.5717671487861e-9	-0.6142291606724697	TRUE	544	39	2.293863349896351
ENSG00000153989	chr6:119097738-119098039	301	49322	TRUE	1.1963352327582681e-4	-0.48353586021143435	TRUE	544	39	0.901069825098701
ENSG00000111885	chr6:119097738-119098039	201	30954	TRUE	0.092	-0.3338679326646623	FALSE	544	39	0.4757023656989281
ENSG00000047932	chr6:119097738-119098039	136	22603	TRUE	0.148	-0.3604184728550708	FALSE	544	39	0.3066137483463025
ENSG00000153989	chr6:119097738-119098039	301	49322	TRUE	8.63071838176204e-9	-0.6778395262355947	TRUE	544	40	0.901069825098701
ENSG00000111875	chr6:119097738-119098039	436	73047	TRUE	1.4905463697791055e-6	-0.5046046694979716	TRUE	544	40	2.293863349896351
ENSG00000111885	chr6:119097738-119098039	201	30954	TRUE	3.004677806897225e-6	-0.7151171184872229	TRUE	544	40	0.4757023656989281
ENSG00000047932	chr6:119097738-119098039	136	22603	TRUE	0.003545975869597484	-0.5500796923586453	TRUE	544	40	0.3066137483463025
ENSG00000111875	chr6:119097738-119098039	436	73047	TRUE	1.2411201113086729e-7	-0.5591701428821529	TRUE	544	41	2.293863349896351
ENSG00000153989	chr6:119097738-119098039	301	49322	TRUE	1.8006154546347693e-4	-0.49518621995036005	TRUE	544	41	0.901069825098701
ENSG00000111885	chr6:119097738-119098039	201	30954	TRUE	1.9343802398272703e-4	-0.6037560095395187	TRUE	544	41	0.4757023656989281
ENSG00000047932	chr6:119097738-119098039	136	22603	TRUE	0.124	-0.39212733258240906	FALSE	544	41	0.3066137483463025
ENSG00000111875	chr6:119097738-119098039	436	73047	TRUE	5.0625222384975774e-6	-0.5030755808112268	TRUE	544	42	2.293863349896351
ENSG00000047932	chr6:119097738-119098039	136	22603	TRUE	2.1072522233311908e-4	-0.6745270632831337	TRUE	544	42	0.3066137483463025
ENSG00000111885	chr6:119097738-119098039	201	30954	TRUE	0.0046688445293471825	-0.45505427918471986	TRUE	544	42	0.4757023656989281
ENSG00000153989	chr6:119097738-119098039	301	49322	TRUE	0.024	-0.31920854838578944	TRUE	544	42	0.901069825098701
ENSG00000111875	chr6:119097738-119098039	436	73047	TRUE	1.3029870146026318e-5	-0.5076677174445313	TRUE	544	43	2.293863349896351
ENSG00000111885	chr6:119097738-119098039	201	30954	TRUE	2.5606985797366373e-4	-0.5471724811731513	TRUE	544	43	0.4757023656989281
ENSG00000047932	chr6:119097738-119098039	136	22603	TRUE	4.323755135631317e-4	-0.6745270632831337	TRUE	544	43	0.3066137483463025
ENSG00000153989	chr6:119097738-119098039	301	49322	TRUE	0.017791224977377507	-0.3576826962004252	TRUE	544	43	0.901069825098701
ENSG00000111875	chr6:119097738-119098039	436	73047	TRUE	1.3143001560697717e-5	-0.4803316251549372	TRUE	544	44	2.293863349896351
ENSG00000047932	chr6:119097738-119098039	136	22603	TRUE	1.0390513931781645e-4	-0.7410224750700407	TRUE	544	44	0.3066137483463025
ENSG00000153989	chr6:119097738-119098039	301	49322	TRUE	0.010932659886326343	-0.3576826962004252	TRUE	544	44	0.901069825098701
ENSG00000111885	chr6:119097738-119098039	201	30954	TRUE	0.248	-0.2540672214515429	FALSE	544	44	0.4757023656989281
ENSG00000111875	chr6:119097738-119098039	436	73047	TRUE	8.916451914204347e-10	-0.6646194414658828	TRUE	544	45	2.293863349896351
ENSG00000111885	chr6:119097738-119098039	201	30954	TRUE	3.30851669830691e-4	-0.5711513441075913	TRUE	544	45	0.4757023656989281
ENSG00000047932	chr6:119097738-119098039	136	22603	TRUE	4.919007928866383e-4	-0.6615880075756357	TRUE	544	45	0.3066137483463025
ENSG00000153989	chr6:119097738-119098039	301	49322	TRUE	0.024	-0.36835619771487743	TRUE	544	45	0.901069825098701
ENSG00000111875	chr6:119097738-119098039	436	73047	TRUE	7.230600197821399e-7	-0.5512475801888461	TRUE	544	46	2.293863349896351
ENSG00000153989	chr6:119097738-119098039	301	49322	TRUE	1.854284227877723e-4	-0.47582089508342906	TRUE	544	46	0.901069825098701
ENSG00000111885	chr6:119097738-119098039	201	30954	TRUE	0.0012413367510057116	-0.5158083102638162	TRUE	544	46	0.4757023656989281
ENSG00000047932	chr6:119097738-119098039	136	22603	TRUE	0.005403887596067886	-0.5620523340247212	TRUE	544	46	0.3066137483463025
ENSG00000111875	chr6:119097738-119098039	436	73047	TRUE	1.4167583228683273e-9	-0.6027204212526545	TRUE	544	47	2.293863349896351
ENSG00000111885	chr6:119097738-119098039	201	30954	TRUE	0.036	-0.3545274032307555	TRUE	544	47	0.4757023656989281
ENSG00000153989	chr6:119097738-119098039	301	49322	TRUE	0.088	-0.291858060240834	FALSE	544	47	0.901069825098701
ENSG00000047932	chr6:119097738-119098039	136	22603	TRUE	0.444	-0.2401242391373588	FALSE	544	47	0.3066137483463025
ENSG00000111875	chr6:119097738-119098039	436	73047	TRUE	2.570367092124531e-10	-0.6612047770531183	TRUE	544	48	2.293863349896351
ENSG00000153989	chr6:119097738-119098039	301	49322	TRUE	1.4196495001418674e-4	-0.4990906744062761	TRUE	544	48	0.901069825098701
ENSG00000047932	chr6:119097738-119098039	136	22603	TRUE	0.0018093954042001162	-0.6109619345056676	TRUE	544	48	0.3066137483463025
ENSG00000111885	chr6:119097738-119098039	201	30954	TRUE	0.0029771669726236794	-0.47000462065069115	TRUE	544	48	0.4757023656989281
ENSG00000111875	chr6:119097738-119098039	436	73047	TRUE	2.3621324074985135e-4	-0.4388123557166703	TRUE	544	49	2.293863349896351
ENSG00000047932	chr6:119097738-119098039	136	22603	TRUE	0.0012019328012274968	-0.6234528786888647	TRUE	544	49	0.3066137483463025
ENSG00000153989	chr6:119097738-119098039	301	49322	TRUE	0.010065959407901906	-0.37910925401175183	TRUE	544	49	0.901069825098701
ENSG00000111885	chr6:119097738-119098039	201	30954	TRUE	0.04	-0.38254177940035206	TRUE	544	49	0.4757023656989281
ENSG00000111875	chr6:119097738-119098039	436	73047	TRUE	6.7341305468918665e-6	-0.5015481110646332	TRUE	544	50	2.293863349896351
ENSG00000111885	chr6:119097738-119098039	201	30954	TRUE	0.001924046027638647	-0.5080726614842108	TRUE	544	50	0.4757023656989281
ENSG00000153989	chr6:119097738-119098039	301	49322	TRUE	0.036	-0.3576826962004252	TRUE	544	50	0.901069825098701
ENSG00000047932	chr6:119097738-119098039	136	22603	TRUE	0.452	-0.2401242391373588	FALSE	544	50	0.3066137483463025
ENSG00000111875	chr6:119097738-119098039	436	73047	TRUE	1.6368341129495857e-5	-0.4803316251549372	TRUE	544	51	2.293863349896351
ENSG00000153989	chr6:119097738-119098039	301	49322	TRUE	0.0016304388143934985	-0.4266548382795445	TRUE	544	51	0.901069825098701
ENSG00000047932	chr6:119097738-119098039	136	22603	TRUE	0.036	-0.45771567420998593	TRUE	544	51	0.3066137483463025
ENSG00000111885	chr6:119097738-119098039	201	30954	TRUE	0.04	-0.3754870218664015	TRUE	544	51	0.4757023656989281
ENSG00000111875	chr6:119097738-119098039	436	73047	TRUE	8.428646583956943e-7	-0.5480906970016634	TRUE	544	52	2.293863349896351
ENSG00000153989	chr6:119097738-119098039	301	49322	TRUE	7.764413090422043e-4	-0.43785304488440846	TRUE	544	52	0.901069825098701
ENSG00000047932	chr6:119097738-119098039	136	22603	TRUE	0.00317497697329433	-0.5620523340247212	TRUE	544	52	0.3066137483463025
ENSG00000111885	chr6:119097738-119098039	201	30954	TRUE	0.056	-0.3545274032307555	TRUE	544	52	0.4757023656989281
ENSG00000111875	chr6:119097738-119098039	436	73047	TRUE	2.5210164235095912e-8	-0.571937438956031	TRUE	544	53	2.293863349896351
ENSG00000047932	chr6:119097738-119098039	136	22603	TRUE	2.3561490042498835e-5	-0.7824424024500214	TRUE	544	53	0.3066137483463025
ENSG00000153989	chr6:119097738-119098039	301	49322	TRUE	8.478328733863699e-5	-0.5069314276234593	TRUE	544	53	0.901069825098701
ENSG00000111885	chr6:119097738-119098039	201	30954	TRUE	0.0032732378133163015	-0.46251008410376704	TRUE	544	53	0.4757023656989281
ENSG00000111875	chr6:119097738-119098039	436	73047	TRUE	9.845433383679663e-7	-0.5655396677578802	TRUE	544	54	2.293863349896351
ENSG00000153989	chr6:119097738-119098039	301	49322	TRUE	8.999906758380138e-4	-0.4341106431985917	TRUE	544	54	0.901069825098701
ENSG00000047932	chr6:119097738-119098039	136	22603	TRUE	0.005521089900517764	-0.5620523340247212	TRUE	544	54	0.3066137483463025
ENSG00000111885	chr6:119097738-119098039	201	30954	TRUE	0.056	-0.3407216037057248	TRUE	544	54	0.4757023656989281
ENSG00000111875	chr6:119097738-119098039	436	73047	TRUE	8.43124293198631e-6	-0.49849801470468313	TRUE	544	55	2.293863349896351
ENSG00000153989	chr6:119097738-119098039	301	49322	TRUE	8.98045692868079e-4	-0.43785304488440846	TRUE	544	55	0.901069825098701
ENSG00000047932	chr6:119097738-119098039	136	22603	TRUE	0.011212606528492597	-0.5147466192463646	TRUE	544	55	0.3066137483463025
ENSG00000111885	chr6:119097738-119098039	201	30954	TRUE	0.644	-0.17845017480684788	FALSE	544	55	0.4757023656989281
ENSG00000111875	chr6:119097738-119098039	436	73047	TRUE	2.614214520606714e-4	-0.44027479379515655	TRUE	544	56	2.293863349896351
ENSG00000153989	chr6:119097738-119098039	301	49322	TRUE	7.013914992952987e-4	-0.4567120721357245	TRUE	544	56	0.901069825098701
ENSG00000047932	chr6:119097738-119098039	136	22603	TRUE	0.010457628088950136	-0.5031586449711529	TRUE	544	56	0.3066137483463025
ENSG00000111885	chr6:119097738-119098039	201	30954	TRUE	0.556	-0.1846024017884429	FALSE	544	56	0.4757023656989281
ENSG00000153989	chr6:119097738-119098039	301	49322	TRUE	1.7034641236275856e-5	-0.5387276466436209	TRUE	544	57	0.901069825098701
ENSG00000111875	chr6:119097738-119098039	436	73047	TRUE	8.44764608602176e-5	-0.4653657747579869	TRUE	544	57	2.293863349896351
ENSG00000047932	chr6:119097738-119098039	136	22603	TRUE	0.004587462486585634	-0.5741251663252962	TRUE	544	57	0.3066137483463025
ENSG00000111885	chr6:119097738-119098039	201	30954	TRUE	0.056	-0.3338679326646623	TRUE	544	57	0.4757023656989281
ENSG00000111875	chr6:119097738-119098039	436	73047	TRUE	4.1891483503793273e-10	-0.6027204212526545	TRUE	544	58	2.293863349896351
ENSG00000153989	chr6:119097738-119098039	301	49322	TRUE	1.4139120288809466e-8	-0.6956508023520552	TRUE	544	58	0.901069825098701
ENSG00000047932	chr6:119097738-119098039	136	22603	TRUE	0.008167867216354319	-0.5382055920703537	TRUE	544	58	0.3066137483463025
ENSG00000111885	chr6:119097738-119098039	201	30954	TRUE	0.296	-0.2476121993142435	FALSE	544	58	0.4757023656989281
ENSG00000111875	chr6:119097738-119098039	436	73047	TRUE	8.300365073637592e-9	-0.6092855977283351	TRUE	544	59	2.293863349896351
ENSG00000111885	chr6:119097738-119098039	201	30954	TRUE	3.622724632403886e-6	-0.7151171184872229	TRUE	544	59	0.4757023656989281
ENSG00000153989	chr6:119097738-119098039	301	49322	TRUE	0.0013055382251724451	-0.4229413354804803	TRUE	544	59	0.901069825098701
ENSG00000047932	chr6:119097738-119098039	136	22603	TRUE	0.12	-0.4028537391754674	FALSE	544	59	0.3066137483463025
ENSG00000111875	chr6:119097738-119098039	436	73047	TRUE	1.1826466844905742e-8	-0.6142291606724697	TRUE	544	60	2.293863349896351
ENSG00000111885	chr6:119097738-119098039	201	30954	TRUE	5.605898650299992e-4	-0.5235856608555354	TRUE	544	60	0.4757023656989281
ENSG00000047932	chr6:119097738-119098039	136	22603	TRUE	0.28	-0.2990179281909273	FALSE	544	60	0.3066137483463025
ENSG00000153989	chr6:119097738-119098039	301	49322	TRUE	0.292	-0.2550782109660738	FALSE	544	60	0.901069825098701
ENSG00000111875	chr6:119097738-119098039	436	73047	TRUE	1.2830034298262754e-8	-0.6027204212526545	TRUE	544	61	2.293863349896351
ENSG00000153989	chr6:119097738-119098039	301	49322	TRUE	2.81262345654492e-4	-0.48353586021143435	TRUE	544	61	0.901069825098701
ENSG00000111885	chr6:119097738-119098039	201	30954	TRUE	0.0020663304106698713	-0.4927246971507748	TRUE	544	61	0.4757023656989281
ENSG00000047932	chr6:119097738-119098039	136	22603	TRUE	0.284	-0.329391577234446	FALSE	544	61	0.3066137483463025
ENSG00000111875	chr6:119097738-119098039	436	73047	TRUE	8.060870558963514e-11	-0.6510090099472299	TRUE	544	62	2.293863349896351
ENSG00000111885	chr6:119097738-119098039	201	30954	TRUE	2.777454157974757e-4	-0.5551212342886422	TRUE	544	62	0.4757023656989281
ENSG00000047932	chr6:119097738-119098039	136	22603	TRUE	0.032	-0.45771567420998593	TRUE	544	62	0.3066137483463025
ENSG00000153989	chr6:119097738-119098039	301	49322	TRUE	0.084	-0.29864722590347303	TRUE	544	62	0.901069825098701
ENSG00000111875	chr6:119097738-119098039	436	73047	TRUE	4.012479476901083e-10	-0.6375257805836079	TRUE	544	63	2.293863349896351
ENSG00000111885	chr6:119097738-119098039	201	30954	TRUE	0.0019408160373667119	-0.477538293336099	TRUE	544	63	0.4757023656989281
ENSG00000153989	chr6:119097738-119098039	301	49322	TRUE	0.0027609455222223044	-0.4192373667170615	TRUE	544	63	0.901069825098701
ENSG00000047932	chr6:119097738-119098039	136	22603	TRUE	0.14	-0.3814800883829004	FALSE	544	63	0.3066137483463025
ENSG00000111875	chr6:119097738-119098039	436	73047	TRUE	4.915175352544852e-8	-0.5799747580214493	TRUE	544	64	2.293863349896351
ENSG00000153989	chr6:119097738-119098039	301	49322	TRUE	0.08	-0.30546849175948704	FALSE	544	64	0.901069825098701
ENSG00000111885	chr6:119097738-119098039	201	30954	TRUE	0.088	-0.3407216037057248	FALSE	544	64	0.4757023656989281
ENSG00000047932	chr6:119097738-119098039	136	22603	TRUE	0.132	-0.3500018569097325	FALSE	544	64	0.3066137483463025
ENSG00000111875	chr6:119097738-119098039	436	73047	TRUE	1.0329173621557177e-4	-0.4758255464030261	TRUE	544	65	2.293863349896351
ENSG00000153989	chr6:119097738-119098039	301	49322	TRUE	3.269546312538278e-4	-0.47582089508342906	TRUE	544	65	0.901069825098701
ENSG00000111885	chr6:119097738-119098039	201	30954	TRUE	0.0013990904315193953	-0.5080726614842108	TRUE	544	65	0.4757023656989281
ENSG00000047932	chr6:119097738-119098039	136	22603	TRUE	0.092	-0.39212733258240906	TRUE	544	65	0.3066137483463025
ENSG00000111875	chr6:119097738-119098039	436	73047	TRUE	1.9739973173180277e-4	-0.4358919194139572	TRUE	544	66	2.293863349896351
ENSG00000153989	chr6:119097738-119098039	301	49322	TRUE	9.242861265889215e-4	-0.4453670985417151	TRUE	544	66	0.901069825098701
ENSG00000111885	chr6:119097738-119098039	201	30954	TRUE	0.022180009350038457	-0.3967556386200528	TRUE	544	66	0.4757023656989281
ENSG00000047932	chr6:119097738-119098039	136	22603	TRUE	0.104	-0.3709108466727131	FALSE	544	66	0.3066137483463025
ENSG00000111875	chr6:119097738-119098039	436	73047	TRUE	3.155160620469805e-8	-0.5751469954319212	TRUE	544	67	2.293863349896351
ENSG00000153989	chr6:119097738-119098039	301	49322	TRUE	0.005448300399216746	-0.37910925401175183	TRUE	544	67	0.901069825098701
ENSG00000047932	chr6:119097738-119098039	136	22603	TRUE	0.00684060522916162	-0.5382055920703537	TRUE	544	67	0.3066137483463025
ENSG00000111885	chr6:119097738-119098039	201	30954	TRUE	0.18	-0.2540672214515429	FALSE	544	67	0.4757023656989281
ENSG00000153989	chr6:119097738-119098039	301	49322	TRUE	4.1632363831159425e-6	-0.5712404601621115	TRUE	544	68	0.901069825098701
ENSG00000111875	chr6:119097738-119098039	436	73047	TRUE	0.0017659553701980663	-0.38290361456601407	TRUE	544	68	2.293863349896351
ENSG00000111885	chr6:119097738-119098039	201	30954	TRUE	0.002326627071002195	-0.4927246971507748	TRUE	544	68	0.4757023656989281
ENSG00000047932	chr6:119097738-119098039	136	22603	TRUE	0.64	-0.2401242391373588	FALSE	544	68	0.3066137483463025
ENSG00000111875	chr6:119097738-119098039	436	73047	TRUE	6.686493365996599e-6	-0.5030755808112268	TRUE	544	69	2.293863349896351
ENSG00000153989	chr6:119097738-119098039	301	49322	TRUE	7.528373018724334e-6	-0.5589621303836747	TRUE	544	69	0.901069825098701
ENSG00000111885	chr6:119097738-119098039	201	30954	TRUE	0.005473247420473365	-0.4476368076222368	TRUE	544	69	0.4757023656989281
ENSG00000047932	chr6:119097738-119098039	136	22603	TRUE	0.772	-0.211555086940588	FALSE	544	69	0.3066137483463025
ENSG00000111875	chr6:119097738-119098039	436	73047	TRUE	7.258611714877825e-8	-0.5832022650518451	TRUE	544	70	2.293863349896351
ENSG00000153989	chr6:119097738-119098039	301	49322	TRUE	1.0389371882426463e-6	-0.6171767443289704	TRUE	544	70	0.901069825098701
ENSG00000047932	chr6:119097738-119098039	136	22603	TRUE	0.0024825469500493746	-0.6109619345056676	TRUE	544	70	0.3066137483463025
ENSG00000111885	chr6:119097738-119098039	201	30954	TRUE	0.036	-0.40391543019291887	TRUE	544	70	0.4757023656989281
ENSG00000111875	chr6:119097738-119098039	436	73047	TRUE	2.7587424178770107e-7	-0.5591701428821529	TRUE	544	71	2.293863349896351
ENSG00000111885	chr6:119097738-119098039	201	30954	TRUE	1.941118507214597e-5	-0.6371146064859496	TRUE	544	71	0.4757023656989281
ENSG00000047932	chr6:119097738-119098039	136	22603	TRUE	0.036	-0.4245488102747865	TRUE	544	71	0.3066137483463025
ENSG00000153989	chr6:119097738-119098039	301	49322	TRUE	0.392	-0.23215181411656627	FALSE	544	71	0.901069825098701
ENSG00000111875	chr6:119097738-119098039	436	73047	TRUE	5.155989443600406e-5	-0.4788280345645496	TRUE	544	72	2.293863349896351
ENSG00000111885	chr6:119097738-119098039	201	30954	TRUE	0.041491536234568416	-0.38254177940035206	TRUE	544	72	0.4757023656989281
ENSG00000153989	chr6:119097738-119098039	301	49322	TRUE	0.052	-0.32612796232558017	TRUE	544	72	0.901069825098701
ENSG00000047932	chr6:119097738-119098039	136	22603	TRUE	0.14	-0.3709108466727131	FALSE	544	72	0.3066137483463025
ENSG00000111875	chr6:119097738-119098039	436	73047	TRUE	1.5861494045985846e-11	-0.706238530667622	TRUE	544	73	2.293863349896351
ENSG00000111885	chr6:119097738-119098039	201	30954	TRUE	0.0018810740258782162	-0.5158083102638162	TRUE	544	73	0.4757023656989281
ENSG00000047932	chr6:119097738-119098039	136	22603	TRUE	0.005683717685482675	-0.5620523340247212	TRUE	544	73	0.3066137483463025
ENSG00000153989	chr6:119097738-119098039	301	49322	TRUE	0.068	-0.31576124676732054	TRUE	544	73	0.901069825098701
ENSG00000111875	chr6:119097738-119098039	436	73047	TRUE	3.0067047362541977e-07	-0.5735413246586207	TRUE	544	74	2.293863349896351
ENSG00000153989	chr6:119097738-119098039	301	49322	TRUE	5.079544089454707e-7	-0.6214262173303283	TRUE	544	74	0.901069825098701
ENSG00000047932	chr6:119097738-119098039	136	22603	TRUE	0.064	-0.4245488102747865	TRUE	544	74	0.3066137483463025
ENSG00000111885	chr6:119097738-119098039	201	30954	TRUE	0.112	-0.3407216037057248	FALSE	544	74	0.4757023656989281
ENSG00000153989	chr6:119097738-119098039	301	49322	TRUE	1.294944340996646e-5	-0.5267217933834669	TRUE	544	75	0.901069825098701
ENSG00000111875	chr6:119097738-119098039	436	73047	TRUE	1.5391838022630992e-4	-0.43297738298657984	TRUE	544	75	2.293863349896351
ENSG00000111885	chr6:119097738-119098039	201	30954	TRUE	0.04	-0.3476079892909647	TRUE	544	75	0.4757023656989281
ENSG00000047932	chr6:119097738-119098039	136	22603	TRUE	0.212	-0.33965991268827356	FALSE	544	75	0.3066137483463025
ENSG00000153989	chr6:119097738-119098039	301	49322	TRUE	5.2004141757066615e-6	-0.5919394528299476	TRUE	544	76	0.901069825098701
ENSG00000111885	chr6:119097738-119098039	201	30954	TRUE	0.0027319903429364953	-0.48511151304089983	TRUE	544	76	0.4757023656989281
ENSG00000111875	chr6:119097738-119098039	436	73047	TRUE	0.044	-0.33723175618073153	TRUE	544	76	2.293863349896351
ENSG00000047932	chr6:119097738-119098039	136	22603	TRUE	0.28	-0.3090715928548504	FALSE	544	76	0.3066137483463025
ENSG00000111875	chr6:119097738-119098039	436	73047	TRUE	1.1866596892943192e-4	-0.4271659147420568	TRUE	544	77	2.293863349896351
ENSG00000153989	chr6:119097738-119098039	301	49322	TRUE	4.0539402760204554e-4	-0.44913885243092366	TRUE	544	77	0.901069825098701
ENSG00000111885	chr6:119097738-119098039	201	30954	TRUE	6.587143552440333e-4	-0.5080726614842108	TRUE	544	77	0.4757023656989281
ENSG00000047932	chr6:119097738-119098039	136	22603	TRUE	0.236	-0.329391577234446	FALSE	544	77	0.3066137483463025
ENSG00000153989	chr6:119097738-119098039	301	49322	TRUE	0.0024326386196670824	-0.4192373667170615	TRUE	544	78	0.901069825098701
ENSG00000111875	chr6:119097738-119098039	436	73047	TRUE	0.011954415556638953	-0.349545017619583	TRUE	544	78	2.293863349896351
ENSG00000111885	chr6:119097738-119098039	201	30954	TRUE	0.036	-0.38254177940035206	TRUE	544	78	0.4757023656989281
ENSG00000047932	chr6:119097738-119098039	136	22603	TRUE	0.06	-0.4136604941320501	TRUE	544	78	0.3066137483463025
ENSG00000111875	chr6:119097738-119098039	436	73047	TRUE	2.651835350136149e-7	-0.5496682751149984	TRUE	544	79	2.293863349896351
ENSG00000111885	chr6:119097738-119098039	201	30954	TRUE	0.002213837114888602	-0.48511151304089983	TRUE	544	79	0.4757023656989281
ENSG00000153989	chr6:119097738-119098039	301	49322	TRUE	0.032	-0.3330807229673471	TRUE	544	79	0.901069825098701
ENSG00000047932	chr6:119097738-119098039	136	22603	TRUE	0.088	-0.4136604941320501	TRUE	544	79	0.3066137483463025
ENSG00000111875	chr6:119097738-119098039	436	73047	TRUE	1.1864887546682464e-6	-0.5402285792286928	TRUE	544	80	2.293863349896351
ENSG00000153989	chr6:119097738-119098039	301	49322	TRUE	0.028	-0.3400671532834539	TRUE	544	80	0.901069825098701
ENSG00000047932	chr6:119097738-119098039	136	22603	TRUE	0.056	-0.4245488102747865	TRUE	544	80	0.3066137483463025
ENSG00000111885	chr6:119097738-119098039	201	30954	TRUE	0.152	-0.28678279659492123	FALSE	544	80	0.4757023656989281
ENSG00000153989	chr6:119097738-119098039	301	49322	TRUE	5.855729132489551e-9	-0.6602454662208566	TRUE	544	81	0.901069825098701
ENSG00000111875	chr6:119097738-119098039	436	73047	TRUE	1.4012830200657404e-4	-0.4300687226446941	TRUE	544	81	2.293863349896351
ENSG00000111885	chr6:119097738-119098039	201	30954	TRUE	2.534050692336448e-4	-0.5631140250421729	TRUE	544	81	0.4757023656989281
ENSG00000047932	chr6:119097738-119098039	136	22603	TRUE	0.168	-0.329391577234446	FALSE	544	81	0.3066137483463025
ENSG00000111875	chr6:119097738-119098039	436	73047	TRUE	1.4833312692926292e-11	-0.6957206587536227	TRUE	544	82	2.293863349896351
ENSG00000153989	chr6:119097738-119098039	301	49322	TRUE	1.8858799073697037e-7	-0.6256882441844879	TRUE	544	82	0.901069825098701
ENSG00000111885	chr6:119097738-119098039	201	30954	TRUE	0.052	-0.38254177940035206	TRUE	544	82	0.4757023656989281
ENSG00000047932	chr6:119097738-119098039	136	22603	TRUE	0.108	-0.3814800883829004	FALSE	544	82	0.3066137483463025
ENSG00000153989	chr6:119097738-119098039	301	49322	TRUE	2.3480679922548674e-4	-0.4796732205790355	TRUE	544	83	0.901069825098701
ENSG00000111875	chr6:119097738-119098039	436	73047	TRUE	2.692003385034135e-4	-0.43735139858839034	TRUE	544	83	2.293863349896351
ENSG00000047932	chr6:119097738-119098039	136	22603	TRUE	0.0012236563850881906	-0.6487639672180521	TRUE	544	83	0.3066137483463025
ENSG00000111885	chr6:119097738-119098039	201	30954	TRUE	0.006772082178803901	-0.45505427918471986	TRUE	544	83	0.4757023656989281
ENSG00000153989	chr6:119097738-119098039	301	49322	TRUE	1.086030296992599e-6	-0.6129397514424997	TRUE	544	84	0.901069825098701
ENSG00000111875	chr6:119097738-119098039	436	73047	TRUE	1.6640177653129705e-5	-0.49545435315195874	TRUE	544	84	2.293863349896351
ENSG00000111885	chr6:119097738-119098039	201	30954	TRUE	0.002063201777481087	-0.48511151304089983	TRUE	544	84	0.4757023656989281
ENSG00000047932	chr6:119097738-119098039	136	22603	TRUE	0.084	-0.39212733258240906	TRUE	544	84	0.3066137483463025
ENSG00000047932	chr6:119097738-119098039	136	22603	TRUE	2.9385603946937774e-4	-0.7007586048563135	TRUE	544	85	0.3066137483463025
ENSG00000111875	chr6:119097738-119098039	436	73047	TRUE	3.1656559321288635e-4	-0.4199343455109811	TRUE	544	85	2.293863349896351
ENSG00000111885	chr6:119097738-119098039	201	30954	TRUE	0.0015817663234375598	-0.5235856608555354	TRUE	544	85	0.4757023656989281
ENSG00000153989	chr6:119097738-119098039	301	49322	TRUE	0.002089408115148548	-0.4266548382795445	TRUE	544	85	0.901069825098701
ENSG00000111885	chr6:119097738-119098039	201	30954	TRUE	5.0224053987848516e-8	-0.9052200018671654	TRUE	544	86	0.4757023656989281
ENSG00000111875	chr6:119097738-119098039	436	73047	TRUE	3.562818821566376e-5	-0.46685539289847355	TRUE	544	86	2.293863349896351
ENSG00000153989	chr6:119097738-119098039	301	49322	TRUE	5.547348141036763e-5	-0.5030057244096593	TRUE	544	86	0.901069825098701
ENSG00000047932	chr6:119097738-119098039	136	22603	TRUE	0.12	-0.3604184728550708	FALSE	544	86	0.3066137483463025
ENSG00000047932	chr6:119097738-119098039	136	22603	TRUE	4.1645900710780663e-4	-0.68758321610858	TRUE	544	87	0.3066137483463025
ENSG00000111875	chr6:119097738-119098039	436	73047	TRUE	0.0012435603224284428	-0.39136519331421016	TRUE	544	87	2.293863349896351
ENSG00000153989	chr6:119097738-119098039	301	49322	TRUE	0.007195751027193373	-0.37193165193870475	TRUE	544	87	0.901069825098701
ENSG00000111885	chr6:119097738-119098039	201	30954	TRUE	0.188	-0.2605512550217415	FALSE	544	87	0.4757023656989281
ENSG00000111875	chr6:119097738-119098039	436	73047	TRUE	8.830630851266747e-5	-0.4564602215360951	TRUE	544	88	2.293863349896351
ENSG00000111885	chr6:119097738-119098039	201	30954	TRUE	0.02603918062485565	-0.3967556386200528	TRUE	544	88	0.4757023656989281
ENSG00000153989	chr6:119097738-119098039	301	49322	TRUE	0.108	-0.3123221628005496	FALSE	544	88	0.901069825098701
ENSG00000047932	chr6:119097738-119098039	136	22603	TRUE	0.624	-0.2401242391373588	FALSE	544	88	0.3066137483463025
ENSG00000111875	chr6:119097738-119098039	436	73047	TRUE	4.8312217487645956e-5	-0.4594226353919566	TRUE	544	89	2.293863349896351
ENSG00000153989	chr6:119097738-119098039	301	49322	TRUE	0.0014697381135113374	-0.4192373667170615	TRUE	544	89	0.901069825098701
ENSG00000111885	chr6:119097738-119098039	201	30954	TRUE	0.007013023061614304	-0.43291530191547123	TRUE	544	89	0.4757023656989281
ENSG00000047932	chr6:119097738-119098039	136	22603	TRUE	0.012883658535620818	-0.5031586449711529	TRUE	544	89	0.3066137483463025
ENSG00000111875	chr6:119097738-119098039	436	73047	TRUE	5.4294673073797955e-5	-0.4549812926101817	TRUE	544	90	2.293863349896351
ENSG00000111885	chr6:119097738-119098039	201	30954	TRUE	0.0036012140356543043	-0.45505427918471986	TRUE	544	90	0.4757023656989281
ENSG00000153989	chr6:119097738-119098039	301	49322	TRUE	0.0083574903762237	-0.3863227442443266	TRUE	544	90	0.901069825098701
ENSG00000047932	chr6:119097738-119098039	136	22603	TRUE	0.04	-0.4465751166047851	TRUE	544	90	0.3066137483463025
ENSG00000153989	chr6:119097738-119098039	301	49322	TRUE	1.3754721552946994e-7	-0.6515282491197474	TRUE	544	91	0.901069825098701
ENSG00000111875	chr6:119097738-119098039	436	73047	TRUE	7.17399345529857e-7	-0.5386612840817324	TRUE	544	91	2.293863349896351
ENSG00000047932	chr6:119097738-119098039	136	22603	TRUE	0.0015619885150028323	-0.5985782100498351	TRUE	544	91	0.3066137483463025
ENSG00000111885	chr6:119097738-119098039	201	30954	TRUE	0.068	-0.3476079892909647	TRUE	544	91	0.4757023656989281
ENSG00000111875	chr6:119097738-119098039	436	73047	TRUE	0.001762084599153363	-0.37729000810248736	TRUE	544	92	2.293863349896351
ENSG00000111885	chr6:119097738-119098039	201	30954	TRUE	0.0034917933349318878	-0.47000462065069115	TRUE	544	92	0.4757023656989281
ENSG00000047932	chr6:119097738-119098039	136	22603	TRUE	0.024	-0.5031586449711529	TRUE	544	92	0.3066137483463025
ENSG00000153989	chr6:119097738-119098039	301	49322	TRUE	0.06	-0.34708758096122616	TRUE	544	92	0.901069825098701
ENSG00000111885	chr6:119097738-119098039	201	30954	TRUE	4.701947935056372e-6	-0.6974151167537639	TRUE	544	93	0.4757023656989281
ENSG00000111875	chr6:119097738-119098039	436	73047	TRUE	6.740035737632932e-4	-0.4344339152060961	TRUE	544	93	2.293863349896351
ENSG00000153989	chr6:119097738-119098039	301	49322	TRUE	0.014556971489016898	-0.37193165193870475	TRUE	544	93	0.901069825098701
ENSG00000047932	chr6:119097738-119098039	136	22603	TRUE	0.164	-0.3500018569097325	FALSE	544	93	0.3066137483463025
ENSG00000111875	chr6:119097738-119098039	436	73047	TRUE	8.411420886850164e-7	-0.5386612840817324	TRUE	544	94	2.293863349896351
ENSG00000047932	chr6:119097738-119098039	136	22603	TRUE	4.319482580853011e-4	-0.6745270632831337	TRUE	544	94	0.3066137483463025
ENSG00000111885	chr6:119097738-119098039	201	30954	TRUE	7.572329539461166e-4	-0.5471724811731513	TRUE	544	94	0.4757023656989281
ENSG00000153989	chr6:119097738-119098039	301	49322	TRUE	0.0024330766386483488	-0.4266548382795445	TRUE	544	94	0.901069825098701
ENSG00000111875	chr6:119097738-119098039	436	73047	TRUE	5.5171068722424145e-07	-0.5370956897437301	TRUE	544	95	2.293863349896351
ENSG00000153989	chr6:119097738-119098039	301	49322	TRUE	0.0014677446437354677	-0.4266548382795445	TRUE	544	95	0.901069825098701
ENSG00000111885	chr6:119097738-119098039	201	30954	TRUE	0.0020518550257890705	-0.48511151304089983	TRUE	544	95	0.4757023656989281
ENSG00000047932	chr6:119097738-119098039	136	22603	TRUE	0.756	-0.211555086940588	FALSE	544	95	0.3066137483463025
ENSG00000111875	chr6:119097738-119098039	436	73047	TRUE	9.538107844798537e-7	-0.5370956897437301	TRUE	544	96	2.293863349896351
ENSG00000047932	chr6:119097738-119098039	136	22603	TRUE	9.936796162743605e-5	-0.7140554274697712	TRUE	544	96	0.3066137483463025
ENSG00000111885	chr6:119097738-119098039	201	30954	TRUE	1.010260173119012e-4	-0.6120236255231193	TRUE	544	96	0.4757023656989281
ENSG00000153989	chr6:119097738-119098039	301	49322	TRUE	2.12017091793101e-4	-0.4874088693586408	TRUE	544	96	0.901069825098701
ENSG00000153989	chr6:119097738-119098039	301	49322	TRUE	7.336835196793817e-7	-0.5919394528299476	TRUE	544	97	0.901069825098701
ENSG00000111875	chr6:119097738-119098039	436	73047	TRUE	1.283489393126406e-5	-0.5000222568336727	TRUE	544	97	2.293863349896351
ENSG00000047932	chr6:119097738-119098039	136	22603	TRUE	0.028	-0.49166300613332314	TRUE	544	97	0.3066137483463025
ENSG00000111885	chr6:119097738-119098039	201	30954	TRUE	0.284	-0.2476121993142435	FALSE	544	97	0.4757023656989281
ENSG00000111875	chr6:119097738-119098039	436	73047	TRUE	2.2582466142659179e-4	-0.44467102383248747	TRUE	544	98	2.293863349896351
ENSG00000153989	chr6:119097738-119098039	301	49322	TRUE	5.218896953449841e-4	-0.4341106431985917	TRUE	544	98	0.901069825098701
ENSG00000111885	chr6:119097738-119098039	201	30954	TRUE	5.878693890637061e-4	-0.5392672830878049	TRUE	544	98	0.4757023656989281
ENSG00000047932	chr6:119097738-119098039	136	22603	TRUE	0.0033208336111229114	-0.5620523340247212	TRUE	544	98	0.3066137483463025
ENSG00000153989	chr6:119097738-119098039	301	49322	TRUE	1.1081261983574182e-6	-0.5630433071954919	TRUE	544	99	0.901069825098701
ENSG00000111885	chr6:119097738-119098039	201	30954	TRUE	1.0909170530200773e-5	-0.6799276900249227	TRUE	544	99	0.4757023656989281
ENSG00000111875	chr6:119097738-119098039	436	73047	TRUE	1.8502003286624113e-5	-0.4939349269547578	TRUE	544	99	2.293863349896351
ENSG00000047932	chr6:119097738-119098039	136	22603	TRUE	0.003410423530688364	-0.5862998802713983	TRUE	544	99	0.3066137483463025
ENSG00000111885	chr6:119097738-119098039	201	30954	TRUE	8.725213732023977e-9	-0.8850421199295351	TRUE	544	100	0.4757023656989281
ENSG00000111875	chr6:119097738-119098039	436	73047	TRUE	1.2362145441084486e-4	-0.44173871582932955	TRUE	544	100	2.293863349896351
ENSG00000047932	chr6:119097738-119098039	136	22603	TRUE	0.0017032587593174622	-0.6360529154684982	TRUE	544	100	0.3066137483463025
ENSG00000153989	chr6:119097738-119098039	301	49322	TRUE	0.016399111918108576	-0.3576826962004252	TRUE	544	100	0.901069825098701
ENSG00000179632	chr8:145575133-145575434	550	77034	TRUE	3.6309164624958124e-15	-0.6735435936045433	TRUE	660	1	2.585466212485807
ENSG00000179950	chr8:145575133-145575434	651	91096	TRUE	1.3371490740724673e-13	-0.6351135146845488	TRUE	660	1	10.46709793014365
ENSG00000104529	chr8:145575133-145575434	659	92623	TRUE	6.58737942869198e-12	-0.44663042541449194	TRUE	660	1	27.036844901403168
ENSG00000178719	chr8:145575133-145575434	636	88657	TRUE	1.0092436812218413e-11	-0.6074332963151456	TRUE	660	1	6.4488786107899205
ENSG00000184428	chr8:145575133-145575434	495	65919	TRUE	1.3806232413453225e-11	-0.6662056267982243	TRUE	660	1	1.730658249736971
ENSG00000185803	chr8:145575133-145575434	544	75701	TRUE	1.6509668532332567e-11	-0.6236148117421731	TRUE	660	1	2.5683823452816235
ENSG00000104522	chr8:145575133-145575434	579	79230	TRUE	2.696443532875103e-11	-0.5914706620014232	TRUE	660	1	3.064064502015688
ENSG00000147804	chr8:145575133-145575434	609	84821	TRUE	9.659029522647724e-11	-0.5350411764507084	TRUE	660	1	5.086533954186068
ENSG00000160932	chr8:145575133-145575434	657	91862	TRUE	1.0591815343904704e-10	-0.5996622875325661	TRUE	660	1	24.4127212308718
ENSG00000160948	chr8:145575133-145575434	660	92435	TRUE	1.6896196319603283e-9	-0.3752963797573159	TRUE	660	1	14.774670041772138
ENSG00000179526	chr8:145575133-145575434	507	68619	TRUE	3.175583074716218e-9	-0.4598141514982494	TRUE	660	1	1.7531172849151535
ENSG00000185122	chr8:145575133-145575434	635	89166	TRUE	7.618720348706663e-7	-0.34700848859545586	TRUE	660	1	6.356948654645458
ENSG00000197858	chr8:145575133-145575434	606	84075	TRUE	7.582549482338871e-6	-0.3939283473313213	TRUE	660	1	4.055293394585248
ENSG00000187954	chr8:145575133-145575434	276	36102	TRUE	1.409293281106434e-5	-0.4977026484516692	TRUE	660	1	0.6038105357459087
ENSG00000179091	chr8:145575133-145575434	659	91913	TRUE	3.3525885018801174e-4	-0.3210791682435814	TRUE	660	1	13.724376803441775
ENSG00000170619	chr8:145575133-145575434	306	41076	TRUE	7.550589066295833e-4	-0.47382664740958397	TRUE	660	1	0.6836776149254664
ENSG00000178896	chr8:145575133-145575434	593	79970	TRUE	0.003836143106825715	-0.35147434598915805	TRUE	660	1	3.7259601862558207
ENSG00000213563	chr8:145575133-145575434	190	29035	TRUE	0.01566470434381395	-0.3390734005690743	TRUE	660	1	0.43109680510849296
ENSG00000185803	chr8:145575133-145575434	544	75701	TRUE	6.152753530014845e-13	-0.6533111269271514	TRUE	660	2	2.5683823452816235
ENSG00000178896	chr8:145575133-145575434	593	79970	TRUE	5.030205021851362e-11	-0.655737659049922	TRUE	660	2	3.7259601862558207
ENSG00000147804	chr8:145575133-145575434	609	84821	TRUE	2.0812971468729415e-10	-0.5350411764507084	TRUE	660	2	5.086533954186068
ENSG00000160948	chr8:145575133-145575434	660	92435	TRUE	1.5253484285918426e-9	-0.39965309289450657	TRUE	660	2	14.774670041772138
ENSG00000197858	chr8:145575133-145575434	606	84075	TRUE	4.662477372052739e-9	-0.5125919892697071	TRUE	660	2	4.055293394585248
ENSG00000104529	chr8:145575133-145575434	659	92623	TRUE	7.114770387692387e-9	-0.41039159983690165	TRUE	660	2	27.036844901403168
ENSG00000185122	chr8:145575133-145575434	635	89166	TRUE	8.812021628872273e-8	-0.36222604002101644	TRUE	660	2	6.356948654645458
ENSG00000179526	chr8:145575133-145575434	507	68619	TRUE	2.4938404829172095e-7	-0.38950461647990564	TRUE	660	2	1.7531172849151535
ENSG00000104522	chr8:145575133-145575434	579	79230	TRUE	3.30470434732956e-7	-0.5108413420917428	TRUE	660	2	3.064064502015688
ENSG00000184428	chr8:145575133-145575434	495	65919	TRUE	4.85768017298419e-7	-0.553919251223856	TRUE	660	2	1.730658249736971
ENSG00000179632	chr8:145575133-145575434	550	77034	TRUE	6.292269054883055e-7	-0.46007640204757927	TRUE	660	2	2.585466212485807
ENSG00000170619	chr8:145575133-145575434	306	41076	TRUE	1.5338538196040083e-6	-0.6299458493268659	TRUE	660	2	0.6836776149254664
ENSG00000187954	chr8:145575133-145575434	276	36102	TRUE	3.108369855173805e-5	-0.4925776162738019	TRUE	660	2	0.6038105357459087
ENSG00000179091	chr8:145575133-145575434	659	91913	TRUE	3.361036999304651e-5	-0.3552701695312348	TRUE	660	2	13.724376803441775
ENSG00000179950	chr8:145575133-145575434	651	91096	TRUE	6.576800997730795e-5	-0.45389784146008205	TRUE	660	2	10.46709793014365
ENSG00000160932	chr8:145575133-145575434	657	91862	TRUE	6.847840659572613e-5	-0.3829394731093947	TRUE	660	2	24.4127212308718
ENSG00000178719	chr8:145575133-145575434	636	88657	TRUE	0.024	-0.33977614124291566	TRUE	660	2	6.4488786107899205
ENSG00000213563	chr8:145575133-145575434	190	29035	TRUE	0.14	-0.2348845502971031	FALSE	660	2	0.43109680510849296
ENSG00000179632	chr8:145575133-145575434	550	77034	TRUE	2.4798332937774093e-16	-0.7200445048335897	TRUE	660	3	2.585466212485807
ENSG00000104529	chr8:145575133-145575434	659	92623	TRUE	2.6396159479794527e-16	-0.5472355053291116	TRUE	660	3	27.036844901403168
ENSG00000179950	chr8:145575133-145575434	651	91096	TRUE	2.079643484495545e-12	-0.6139790486484151	TRUE	660	3	10.46709793014365
ENSG00000104522	chr8:145575133-145575434	579	79230	TRUE	1.555189588110315e-11	-0.6014963801866895	TRUE	660	3	3.064064502015688
ENSG00000197858	chr8:145575133-145575434	606	84075	TRUE	4.8420903616326106e-11	-0.5323702965463211	TRUE	660	3	4.055293394585248
ENSG00000178719	chr8:145575133-145575434	636	88657	TRUE	1.016966265321898e-9	-0.5575341382892889	TRUE	660	3	6.4488786107899205
ENSG00000185803	chr8:145575133-145575434	544	75701	TRUE	5.574752756466804e-9	-0.5531088505962642	TRUE	660	3	2.5683823452816235
ENSG00000160948	chr8:145575133-145575434	660	92435	TRUE	9.343598980389846e-9	-0.37422334509208977	TRUE	660	3	14.774670041772138
ENSG00000160932	chr8:145575133-145575434	657	91862	TRUE	6.714817051922759e-8	-0.4850056157602811	TRUE	660	3	24.4127212308718
ENSG00000184428	chr8:145575133-145575434	495	65919	TRUE	1.1434803641027151e-7	-0.5679261092177355	TRUE	660	3	1.730658249736971
ENSG00000179091	chr8:145575133-145575434	659	91913	TRUE	1.3581885657188895e-7	-0.41480656152473916	TRUE	660	3	13.724376803441775
ENSG00000147804	chr8:145575133-145575434	609	84821	TRUE	4.067285125445566e-7	-0.44159240755986406	TRUE	660	3	5.086533954186068
ENSG00000170619	chr8:145575133-145575434	306	41076	TRUE	1.2619703282102106e-6	-0.6299458493268659	TRUE	660	3	0.6836776149254664
ENSG00000178896	chr8:145575133-145575434	593	79970	TRUE	1.4090410848645275e-6	-0.47981514343341547	TRUE	660	3	3.7259601862558207
ENSG00000179526	chr8:145575133-145575434	507	68619	TRUE	3.8300314502743085e-5	-0.32551305978665823	TRUE	660	3	1.7531172849151535
ENSG00000185122	chr8:145575133-145575434	635	89166	TRUE	8.470178165298839e-5	-0.2880979801116199	TRUE	660	3	6.356948654645458
ENSG00000187954	chr8:145575133-145575434	276	36102	TRUE	5.375326403662707e-4	-0.3653424279776939	TRUE	660	3	0.6038105357459087
ENSG00000213563	chr8:145575133-145575434	190	29035	TRUE	0.064	-0.282978838498148	TRUE	660	3	0.43109680510849296
ENSG00000104529	chr8:145575133-145575434	659	92623	TRUE	2.2127641535702205e-17	-0.5450389533809039	TRUE	660	4	27.036844901403168
ENSG00000160948	chr8:145575133-145575434	660	92435	TRUE	4.736300886786612e-15	-0.49032640240571945	TRUE	660	4	14.774670041772138
ENSG00000160932	chr8:145575133-145575434	657	91862	TRUE	2.946524318786991e-10	-0.6138233553394814	TRUE	660	4	24.4127212308718
ENSG00000179632	chr8:145575133-145575434	550	77034	TRUE	5.951023008459453e-10	-0.564632333090169	TRUE	660	4	2.585466212485807
ENSG00000185122	chr8:145575133-145575434	635	89166	TRUE	8.039259640414476e-10	-0.40886615807280036	TRUE	660	4	6.356948654645458
ENSG00000178719	chr8:145575133-145575434	636	88657	TRUE	1.773322900950117e-8	-0.5084086278314315	TRUE	660	4	6.4488786107899205
ENSG00000185803	chr8:145575133-145575434	544	75701	TRUE	2.3108428317658017e-8	-0.5519430363583693	TRUE	660	4	2.5683823452816235
ENSG00000184428	chr8:145575133-145575434	495	65919	TRUE	8.733682854234013e-8	-0.553919251223856	TRUE	660	4	1.730658249736971
ENSG00000179950	chr8:145575133-145575434	651	91096	TRUE	1.8265260718996036e-7	-0.5255395088753345	TRUE	660	4	10.46709793014365
ENSG00000179526	chr8:145575133-145575434	507	68619	TRUE	1.8309165767071934e-7	-0.40716721377387033	TRUE	660	4	1.7531172849151535
ENSG00000147804	chr8:145575133-145575434	609	84821	TRUE	1.7188451321486977e-6	-0.43201010404003304	TRUE	660	4	5.086533954186068
ENSG00000178896	chr8:145575133-145575434	593	79970	TRUE	4.434914213665873e-5	-0.4319524915041397	TRUE	660	4	3.7259601862558207
ENSG00000197858	chr8:145575133-145575434	606	84075	TRUE	8.1190100959588e-5	-0.37859811024821566	TRUE	660	4	4.055293394585248
ENSG00000104522	chr8:145575133-145575434	579	79230	TRUE	4.931690846056063e-4	-0.4052089239385199	TRUE	660	4	3.064064502015688
ENSG00000187954	chr8:145575133-145575434	276	36102	TRUE	8.092676292596919e-4	-0.3700341233024159	TRUE	660	4	0.6038105357459087
ENSG00000179091	chr8:145575133-145575434	659	91913	TRUE	0.0010010988860443167	-0.3005661166116549	TRUE	660	4	13.724376803441775
ENSG00000213563	chr8:145575133-145575434	190	29035	TRUE	0.005162142111453813	-0.3777193284685578	TRUE	660	4	0.43109680510849296
ENSG00000170619	chr8:145575133-145575434	306	41076	TRUE	0.024	-0.36309982954305314	TRUE	660	4	0.6836776149254664
ENSG00000104529	chr8:145575133-145575434	659	92623	TRUE	5.390660226148039e-13	-0.471340199594966	TRUE	660	5	27.036844901403168
ENSG00000197858	chr8:145575133-145575434	606	84075	TRUE	2.812854336270849e-11	-0.5576683307248045	TRUE	660	5	4.055293394585248
ENSG00000104522	chr8:145575133-145575434	579	79230	TRUE	3.066824659783563e-11	-0.6248234162913302	TRUE	660	5	3.064064502015688
ENSG00000185122	chr8:145575133-145575434	635	89166	TRUE	3.1491901173377255e-11	-0.44396347269819003	TRUE	660	5	6.356948654645458
ENSG00000185803	chr8:145575133-145575434	544	75701	TRUE	7.907719548489098e-9	-0.5766251828589055	TRUE	660	5	2.5683823452816235
ENSG00000179526	chr8:145575133-145575434	507	68619	TRUE	8.303300710871655e-9	-0.43489651929391976	TRUE	660	5	1.7531172849151535
ENSG00000178719	chr8:145575133-145575434	636	88657	TRUE	1.1996043954059154e-8	-0.5026065981918872	TRUE	660	5	6.4488786107899205
ENSG00000160948	chr8:145575133-145575434	660	92435	TRUE	1.2581382017505744e-8	-0.3744021287890642	TRUE	660	5	14.774670041772138
ENSG00000179091	chr8:145575133-145575434	659	91913	TRUE	4.002402127699866e-8	-0.4347232890998569	TRUE	660	5	13.724376803441775
ENSG00000179950	chr8:145575133-145575434	651	91096	TRUE	5.0353636123342746e-8	-0.5387551283794987	TRUE	660	5	10.46709793014365
ENSG00000179632	chr8:145575133-145575434	550	77034	TRUE	1.129971860621597e-7	-0.4888648254722042	TRUE	660	5	2.585466212485807
ENSG00000178896	chr8:145575133-145575434	593	79970	TRUE	6.253928678632702e-7	-0.5163812726648458	TRUE	660	5	3.7259601862558207
ENSG00000147804	chr8:145575133-145575434	609	84821	TRUE	3.2502214039379328e-6	-0.40143749889735214	TRUE	660	5	5.086533954186068
ENSG00000160932	chr8:145575133-145575434	657	91862	TRUE	7.101470076954601e-6	-0.4612818997970667	TRUE	660	5	24.4127212308718
ENSG00000170619	chr8:145575133-145575434	306	41076	TRUE	3.0232131165139125e-5	-0.5716018630960613	TRUE	660	5	0.6836776149254664
ENSG00000184428	chr8:145575133-145575434	495	65919	TRUE	5.293974035191877e-4	-0.41451619455843974	TRUE	660	5	1.730658249736971
ENSG00000213563	chr8:145575133-145575434	190	29035	TRUE	0.0145090302654243	-0.35826696580238515	TRUE	660	5	0.43109680510849296
ENSG00000187954	chr8:145575133-145575434	276	36102	TRUE	0.04	-0.2658067544267796	TRUE	660	5	0.6038105357459087
ENSG00000104529	chr8:145575133-145575434	659	92623	TRUE	3.2900821005443507e-16	-0.5291046454002508	TRUE	660	6	27.036844901403168
ENSG00000178896	chr8:145575133-145575434	593	79970	TRUE	4.396283862722197e-15	-0.6699954160158812	TRUE	660	6	3.7259601862558207
ENSG00000179091	chr8:145575133-145575434	659	91913	TRUE	8.05206295782733e-13	-0.5143863872704477	TRUE	660	6	13.724376803441775
ENSG00000185803	chr8:145575133-145575434	544	75701	TRUE	1.4244643280956205e-10	-0.6199453861754768	TRUE	660	6	2.5683823452816235
ENSG00000147804	chr8:145575133-145575434	609	84821	TRUE	7.361606778689654e-10	-0.5230236555598102	TRUE	660	6	5.086533954186068
ENSG00000160932	chr8:145575133-145575434	657	91862	TRUE	8.410728624252007e-10	-0.5891634740792409	TRUE	660	6	24.4127212308718
ENSG00000185122	chr8:145575133-145575434	635	89166	TRUE	3.207904652281551e-9	-0.3780353842160804	TRUE	660	6	6.356948654645458
ENSG00000178719	chr8:145575133-145575434	636	88657	TRUE	4.216238614371346e-9	-0.5552224969665005	TRUE	660	6	6.4488786107899205
ENSG00000104522	chr8:145575133-145575434	579	79230	TRUE	1.723177026444905e-8	-0.5491367568361756	TRUE	660	6	3.064064502015688
ENSG00000179632	chr8:145575133-145575434	550	77034	TRUE	5.069114928628207e-8	-0.4944675317015802	TRUE	660	6	2.585466212485807
ENSG00000160948	chr8:145575133-145575434	660	92435	TRUE	5.493620108617419e-8	-0.36477937421469075	TRUE	660	6	14.774670041772138
ENSG00000197858	chr8:145575133-145575434	606	84075	TRUE	1.2836242082137712e-7	-0.4667655644751443	TRUE	660	6	4.055293394585248
ENSG00000179526	chr8:145575133-145575434	507	68619	TRUE	1.315399860582237e-7	-0.40393970674347457	TRUE	660	6	1.7531172849151535
ENSG00000179950	chr8:145575133-145575434	651	91096	TRUE	1.8789084947981333e-7	-0.5222544333590315	TRUE	660	6	10.46709793014365
ENSG00000213563	chr8:145575133-145575434	190	29035	TRUE	1.4320532450203677e-6	-0.5957662795290413	TRUE	660	6	0.43109680510849296
ENSG00000170619	chr8:145575133-145575434	306	41076	TRUE	6.167788949438581e-5	-0.5672100939789033	TRUE	660	6	0.6836776149254664
ENSG00000184428	chr8:145575133-145575434	495	65919	TRUE	6.453857661932396e-5	-0.46440799980276765	TRUE	660	6	1.730658249736971
ENSG00000187954	chr8:145575133-145575434	276	36102	TRUE	0.0010557472549797484	-0.3700341233024159	TRUE	660	6	0.6038105357459087
ENSG00000104522	chr8:145575133-145575434	579	79230	TRUE	7.350757075858275e-13	-0.6495736165649915	TRUE	660	7	3.064064502015688
ENSG00000160948	chr8:145575133-145575434	660	92435	TRUE	2.149111895578676e-12	-0.44850622671109264	TRUE	660	7	14.774670041772138
ENSG00000104529	chr8:145575133-145575434	659	92623	TRUE	9.53453185839357e-10	-0.4223367513868217	TRUE	660	7	27.036844901403168
ENSG00000197858	chr8:145575133-145575434	606	84075	TRUE	1.8241800700806157e-9	-0.5419907659132104	TRUE	660	7	4.055293394585248
ENSG00000160932	chr8:145575133-145575434	657	91862	TRUE	4.046424410684068e-9	-0.5527006157246932	TRUE	660	7	24.4127212308718
ENSG00000185803	chr8:145575133-145575434	544	75701	TRUE	4.156989512229376e-6	-0.48477587132093447	TRUE	660	7	2.5683823452816235
ENSG00000184428	chr8:145575133-145575434	495	65919	TRUE	6.7078998240402594e-6	-0.5059392223220345	TRUE	660	7	1.730658249736971
ENSG00000185122	chr8:145575133-145575434	635	89166	TRUE	1.6153989264026253e-5	-0.30066614903479705	TRUE	660	7	6.356948654645458
ENSG00000170619	chr8:145575133-145575434	306	41076	TRUE	1.891383652161821e-5	-0.5584664609069272	TRUE	660	7	0.6836776149254664
ENSG00000179950	chr8:145575133-145575434	651	91096	TRUE	3.970257322192432e-5	-0.46489284871801484	TRUE	660	7	10.46709793014365
ENSG00000179091	chr8:145575133-145575434	659	91913	TRUE	5.092451753101624e-5	-0.35982469749762647	TRUE	660	7	13.724376803441775
ENSG00000178896	chr8:145575133-145575434	593	79970	TRUE	8.119264963215743e-5	-0.4334719177013404	TRUE	660	7	3.7259601862558207
ENSG00000178719	chr8:145575133-145575434	636	88657	TRUE	8.527986975605728e-5	-0.4007269841726737	TRUE	660	7	6.4488786107899205
ENSG00000179632	chr8:145575133-145575434	550	77034	TRUE	1.2173515030098378e-4	-0.38947827539456226	TRUE	660	7	2.585466212485807
ENSG00000187954	chr8:145575133-145575434	276	36102	TRUE	1.4926090953722073e-4	-0.4472536257643115	TRUE	660	7	0.6038105357459087
ENSG00000179526	chr8:145575133-145575434	507	68619	TRUE	1.8526550547512313e-4	-0.2833875841139818	TRUE	660	7	1.7531172849151535
ENSG00000147804	chr8:145575133-145575434	609	84821	TRUE	0.0026544521145275557	-0.3144600485610831	TRUE	660	7	5.086533954186068
ENSG00000213563	chr8:145575133-145575434	190	29035	TRUE	0.00970438382571942	-0.35826696580238515	TRUE	660	7	0.43109680510849296
ENSG00000185122	chr8:145575133-145575434	635	89166	TRUE	6.1641040079493594e-15	-0.5173014641433618	TRUE	660	8	6.356948654645458
ENSG00000104522	chr8:145575133-145575434	579	79230	TRUE	2.6336094816230464e-12	-0.6663128331093684	TRUE	660	8	3.064064502015688
ENSG00000104529	chr8:145575133-145575434	659	92623	TRUE	5.2247986019938634e-11	-0.43113277488911805	TRUE	660	8	27.036844901403168
ENSG00000178896	chr8:145575133-145575434	593	79970	TRUE	4.998751831406222e-9	-0.5505969880027588	TRUE	660	8	3.7259601862558207
ENSG00000179950	chr8:145575133-145575434	651	91096	TRUE	7.295972848543332e-9	-0.5506978064068209	TRUE	660	8	10.46709793014365
ENSG00000147804	chr8:145575133-145575434	609	84821	TRUE	3.491035644134668e-8	-0.4689970154740044	TRUE	660	8	5.086533954186068
ENSG00000197858	chr8:145575133-145575434	606	84075	TRUE	3.6538316106139225e-8	-0.47808642720240213	TRUE	660	8	4.055293394585248
ENSG00000179526	chr8:145575133-145575434	507	68619	TRUE	3.9155672807687113e-8	-0.4185206903400749	TRUE	660	8	1.7531172849151535
ENSG00000178719	chr8:145575133-145575434	636	88657	TRUE	1.0854112564057279e-7	-0.47525192776453773	TRUE	660	8	6.4488786107899205
ENSG00000160948	chr8:145575133-145575434	660	92435	TRUE	2.1413706773667227e-7	-0.3296883814539724	TRUE	660	8	14.774670041772138
ENSG00000179091	chr8:145575133-145575434	659	91913	TRUE	4.956591747430975e-7	-0.39495780946942416	TRUE	660	8	13.724376803441775
ENSG00000179632	chr8:145575133-145575434	550	77034	TRUE	8.187396845793526e-7	-0.4699767499873876	TRUE	660	8	2.585466212485807
ENSG00000184428	chr8:145575133-145575434	495	65919	TRUE	1.9404835989490147e-4	-0.4497446828694214	TRUE	660	8	1.730658249736971
ENSG00000185803	chr8:145575133-145575434	544	75701	TRUE	3.1314184849608184e-4	-0.40999686728254336	TRUE	660	8	2.5683823452816235
ENSG00000170619	chr8:145575133-145575434	306	41076	TRUE	0.011515528067499777	-0.4134540294301023	TRUE	660	8	0.6836776149254664
ENSG00000160932	chr8:145575133-145575434	657	91862	TRUE	0.048	-0.2948983896406405	TRUE	660	8	24.4127212308718
ENSG00000187954	chr8:145575133-145575434	276	36102	TRUE	0.056	-0.2355241874907369	TRUE	660	8	0.6038105357459087
ENSG00000213563	chr8:145575133-145575434	190	29035	TRUE	0.6	-0.15439463243673512	FALSE	660	8	0.43109680510849296
ENSG00000160948	chr8:145575133-145575434	660	92435	TRUE	3.0811166579165068e-15	-0.4973184760640361	TRUE	660	9	14.774670041772138
ENSG00000178719	chr8:145575133-145575434	636	88657	TRUE	2.806559785150065e-13	-0.6194578286762833	TRUE	660	9	6.4488786107899205
ENSG00000104529	chr8:145575133-145575434	659	92623	TRUE	8.999290351561243e-11	-0.46001836896659754	TRUE	660	9	27.036844901403168
ENSG00000197858	chr8:145575133-145575434	606	84075	TRUE	1.738421832894542e-10	-0.5554182210289289	TRUE	660	9	4.055293394585248
ENSG00000147804	chr8:145575133-145575434	609	84821	TRUE	1.43118912239039e-9	-0.5374567400805597	TRUE	660	9	5.086533954186068
ENSG00000179091	chr8:145575133-145575434	659	91913	TRUE	1.7686402880584206e-9	-0.48056741242442014	TRUE	660	9	13.724376803441775
ENSG00000179950	chr8:145575133-145575434	651	91096	TRUE	2.461787883424588e-7	-0.531306452094221	TRUE	660	9	10.46709793014365
ENSG00000160932	chr8:145575133-145575434	657	91862	TRUE	4.0551593392967357e-7	-0.5122293179093829	TRUE	660	9	24.4127212308718
ENSG00000179632	chr8:145575133-145575434	550	77034	TRUE	5.217254986006933e-7	-0.48105741153112125	TRUE	660	9	2.585466212485807
ENSG00000185122	chr8:145575133-145575434	635	89166	TRUE	6.977459874304027e-6	-0.33736953162418626	TRUE	660	9	6.356948654645458
ENSG00000184428	chr8:145575133-145575434	495	65919	TRUE	1.8178625099895228e-5	-0.5025723712236358	TRUE	660	9	1.730658249736971
ENSG00000170619	chr8:145575133-145575434	306	41076	TRUE	7.24830323521582e-5	-0.5454495752400925	TRUE	660	9	0.6836776149254664
ENSG00000185803	chr8:145575133-145575434	544	75701	TRUE	1.5882862611877636e-4	-0.43879839024832346	TRUE	660	9	2.5683823452816235
ENSG00000104522	chr8:145575133-145575434	579	79230	TRUE	4.558695644270392e-4	-0.41666943977015425	TRUE	660	9	3.064064502015688
ENSG00000179526	chr8:145575133-145575434	507	68619	TRUE	5.717813533063229e-4	-0.28487107528931244	TRUE	660	9	1.7531172849151535
ENSG00000178896	chr8:145575133-145575434	593	79970	TRUE	5.941904766566496e-4	-0.4004087093032578	TRUE	660	9	3.7259601862558207
ENSG00000187954	chr8:145575133-145575434	276	36102	TRUE	0.006704928114928059	-0.32378993853318827	TRUE	660	9	0.6038105357459087
ENSG00000213563	chr8:145575133-145575434	190	29035	TRUE	0.028	-0.3647219879396846	TRUE	660	9	0.43109680510849296
ENSG00000160948	chr8:145575133-145575434	660	92435	TRUE	6.02789513290648e-14	-0.48955159302034623	TRUE	660	10	14.774670041772138
ENSG00000197858	chr8:145575133-145575434	606	84075	TRUE	2.519572730316712e-11	-0.5591703558900365	TRUE	660	10	4.055293394585248
ENSG00000185122	chr8:145575133-145575434	635	89166	TRUE	4.646250795992205e-11	-0.414583292678957	TRUE	660	10	6.356948654645458
ENSG00000179632	chr8:145575133-145575434	550	77034	TRUE	2.5329049663277005e-10	-0.5776563406623104	TRUE	660	10	2.585466212485807
ENSG00000178719	chr8:145575133-145575434	636	88657	TRUE	6.984408668878495e-9	-0.5396008056740889	TRUE	660	10	6.4488786107899205
ENSG00000104522	chr8:145575133-145575434	579	79230	TRUE	1.0973347007941321e-08	-0.54816687778056306	TRUE	660	10	3.064064502015688
ENSG00000179950	chr8:145575133-145575434	651	91096	TRUE	1.3051197132258252e-7	-0.5470767917572816	TRUE	660	10	10.46709793014365
ENSG00000179526	chr8:145575133-145575434	507	68619	TRUE	2.493673823537228e-7	-0.3959023876780563	TRUE	660	10	1.7531172849151535
ENSG00000185803	chr8:145575133-145575434	544	75701	TRUE	2.0488593689735432e-6	-0.4970637082446866	TRUE	660	10	2.5683823452816235
ENSG00000184428	chr8:145575133-145575434	495	65919	TRUE	5.398981262038304e-6	-0.5245986775536348	TRUE	660	10	1.730658249736971
ENSG00000104529	chr8:145575133-145575434	659	92623	TRUE	1.1673326855055413e-5	-0.3425369441751709	TRUE	660	10	27.036844901403168
ENSG00000147804	chr8:145575133-145575434	609	84821	TRUE	2.487486961592726e-5	-0.42193303135208193	TRUE	660	10	5.086533954186068
ENSG00000160932	chr8:145575133-145575434	657	91862	TRUE	1.2702012211291205e-4	-0.4276511219157868	TRUE	660	10	24.4127212308718
ENSG00000178896	chr8:145575133-145575434	593	79970	TRUE	4.01180443209484e-4	-0.4160943910569228	TRUE	660	10	3.7259601862558207
ENSG00000179091	chr8:145575133-145575434	659	91913	TRUE	5.445808469385603e-4	-0.3460075645394354	TRUE	660	10	13.724376803441775
ENSG00000170619	chr8:145575133-145575434	306	41076	TRUE	0.004039527248238119	-0.43730077138447027	TRUE	660	10	0.6836776149254664
ENSG00000213563	chr8:145575133-145575434	190	29035	TRUE	0.014238036668112491	-0.3327318736952476	TRUE	660	10	0.43109680510849296
ENSG00000187954	chr8:145575133-145575434	276	36102	TRUE	0.044	-0.24842467619854303	TRUE	660	10	0.6038105357459087
ENSG00000104529	chr8:145575133-145575434	659	92623	TRUE	4.3240890076004645e-14	-0.4982856046201203	TRUE	660	11	27.036844901403168
ENSG00000184428	chr8:145575133-145575434	495	65919	TRUE	4.185026649328465e-10	-0.6400758949735706	TRUE	660	11	1.730658249736971
ENSG00000160932	chr8:145575133-145575434	657	91862	TRUE	1.0332249538623294e-9	-0.5856388705335753	TRUE	660	11	24.4127212308718
ENSG00000160948	chr8:145575133-145575434	660	92435	TRUE	2.4659217379788797e-9	-0.4111618323143218	TRUE	660	11	14.774670041772138
ENSG00000178719	chr8:145575133-145575434	636	88657	TRUE	1.5256963233551058e-8	-0.5187312682123904	TRUE	660	11	6.4488786107899205
ENSG00000179950	chr8:145575133-145575434	651	91096	TRUE	3.6490437619319496e-8	-0.5467986282471382	TRUE	660	11	10.46709793014365
ENSG00000197858	chr8:145575133-145575434	606	84075	TRUE	8.156786350109642e-8	-0.4695874627653276	TRUE	660	11	4.055293394585248
ENSG00000179091	chr8:145575133-145575434	659	91913	TRUE	1.855051477063106e-7	-0.42535307836726544	TRUE	660	11	13.724376803441775
ENSG00000179632	chr8:145575133-145575434	550	77034	TRUE	6.403019916011534e-7	-0.45788552077476885	TRUE	660	11	2.585466212485807
ENSG00000147804	chr8:145575133-145575434	609	84821	TRUE	1.0854481563631556e-6	-0.4292038494285364	TRUE	660	11	5.086533954186068
ENSG00000104522	chr8:145575133-145575434	579	79230	TRUE	1.458343075676563e-6	-0.514625462401302	TRUE	660	11	3.064064502015688
ENSG00000187954	chr8:145575133-145575434	276	36102	TRUE	8.89547094473607e-5	-0.43245662383623096	TRUE	660	11	0.6038105357459087
ENSG00000178896	chr8:145575133-145575434	593	79970	TRUE	2.52108499514285e-4	-0.4221150363763375	TRUE	660	11	3.7259601862558207
ENSG00000213563	chr8:145575133-145575434	190	29035	TRUE	6.542251897861708e-4	-0.45137637019386667	TRUE	660	11	0.43109680510849296
ENSG00000185122	chr8:145575133-145575434	635	89166	TRUE	0.001320700898138967	-0.23733271928253608	TRUE	660	11	6.356948654645458
ENSG00000185803	chr8:145575133-145575434	544	75701	TRUE	0.0020884428315533082	-0.38486946796176413	TRUE	660	11	2.5683823452816235
ENSG00000179526	chr8:145575133-145575434	507	68619	TRUE	0.004615907711389415	-0.24101678569988505	TRUE	660	11	1.7531172849151535
ENSG00000170619	chr8:145575133-145575434	306	41076	TRUE	0.056	-0.3669114434930721	TRUE	660	11	0.6836776149254664
ENSG00000179091	chr8:145575133-145575434	659	91913	TRUE	2.247343705560082e-14	-0.5812588138596912	TRUE	660	12	13.724376803441775
ENSG00000160948	chr8:145575133-145575434	660	92435	TRUE	2.1262238360413087e-11	-0.4389388752081289	TRUE	660	12	14.774670041772138
ENSG00000185122	chr8:145575133-145575434	635	89166	TRUE	1.7362855293300906e-10	-0.42697461460513875	TRUE	660	12	6.356948654645458
ENSG00000104522	chr8:145575133-145575434	579	79230	TRUE	4.12492796869567e-10	-0.5864838093316651	TRUE	660	12	3.064064502015688
ENSG00000104529	chr8:145575133-145575434	659	92623	TRUE	2.1968671823626384e-8	-0.4030130895227986	TRUE	660	12	27.036844901403168
ENSG00000160932	chr8:145575133-145575434	657	91862	TRUE	3.074897977472374e-7	-0.5030579748951842	TRUE	660	12	24.4127212308718
ENSG00000178719	chr8:145575133-145575434	636	88657	TRUE	4.998123032702714e-7	-0.49195607889520954	TRUE	660	12	6.4488786107899205
ENSG00000179632	chr8:145575133-145575434	550	77034	TRUE	1.301539970416626e-6	-0.47661492906502534	TRUE	660	12	2.585466212485807
ENSG00000197858	chr8:145575133-145575434	606	84075	TRUE	7.3899789002364845e-6	-0.42030129011587203	TRUE	660	12	4.055293394585248
ENSG00000213563	chr8:145575133-145575434	190	29035	TRUE	7.199306622570137e-5	-0.5289972673163406	TRUE	660	12	0.43109680510849296
ENSG00000179950	chr8:145575133-145575434	651	91096	TRUE	1.1032018337268044e-4	-0.4591231099062849	TRUE	660	12	10.46709793014365
ENSG00000178896	chr8:145575133-145575434	593	79970	TRUE	1.3501143068183653e-4	-0.42664706640969396	TRUE	660	12	3.7259601862558207
ENSG00000184428	chr8:145575133-145575434	495	65919	TRUE	5.033742920605155e-4	-0.42085772143226646	TRUE	660	12	1.730658249736971
ENSG00000185803	chr8:145575133-145575434	544	75701	TRUE	8.097426808941453e-4	-0.38486946796176413	TRUE	660	12	2.5683823452816235
ENSG00000170619	chr8:145575133-145575434	306	41076	TRUE	0.0017689023360025896	-0.45342043674774696	TRUE	660	12	0.6836776149254664
ENSG00000147804	chr8:145575133-145575434	609	84821	TRUE	0.0028589098520274553	-0.3353236810152356	TRUE	660	12	5.086533954186068
ENSG00000179526	chr8:145575133-145575434	507	68619	TRUE	0.017588801564147855	-0.19566310858015867	TRUE	660	12	1.7531172849151535
ENSG00000187954	chr8:145575133-145575434	276	36102	TRUE	0.236	-0.18091785684026662	FALSE	660	12	0.6038105357459087
ENSG00000178719	chr8:145575133-145575434	636	88657	TRUE	1.1370500632687173e-13	-0.634996935922179	TRUE	660	13	6.4488786107899205
ENSG00000104529	chr8:145575133-145575434	659	92623	TRUE	2.2789030284725185e-11	-0.46281459152129045	TRUE	660	13	27.036844901403168
ENSG00000179526	chr8:145575133-145575434	507	68619	TRUE	7.818799644021448e-11	-0.4749739586692549	TRUE	660	13	1.7531172849151535
ENSG00000179950	chr8:145575133-145575434	651	91096	TRUE	2.0332408347149966e-10	-0.6038161151190753	TRUE	660	13	10.46709793014365
ENSG00000178896	chr8:145575133-145575434	593	79970	TRUE	8.080200127189513e-8	-0.5301328854430432	TRUE	660	13	3.7259601862558207
ENSG00000160932	chr8:145575133-145575434	657	91862	TRUE	1.4259860324332147e-7	-0.5341416558144632	TRUE	660	13	24.4127212308718
ENSG00000197858	chr8:145575133-145575434	606	84075	TRUE	4.491795280048326e-6	-0.42714196220625267	TRUE	660	13	4.055293394585248
ENSG00000184428	chr8:145575133-145575434	495	65919	TRUE	6.911049337889963e-6	-0.5025723712236358	TRUE	660	13	1.730658249736971
ENSG00000185803	chr8:145575133-145575434	544	75701	TRUE	3.444826919228594e-5	-0.4637948618373925	TRUE	660	13	2.5683823452816235
ENSG00000179632	chr8:145575133-145575434	550	77034	TRUE	4.730407502570328e-5	-0.42007405180628377	TRUE	660	13	2.585466212485807
ENSG00000104522	chr8:145575133-145575434	579	79230	TRUE	4.954121862991207e-5	-0.45433049174563633	TRUE	660	13	3.064064502015688
ENSG00000185122	chr8:145575133-145575434	635	89166	TRUE	6.772913240032756e-5	-0.2876943725999963	TRUE	660	13	6.356948654645458
ENSG00000170619	chr8:145575133-145575434	306	41076	TRUE	1.0703242381110943e-4	-0.5497755006428828	TRUE	660	13	0.6836776149254664
ENSG00000213563	chr8:145575133-145575434	190	29035	TRUE	3.340613723996858e-4	-0.479121360676771	TRUE	660	13	0.43109680510849296
ENSG00000160948	chr8:145575133-145575434	660	92435	TRUE	3.360474969826364e-4	-0.2789367929740023	TRUE	660	13	14.774670041772138
ENSG00000187954	chr8:145575133-145575434	276	36102	TRUE	0.001274171833589098	-0.3606659407682208	TRUE	660	13	0.6038105357459087
ENSG00000179091	chr8:145575133-145575434	659	91913	TRUE	0.00582015478203967	-0.31241661945568966	TRUE	660	13	13.724376803441775
ENSG00000147804	chr8:145575133-145575434	609	84821	TRUE	0.02116343882905916	-0.29440443897242385	TRUE	660	13	5.086533954186068
ENSG00000160948	chr8:145575133-145575434	660	92435	TRUE	6.796980057981852e-19	-0.532796371418752	TRUE	660	14	14.774670041772138
ENSG00000160932	chr8:145575133-145575434	657	91862	TRUE	4.695842786259273e-9	-0.5121098351116098	TRUE	660	14	24.4127212308718
ENSG00000179091	chr8:145575133-145575434	659	91913	TRUE	8.20297328744642e-9	-0.4454169572866551	TRUE	660	14	13.724376803441775
ENSG00000104529	chr8:145575133-145575434	659	92623	TRUE	1.251427402591094e-8	-0.4053023711746686	TRUE	660	14	27.036844901403168
ENSG00000178896	chr8:145575133-145575434	593	79970	TRUE	1.5819073068635044e-8	-0.5547248736254353	TRUE	660	14	3.7259601862558207
ENSG00000178719	chr8:145575133-145575434	636	88657	TRUE	2.204899036326025e-8	-0.5160312767052666	TRUE	660	14	6.4488786107899205
ENSG00000147804	chr8:145575133-145575434	609	84821	TRUE	2.341203852190306e-8	-0.485226781308002	TRUE	660	14	5.086533954186068
ENSG00000104522	chr8:145575133-145575434	579	79230	TRUE	3.200454108801448e-8	-0.5433272387540529	TRUE	660	14	3.064064502015688
ENSG00000179950	chr8:145575133-145575434	651	91096	TRUE	3.791287613490165e-8	-0.5562864054575472	TRUE	660	14	10.46709793014365
ENSG00000185122	chr8:145575133-145575434	635	89166	TRUE	6.288856753022441e-7	-0.34742903809293546	TRUE	660	14	6.356948654645458
ENSG00000170619	chr8:145575133-145575434	306	41076	TRUE	2.5277027654560698e-6	-0.5937635130202199	TRUE	660	14	0.6836776149254664
ENSG00000184428	chr8:145575133-145575434	495	65919	TRUE	9.921525312114963e-6	-0.49753678132633755	TRUE	660	14	1.730658249736971
ENSG00000197858	chr8:145575133-145575434	606	84075	TRUE	4.2279230928399226e-5	-0.3892453544477239	TRUE	660	14	4.055293394585248
ENSG00000185803	chr8:145575133-145575434	544	75701	TRUE	5.267061080925506e-5	-0.4334212127938737	TRUE	660	14	2.5683823452816235
ENSG00000213563	chr8:145575133-145575434	190	29035	TRUE	8.783475366982117e-4	-0.4377014332967899	TRUE	660	14	0.43109680510849296
ENSG00000179526	chr8:145575133-145575434	507	68619	TRUE	0.008862422676417514	-0.21957961503759316	TRUE	660	14	1.7531172849151535
ENSG00000187954	chr8:145575133-145575434	276	36102	TRUE	0.014973190792056876	-0.28340081444151777	TRUE	660	14	0.6038105357459087
ENSG00000179632	chr8:145575133-145575434	550	77034	TRUE	0.016766487287339593	-0.3004197360590941	TRUE	660	14	2.585466212485807
ENSG00000179950	chr8:145575133-145575434	651	91096	TRUE	1.2519686332584262e-16	-0.7310841377389918	TRUE	660	15	10.46709793014365
ENSG00000160948	chr8:145575133-145575434	660	92435	TRUE	7.531839056843497e-15	-0.4852975635475705	TRUE	660	15	14.774670041772138
ENSG00000104529	chr8:145575133-145575434	659	92623	TRUE	1.052145404655404e-11	-0.45310291535759273	TRUE	660	15	27.036844901403168
ENSG00000184428	chr8:145575133-145575434	495	65919	TRUE	4.896954627121078e-11	-0.671866961888651	TRUE	660	15	1.730658249736971
ENSG00000147804	chr8:145575133-145575434	609	84821	TRUE	3.612421891473707e-10	-0.5404818932982223	TRUE	660	15	5.086533954186068
ENSG00000178896	chr8:145575133-145575434	593	79970	TRUE	1.0054932364424608e-9	-0.5730292084975017	TRUE	660	15	3.7259601862558207
ENSG00000197858	chr8:145575133-145575434	606	84075	TRUE	7.973458374268107e-9	-0.500276666836468	TRUE	660	15	4.055293394585248
ENSG00000178719	chr8:145575133-145575434	636	88657	TRUE	1.1051402145395204e-8	-0.49993658810057306	TRUE	660	15	6.4488786107899205
ENSG00000179091	chr8:145575133-145575434	659	91913	TRUE	5.840831125193419e-8	-0.4282617387091512	TRUE	660	15	13.724376803441775
ENSG00000160932	chr8:145575133-145575434	657	91862	TRUE	1.6651203499037405e-7	-0.5278469535875665	TRUE	660	15	24.4127212308718
ENSG00000185122	chr8:145575133-145575434	635	89166	TRUE	7.069872602605796e-7	-0.32282401695873597	TRUE	660	15	6.356948654645458
ENSG00000179632	chr8:145575133-145575434	550	77034	TRUE	1.255719027987135e-6	-0.46007640204757927	TRUE	660	15	2.585466212485807
ENSG00000104522	chr8:145575133-145575434	579	79230	TRUE	1.8117816754680601e-6	-0.48741284670146645	TRUE	660	15	3.064064502015688
ENSG00000179526	chr8:145575133-145575434	507	68619	TRUE	6.197867568492302e-6	-0.3485966728996994	TRUE	660	15	1.7531172849151535
ENSG00000170619	chr8:145575133-145575434	306	41076	TRUE	5.95214096112788e-5	-0.5325490865322864	TRUE	660	15	0.6836776149254664
ENSG00000185803	chr8:145575133-145575434	544	75701	TRUE	4.3520735245078206e-4	-0.39633189405865354	TRUE	660	15	2.5683823452816235
ENSG00000213563	chr8:145575133-145575434	190	29035	TRUE	0.003142203907559926	-0.3974375630830629	TRUE	660	15	0.43109680510849296
ENSG00000187954	chr8:145575133-145575434	276	36102	TRUE	0.015610513611162738	-0.2745769640545118	TRUE	660	15	0.6038105357459087
ENSG00000185122	chr8:145575133-145575434	635	89166	TRUE	3.372188772756581e-15	-0.4980307763613734	TRUE	660	16	6.356948654645458
ENSG00000104529	chr8:145575133-145575434	659	92623	TRUE	2.840610784319826e-13	-0.4739495239468692	TRUE	660	16	27.036844901403168
ENSG00000160932	chr8:145575133-145575434	657	91862	TRUE	1.4856977169922176e-11	-0.6041125027063456	TRUE	660	16	24.4127212308718
ENSG00000184428	chr8:145575133-145575434	495	65919	TRUE	3.8285678493684735e-11	-0.6699773806874328	TRUE	660	16	1.730658249736971
ENSG00000179632	chr8:145575133-145575434	550	77034	TRUE	5.910366032359129e-9	-0.5308494764609603	TRUE	660	16	2.585466212485807
ENSG00000179526	chr8:145575133-145575434	507	68619	TRUE	6.069013031834007e-9	-0.4414992541181668	TRUE	660	16	1.7531172849151535
ENSG00000147804	chr8:145575133-145575434	609	84821	TRUE	1.0398374751448844e-8	-0.5152656076893853	TRUE	660	16	5.086533954186068
ENSG00000178719	chr8:145575133-145575434	636	88657	TRUE	1.546878589593929e-7	-0.4844592514816277	TRUE	660	16	6.4488786107899205
ENSG00000104522	chr8:145575133-145575434	579	79230	TRUE	1.7809922005143794e-7	-0.5165212511640975	TRUE	660	16	3.064064502015688
ENSG00000179091	chr8:145575133-145575434	659	91913	TRUE	1.0748892750062772e-6	-0.41460053581344436	TRUE	660	16	13.724376803441775
ENSG00000160948	chr8:145575133-145575434	660	92435	TRUE	1.7748360327509522e-5	-0.3116017044399264	TRUE	660	16	14.774670041772138
ENSG00000170619	chr8:145575133-145575434	306	41076	TRUE	3.470180335277736e-5	-0.5541144363672199	TRUE	660	16	0.6836776149254664
ENSG00000179950	chr8:145575133-145575434	651	91096	TRUE	5.730106087128463e-4	-0.4311288675022875	TRUE	660	16	10.46709793014365
ENSG00000197858	chr8:145575133-145575434	606	84075	TRUE	6.393815528610612e-4	-0.35819003721894105	TRUE	660	16	4.055293394585248
ENSG00000213563	chr8:145575133-145575434	190	29035	TRUE	0.0012208780984124135	-0.45137637019386667	TRUE	660	16	0.43109680510849296
ENSG00000178896	chr8:145575133-145575434	593	79970	TRUE	0.002463715496880861	-0.38268858838186937	TRUE	660	16	3.7259601862558207
ENSG00000185803	chr8:145575133-145575434	544	75701	TRUE	0.00628902580619882	-0.35507976151208265	TRUE	660	16	2.5683823452816235
ENSG00000187954	chr8:145575133-145575434	276	36102	TRUE	0.032	-0.2614415618653778	TRUE	660	16	0.6038105357459087
ENSG00000160948	chr8:145575133-145575434	660	92435	TRUE	2.054069586333017e-17	-0.5357926238786721	TRUE	660	17	14.774670041772138
ENSG00000179091	chr8:145575133-145575434	659	91913	TRUE	7.698123850207643e-11	-0.48878545466597423	TRUE	660	17	13.724376803441775
ENSG00000185803	chr8:145575133-145575434	544	75701	TRUE	7.854990011931256e-10	-0.608992777377328	TRUE	660	17	2.5683823452816235
ENSG00000178719	chr8:145575133-145575434	636	88657	TRUE	2.305553082152125e-9	-0.5519924091670934	TRUE	660	17	6.4488786107899205
ENSG00000104529	chr8:145575133-145575434	659	92623	TRUE	2.6054593185985972e-8	-0.42465692710910385	TRUE	660	17	27.036844901403168
ENSG00000179632	chr8:145575133-145575434	550	77034	TRUE	4.806169400452969e-7	-0.48105741153112125	TRUE	660	17	2.585466212485807
ENSG00000170619	chr8:145575133-145575434	306	41076	TRUE	7.545454508052908e-7	-0.6345331188225178	TRUE	660	17	0.6836776149254664
ENSG00000179526	chr8:145575133-145575434	507	68619	TRUE	4.860857672684478e-6	-0.3720556457236883	TRUE	660	17	1.7531172849151535
ENSG00000184428	chr8:145575133-145575434	495	65919	TRUE	5.620136973397052e-6	-0.5263070200159963	TRUE	660	17	1.730658249736971
ENSG00000147804	chr8:145575133-145575434	609	84821	TRUE	2.2192716540702512e-5	-0.4158092924839287	TRUE	660	17	5.086533954186068
ENSG00000179950	chr8:145575133-145575434	651	91096	TRUE	2.3614074183418883e-5	-0.48793831598314386	TRUE	660	17	10.46709793014365
ENSG00000104522	chr8:145575133-145575434	579	79230	TRUE	2.8579380620370656e-5	-0.4735362244160142	TRUE	660	17	3.064064502015688
ENSG00000187954	chr8:145575133-145575434	276	36102	TRUE	1.2455271745874606e-4	-0.4373721142503474	TRUE	660	17	0.6038105357459087
ENSG00000178896	chr8:145575133-145575434	593	79970	TRUE	0.0014202397085989228	-0.3974401999413384	TRUE	660	17	3.7259601862558207
ENSG00000185122	chr8:145575133-145575434	635	89166	TRUE	0.003996930362027522	-0.23928257096586725	TRUE	660	17	6.356948654645458
ENSG00000213563	chr8:145575133-145575434	190	29035	TRUE	0.016322937508668124	-0.35826696580238515	TRUE	660	17	0.43109680510849296
ENSG00000197858	chr8:145575133-145575434	606	84075	TRUE	0.024	-0.28304595061579874	TRUE	660	17	4.055293394585248
ENSG00000160932	chr8:145575133-145575434	657	91862	TRUE	0.032	-0.3214524450784948	TRUE	660	17	24.4127212308718
ENSG00000179091	chr8:145575133-145575434	659	91913	TRUE	3.477372529060615e-14	-0.5801030859753342	TRUE	660	18	13.724376803441775
ENSG00000104522	chr8:145575133-145575434	579	79230	TRUE	3.6582603665051896e-12	-0.6800579246438625	TRUE	660	18	3.064064502015688
ENSG00000160948	chr8:145575133-145575434	660	92435	TRUE	3.93739371477181e-12	-0.4602232275231235	TRUE	660	18	14.774670041772138
ENSG00000179950	chr8:145575133-145575434	651	91096	TRUE	4.8043824627647285e-12	-0.644606915444176	TRUE	660	18	10.46709793014365
ENSG00000104529	chr8:145575133-145575434	659	92623	TRUE	2.4018743862309205e-11	-0.4497089422115277	TRUE	660	18	27.036844901403168
ENSG00000179632	chr8:145575133-145575434	550	77034	TRUE	3.331230590368232e-10	-0.5824216465336972	TRUE	660	18	2.585466212485807
ENSG00000185122	chr8:145575133-145575434	635	89166	TRUE	3.1688541367480893e-9	-0.4243103570780824	TRUE	660	18	6.356948654645458
ENSG00000178719	chr8:145575133-145575434	636	88657	TRUE	6.064612076380128e-9	-0.5300359416385545	TRUE	660	18	6.4488786107899205
ENSG00000147804	chr8:145575133-145575434	609	84821	TRUE	3.2463023972621676e-7	-0.49223867866337523	TRUE	660	18	5.086533954186068
ENSG00000170619	chr8:145575133-145575434	306	41076	TRUE	6.836062213561749e-7	-0.6530294624399071	TRUE	660	18	0.6836776149254664
ENSG00000185803	chr8:145575133-145575434	544	75701	TRUE	9.741417711962039e-7	-0.5117219316712761	TRUE	660	18	2.5683823452816235
ENSG00000178896	chr8:145575133-145575434	593	79970	TRUE	7.0063053941617215e-6	-0.4940134596363912	TRUE	660	18	3.7259601862558207
ENSG00000179526	chr8:145575133-145575434	507	68619	TRUE	1.8228434452198516e-5	-0.3485966728996994	TRUE	660	18	1.7531172849151535
ENSG00000184428	chr8:145575133-145575434	495	65919	TRUE	2.6175884518344164e-4	-0.4578725637528217	TRUE	660	18	1.730658249736971
ENSG00000160932	chr8:145575133-145575434	657	91862	TRUE	0.007716933395243805	-0.4211302011839786	TRUE	660	18	24.4127212308718
ENSG00000213563	chr8:145575133-145575434	190	29035	TRUE	0.012873935485952108	-0.35184069664295237	TRUE	660	18	0.43109680510849296
ENSG00000197858	chr8:145575133-145575434	606	84075	TRUE	0.052	-0.2849086946329886	TRUE	660	18	4.055293394585248
ENSG00000187954	chr8:145575133-145575434	276	36102	TRUE	0.256	-0.17680174836803453	FALSE	660	18	0.6038105357459087
ENSG00000104529	chr8:145575133-145575434	659	92623	TRUE	8.27339101930036e-13	-0.4868565809803327	TRUE	660	19	27.036844901403168
ENSG00000178896	chr8:145575133-145575434	593	79970	TRUE	1.5398638237117796e-10	-0.6060597716560536	TRUE	660	19	3.7259601862558207
ENSG00000104522	chr8:145575133-145575434	579	79230	TRUE	1.7258925971385644e-10	-0.5864838093316651	TRUE	660	19	3.064064502015688
ENSG00000179950	chr8:145575133-145575434	651	91096	TRUE	3.04963793340508e-10	-0.5854156100840568	TRUE	660	19	10.46709793014365
ENSG00000185122	chr8:145575133-145575434	635	89166	TRUE	1.098134819388423e-9	-0.419438627061246	TRUE	660	19	6.356948654645458
ENSG00000160948	chr8:145575133-145575434	660	92435	TRUE	1.4814973343374715e-9	-0.40056313836774615	TRUE	660	19	14.774670041772138
ENSG00000184428	chr8:145575133-145575434	495	65919	TRUE	7.797867194717003e-7	-0.552177917227431	TRUE	660	19	1.730658249736971
ENSG00000179091	chr8:145575133-145575434	659	91913	TRUE	1.2067982558537941e-6	-0.4127476271937054	TRUE	660	19	13.724376803441775
ENSG00000197858	chr8:145575133-145575434	606	84075	TRUE	3.619791086792619e-5	-0.41281382558612867	TRUE	660	19	4.055293394585248
ENSG00000170619	chr8:145575133-145575434	306	41076	TRUE	6.78970465287504e-5	-0.5282744314319605	TRUE	660	19	0.6836776149254664
ENSG00000179526	chr8:145575133-145575434	507	68619	TRUE	1.0896288528363003e-4	-0.3012909581213429	TRUE	660	19	1.7531172849151535
ENSG00000179632	chr8:145575133-145575434	550	77034	TRUE	1.422470289692496e-4	-0.4052226481767607	TRUE	660	19	2.585466212485807
ENSG00000178719	chr8:145575133-145575434	636	88657	TRUE	3.2882538259364734e-4	-0.39865325226339143	TRUE	660	19	6.4488786107899205
ENSG00000147804	chr8:145575133-145575434	609	84821	TRUE	5.114281077593617e-4	-0.3693460692578623	TRUE	660	19	5.086533954186068
ENSG00000213563	chr8:145575133-145575434	190	29035	TRUE	5.164813484604012e-4	-0.4582627557791066	TRUE	660	19	0.43109680510849296
ENSG00000187954	chr8:145575133-145575434	276	36102	TRUE	6.555770981543085e-4	-0.3985092919128933	TRUE	660	19	0.6038105357459087
ENSG00000160932	chr8:145575133-145575434	657	91862	TRUE	0.0031960814391532866	-0.3911562343619046	TRUE	660	19	24.4127212308718
ENSG00000185803	chr8:145575133-145575434	544	75701	TRUE	0.012769330897418302	-0.3489924316331674	TRUE	660	19	2.5683823452816235
ENSG00000160948	chr8:145575133-145575434	660	92435	TRUE	2.308365098174689e-16	-0.5298063288129407	TRUE	660	20	14.774670041772138
ENSG00000104529	chr8:145575133-145575434	659	92623	TRUE	2.731426309358191e-15	-0.5103414736013914	TRUE	660	20	27.036844901403168
ENSG00000104522	chr8:145575133-145575434	579	79230	TRUE	1.657185531531315e-13	-0.6537402477381002	TRUE	660	20	3.064064502015688
ENSG00000185122	chr8:145575133-145575434	635	89166	TRUE	1.0545066699215475e-12	-0.4643440586357168	TRUE	660	20	6.356948654645458
ENSG00000179950	chr8:145575133-145575434	651	91096	TRUE	1.0490106705078217e-10	-0.5997709030611267	TRUE	660	20	10.46709793014365
ENSG00000185803	chr8:145575133-145575434	544	75701	TRUE	7.546870200303294e-10	-0.5885286748176124	TRUE	660	20	2.5683823452816235
ENSG00000179091	chr8:145575133-145575434	659	91913	TRUE	1.052473904735105e-9	-0.45937453796519456	TRUE	660	20	13.724376803441775
ENSG00000178896	chr8:145575133-145575434	593	79970	TRUE	1.0535878185491762e-9	-0.6052033186532291	TRUE	660	20	3.7259601862558207
ENSG00000197858	chr8:145575133-145575434	606	84075	TRUE	4.095194856981291e-8	-0.48306737680424483	TRUE	660	20	4.055293394585248
ENSG00000179526	chr8:145575133-145575434	507	68619	TRUE	5.317998208447124e-7	-0.3863163388488581	TRUE	660	20	1.7531172849151535
ENSG00000147804	chr8:145575133-145575434	609	84821	TRUE	1.001451717582162e-6	-0.4580870308341165	TRUE	660	20	5.086533954186068
ENSG00000213563	chr8:145575133-145575434	190	29035	TRUE	1.1732074153597734e-6	-0.6342404273436772	TRUE	660	20	0.43109680510849296
ENSG00000160932	chr8:145575133-145575434	657	91862	TRUE	1.7680860947152065e-6	-0.463821653265617	TRUE	660	20	24.4127212308718
ENSG00000184428	chr8:145575133-145575434	495	65919	TRUE	5.017643162088647e-6	-0.5076255989499212	TRUE	660	20	1.730658249736971
ENSG00000179632	chr8:145575133-145575434	550	77034	TRUE	1.8742438034197e-5	-0.42434554283455306	TRUE	660	20	2.585466212485807
ENSG00000187954	chr8:145575133-145575434	276	36102	TRUE	1.875320179384318e-5	-0.4925776162738019	TRUE	660	20	0.6038105357459087
ENSG00000178719	chr8:145575133-145575434	636	88657	TRUE	1.1280143084517241e-4	-0.40946935571145326	TRUE	660	20	6.4488786107899205
ENSG00000170619	chr8:145575133-145575434	306	41076	TRUE	0.0016027340902302137	-0.48621037186541666	TRUE	660	20	0.6836776149254664
ENSG00000178719	chr8:145575133-145575434	636	88657	TRUE	5.5976548492091706e-15	-0.6660875140359561	TRUE	660	21	6.4488786107899205
ENSG00000147804	chr8:145575133-145575434	609	84821	TRUE	1.6994084493201596e-11	-0.5624522931338278	TRUE	660	21	5.086533954186068
ENSG00000104522	chr8:145575133-145575434	579	79230	TRUE	3.0456742169944836e-11	-0.6227799385546549	TRUE	660	21	3.064064502015688
ENSG00000104529	chr8:145575133-145575434	659	92623	TRUE	3.3960508852765995e-11	-0.4444793656344981	TRUE	660	21	27.036844901403168
ENSG00000178896	chr8:145575133-145575434	593	79970	TRUE	1.828455046829187e-10	-0.5966666366987436	TRUE	660	21	3.7259601862558207
ENSG00000179632	chr8:145575133-145575434	550	77034	TRUE	4.879199601873853e-10	-0.5564051292983634	TRUE	660	21	2.585466212485807
ENSG00000179091	chr8:145575133-145575434	659	91913	TRUE	1.4940842791916286e-9	-0.4764758796011561	TRUE	660	21	13.724376803441775
ENSG00000185803	chr8:145575133-145575434	544	75701	TRUE	7.89015117125388e-9	-0.5707100657539044	TRUE	660	21	2.5683823452816235
ENSG00000160948	chr8:145575133-145575434	660	92435	TRUE	1.419858487399883e-8	-0.3751174852142274	TRUE	660	21	14.774670041772138
ENSG00000179950	chr8:145575133-145575434	651	91096	TRUE	8.585653050786923e-7	-0.5075634649640377	TRUE	660	21	10.46709793014365
ENSG00000160932	chr8:145575133-145575434	657	91862	TRUE	4.771183477375422e-6	-0.41765693066256215	TRUE	660	21	24.4127212308718
ENSG00000184428	chr8:145575133-145575434	495	65919	TRUE	4.849666018413469e-6	-0.5160871776981173	TRUE	660	21	1.730658249736971
ENSG00000197858	chr8:145575133-145575434	606	84075	TRUE	4.3796727812358584e-5	-0.40199187111304546	TRUE	660	21	4.055293394585248
ENSG00000185122	chr8:145575133-145575434	635	89166	TRUE	5.660263319968439e-4	-0.24710843794981407	TRUE	660	21	6.356948654645458
ENSG00000213563	chr8:145575133-145575434	190	29035	TRUE	0.00112085997985625	-0.430912267634151	TRUE	660	21	0.43109680510849296
ENSG00000187954	chr8:145575133-145575434	276	36102	TRUE	0.009885735492582079	-0.2967386139786704	TRUE	660	21	0.6038105357459087
ENSG00000179526	chr8:145575133-145575434	507	68619	TRUE	0.036	-0.1873157658666389	TRUE	660	21	1.7531172849151535
ENSG00000170619	chr8:145575133-145575434	306	41076	TRUE	0.044	-0.3555066802208228	TRUE	660	21	0.6836776149254664
ENSG00000160948	chr8:145575133-145575434	660	92435	TRUE	1.1227915869372551e-13	-0.47184486811556825	TRUE	660	22	14.774670041772138
ENSG00000178719	chr8:145575133-145575434	636	88657	TRUE	5.570453582029285e-13	-0.6175271558677218	TRUE	660	22	6.4488786107899205
ENSG00000147804	chr8:145575133-145575434	609	84821	TRUE	9.701031661738265e-11	-0.5459432059683884	TRUE	660	22	5.086533954186068
ENSG00000104529	chr8:145575133-145575434	659	92623	TRUE	1.0397846359139808e-9	-0.43529669293056106	TRUE	660	22	27.036844901403168
ENSG00000104522	chr8:145575133-145575434	579	79230	TRUE	2.3127093507746914e-7	-0.5394671828301776	TRUE	660	22	3.064064502015688
ENSG00000179526	chr8:145575133-145575434	507	68619	TRUE	6.361572732873147e-7	-0.3863163388488581	TRUE	660	22	1.7531172849151535
ENSG00000179632	chr8:145575133-145575434	550	77034	TRUE	1.4037024909280965e-5	-0.4393961492079044	TRUE	660	22	2.585466212485807
ENSG00000160932	chr8:145575133-145575434	657	91862	TRUE	4.6364735337015364e-5	-0.39875721081274484	TRUE	660	22	24.4127212308718
ENSG00000185122	chr8:145575133-145575434	635	89166	TRUE	7.363780063990646e-5	-0.29254513101981106	TRUE	660	22	6.356948654645458
ENSG00000178896	chr8:145575133-145575434	593	79970	TRUE	1.6464680060981028e-4	-0.4289184314145065	TRUE	660	22	3.7259601862558207
ENSG00000197858	chr8:145575133-145575434	606	84075	TRUE	2.486839838316433e-4	-0.38191694088341066	TRUE	660	22	4.055293394585248
ENSG00000179950	chr8:145575133-145575434	651	91096	TRUE	5.242866612265966e-4	-0.4316423734841779	TRUE	660	22	10.46709793014365
ENSG00000213563	chr8:145575133-145575434	190	29035	TRUE	9.027711476191219e-4	-0.4377014332967899	TRUE	660	22	0.43109680510849296
ENSG00000179091	chr8:145575133-145575434	659	91913	TRUE	0.0014941913237868816	-0.31683764562412975	TRUE	660	22	13.724376803441775
ENSG00000187954	chr8:145575133-145575434	276	36102	TRUE	0.0020843923201637193	-0.3513581985419928	TRUE	660	22	0.6038105357459087
ENSG00000185803	chr8:145575133-145575434	544	75701	TRUE	0.00215777653045722	-0.3776223301631707	TRUE	660	22	2.5683823452816235
ENSG00000170619	chr8:145575133-145575434	306	41076	TRUE	0.021009917902821286	-0.3899950566061135	TRUE	660	22	0.6836776149254664
ENSG00000184428	chr8:145575133-145575434	495	65919	TRUE	0.04	-0.3330210765677386	TRUE	660	22	1.730658249736971
ENSG00000179091	chr8:145575133-145575434	659	91913	TRUE	1.4289596467967566e-13	-0.5404498336714361	TRUE	660	23	13.724376803441775
ENSG00000160948	chr8:145575133-145575434	660	92435	TRUE	2.0559567958539472e-13	-0.46916931686886265	TRUE	660	23	14.774670041772138
ENSG00000185122	chr8:145575133-145575434	635	89166	TRUE	1.6437952150852322e-10	-0.4198808324412262	TRUE	660	23	6.356948654645458
ENSG00000160932	chr8:145575133-145575434	657	91862	TRUE	5.455138917453625e-8	-0.529055342167208	TRUE	660	23	24.4127212308718
ENSG00000185803	chr8:145575133-145575434	544	75701	TRUE	9.044261069340637e-8	-0.5438086086171906	TRUE	660	23	2.5683823452816235
ENSG00000104529	chr8:145575133-145575434	659	92623	TRUE	7.283015966180958e-7	-0.3749432490997382	TRUE	660	23	27.036844901403168
ENSG00000179950	chr8:145575133-145575434	651	91096	TRUE	1.1052184227134092e-5	-0.4749134358053668	TRUE	660	23	10.46709793014365
ENSG00000170619	chr8:145575133-145575434	306	41076	TRUE	2.0714958402573685e-5	-0.5848579597983279	TRUE	660	23	0.6836776149254664
ENSG00000104522	chr8:145575133-145575434	579	79230	TRUE	4.9655131438425476e-5	-0.43448071588661485	TRUE	660	23	3.064064502015688
ENSG00000178896	chr8:145575133-145575434	593	79970	TRUE	2.6571361538772417e-4	-0.4258907387169384	TRUE	660	23	3.7259601862558207
ENSG00000179526	chr8:145575133-145575434	507	68619	TRUE	3.0293873987687243e-4	-0.28487107528931244	TRUE	660	23	1.7531172849151535
ENSG00000197858	chr8:145575133-145575434	606	84075	TRUE	8.673021755460295e-4	-0.35753649472038607	TRUE	660	23	4.055293394585248
ENSG00000179632	chr8:145575133-145575434	550	77034	TRUE	9.194245525347734e-4	-0.3503449613907763	TRUE	660	23	2.585466212485807
ENSG00000147804	chr8:145575133-145575434	609	84821	TRUE	0.0017005264314481142	-0.3311267470273722	TRUE	660	23	5.086533954186068
ENSG00000187954	chr8:145575133-145575434	276	36102	TRUE	0.0029644015917110536	-0.3560045633983576	TRUE	660	23	0.6038105357459087
ENSG00000178719	chr8:145575133-145575434	636	88657	TRUE	0.007774233007204624	-0.34735564319950374	TRUE	660	23	6.4488786107899205
ENSG00000213563	chr8:145575133-145575434	190	29035	TRUE	0.024	-0.37120602150988335	TRUE	660	23	0.43109680510849296
ENSG00000184428	chr8:145575133-145575434	495	65919	TRUE	0.188	-0.28885349329217025	FALSE	660	23	1.730658249736971
ENSG00000185803	chr8:145575133-145575434	544	75701	TRUE	2.601196887399448e-11	-0.6223906325928713	TRUE	660	24	2.5683823452816235
ENSG00000147804	chr8:145575133-145575434	609	84821	TRUE	3.9405967136400404e-11	-0.5416937329670304	TRUE	660	24	5.086533954186068
ENSG00000178719	chr8:145575133-145575434	636	88657	TRUE	5.4166168821264866e-11	-0.5728845769502939	TRUE	660	24	6.4488786107899205
ENSG00000179632	chr8:145575133-145575434	550	77034	TRUE	1.3012020809047865e-10	-0.5729067230690923	TRUE	660	24	2.585466212485807
ENSG00000179091	chr8:145575133-145575434	659	91913	TRUE	1.5347617335952246e-9	-0.47346847372169387	TRUE	660	24	13.724376803441775
ENSG00000178896	chr8:145575133-145575434	593	79970	TRUE	5.723521232012371e-9	-0.5638480115006148	TRUE	660	24	3.7259601862558207
ENSG00000104522	chr8:145575133-145575434	579	79230	TRUE	2.6701778128302014e-7	-0.5127321615509832	TRUE	660	24	3.064064502015688
ENSG00000184428	chr8:145575133-145575434	495	65919	TRUE	7.688436374144337e-7	-0.5504386824888943	TRUE	660	24	1.730658249736971
ENSG00000160932	chr8:145575133-145575434	657	91862	TRUE	7.773617863580159e-7	-0.5219404360000786	TRUE	660	24	24.4127212308718
ENSG00000179950	chr8:145575133-145575434	651	91096	TRUE	1.149274668029083e-6	-0.4991968628479291	TRUE	660	24	10.46709793014365
ENSG00000185122	chr8:145575133-145575434	635	89166	TRUE	2.5737843035902034e-6	-0.31334476961775204	TRUE	660	24	6.356948654645458
ENSG00000160948	chr8:145575133-145575434	660	92435	TRUE	4.535276862982799e-6	-0.3140002004884428	TRUE	660	24	14.774670041772138
ENSG00000197858	chr8:145575133-145575434	606	84075	TRUE	1.2755481170292557e-5	-0.4168930791263854	TRUE	660	24	4.055293394585248
ENSG00000170619	chr8:145575133-145575434	306	41076	TRUE	2.3499412636298136e-5	-0.5937635130202199	TRUE	660	24	0.6836776149254664
ENSG00000104529	chr8:145575133-145575434	659	92623	TRUE	4.5418134924470575e-4	-0.3069293175922976	TRUE	660	24	27.036844901403168
ENSG00000179526	chr8:145575133-145575434	507	68619	TRUE	0.0010480107571092384	-0.2804251702581202	TRUE	660	24	1.7531172849151535
ENSG00000213563	chr8:145575133-145575434	190	29035	TRUE	0.028	-0.3647219879396846	TRUE	660	24	0.43109680510849296
ENSG00000187954	chr8:145575133-145575434	276	36102	TRUE	0.272	-0.16452341858959785	FALSE	660	24	0.6038105357459087
ENSG00000160948	chr8:145575133-145575434	660	92435	TRUE	1.7018666295470881e-16	-0.5074783422842577	TRUE	660	25	14.774670041772138
ENSG00000104529	chr8:145575133-145575434	659	92623	TRUE	1.0021442511449521e-15	-0.510662917779829	TRUE	660	25	27.036844901403168
ENSG00000185803	chr8:145575133-145575434	544	75701	TRUE	5.953861917280619e-10	-0.5897244436725491	TRUE	660	25	2.5683823452816235
ENSG00000184428	chr8:145575133-145575434	495	65919	TRUE	1.7317619703442537e-9	-0.6437798637369896	TRUE	660	25	1.730658249736971
ENSG00000197858	chr8:145575133-145575434	606	84075	TRUE	1.036971960934226e-8	-0.5140477866090687	TRUE	660	25	4.055293394585248
ENSG00000185122	chr8:145575133-145575434	635	89166	TRUE	4.4283583743603446e-8	-0.36435234112940407	TRUE	660	25	6.356948654645458
ENSG00000178896	chr8:145575133-145575434	593	79970	TRUE	7.130314518311617e-8	-0.5309459004213861	TRUE	660	25	3.7259601862558207
ENSG00000147804	chr8:145575133-145575434	609	84821	TRUE	1.6744393551484113e-7	-0.45923157277505733	TRUE	660	25	5.086533954186068
ENSG00000179526	chr8:145575133-145575434	507	68619	TRUE	8.602454814190348e-7	-0.37837633509304247	TRUE	660	25	1.7531172849151535
ENSG00000179950	chr8:145575133-145575434	651	91096	TRUE	8.73165438454416e-7	-0.5135306272403826	TRUE	660	25	10.46709793014365
ENSG00000179091	chr8:145575133-145575434	659	91913	TRUE	5.3102574634302565e-6	-0.38100298589563897	TRUE	660	25	13.724376803441775
ENSG00000104522	chr8:145575133-145575434	579	79230	TRUE	7.581448857121604e-6	-0.4680227334729077	TRUE	660	25	3.064064502015688
ENSG00000160932	chr8:145575133-145575434	657	91862	TRUE	3.261386327554558e-5	-0.4689146128068682	TRUE	660	25	24.4127212308718
ENSG00000179632	chr8:145575133-145575434	550	77034	TRUE	3.822988049411065e-5	-0.411568824278826	TRUE	660	25	2.585466212485807
ENSG00000178719	chr8:145575133-145575434	636	88657	TRUE	3.591613804263989e-4	-0.41490796894687065	TRUE	660	25	6.4488786107899205
ENSG00000213563	chr8:145575133-145575434	190	29035	TRUE	4.768823369052655e-4	-0.45137637019386667	TRUE	660	25	0.43109680510849296
ENSG00000170619	chr8:145575133-145575434	306	41076	TRUE	0.0013305552162099568	-0.4615483176311473	TRUE	660	25	0.6836776149254664
ENSG00000187954	chr8:145575133-145575434	276	36102	TRUE	0.032	-0.2701851949373538	TRUE	660	25	0.6038105357459087
ENSG00000179950	chr8:145575133-145575434	651	91096	TRUE	3.572733835213171e-16	-0.692111075207837	TRUE	660	26	10.46709793014365
ENSG00000104529	chr8:145575133-145575434	659	92623	TRUE	2.1870071398117783e-15	-0.5205554767584717	TRUE	660	26	27.036844901403168
ENSG00000160948	chr8:145575133-145575434	660	92435	TRUE	4.757277199576493e-12	-0.4447467586790985	TRUE	660	26	14.774670041772138
ENSG00000197858	chr8:145575133-145575434	606	84075	TRUE	7.657078730091888e-10	-0.5323702965463211	TRUE	660	26	4.055293394585248
ENSG00000178896	chr8:145575133-145575434	593	79970	TRUE	3.297772459921527e-8	-0.5497728262888921	TRUE	660	26	3.7259601862558207
ENSG00000178719	chr8:145575133-145575434	636	88657	TRUE	7.964448427241093e-8	-0.5259560472092208	TRUE	660	26	6.4488786107899205
ENSG00000179091	chr8:145575133-145575434	659	91913	TRUE	9.841847764858222e-8	-0.4506880447757906	TRUE	660	26	13.724376803441775
ENSG00000160932	chr8:145575133-145575434	657	91862	TRUE	1.0377064073286389e-7	-0.5410733181001302	TRUE	660	26	24.4127212308718
ENSG00000185803	chr8:145575133-145575434	544	75701	TRUE	1.9613928449506652e-7	-0.5288224286933447	TRUE	660	26	2.5683823452816235
ENSG00000147804	chr8:145575133-145575434	609	84821	TRUE	5.055268502425817e-6	-0.4191462909822419	TRUE	660	26	5.086533954186068
ENSG00000185122	chr8:145575133-145575434	635	89166	TRUE	6.218130437276974e-6	-0.32365125037640574	TRUE	660	26	6.356948654645458
ENSG00000184428	chr8:145575133-145575434	495	65919	TRUE	7.168814158683284e-6	-0.5076255989499212	TRUE	660	26	1.730658249736971
ENSG00000170619	chr8:145575133-145575434	306	41076	TRUE	1.495667290843947e-5	-0.5804257134830673	TRUE	660	26	0.6836776149254664
ENSG00000179632	chr8:145575133-145575434	550	77034	TRUE	4.776860451145815e-5	-0.411568824278826	TRUE	660	26	2.585466212485807
ENSG00000187954	chr8:145575133-145575434	276	36102	TRUE	1.247005273860161e-4	-0.4226756030436455	TRUE	660	26	0.6038105357459087
ENSG00000179526	chr8:145575133-145575434	507	68619	TRUE	0.00327237902379951	-0.24823388449689743	TRUE	660	26	1.7531172849151535
ENSG00000213563	chr8:145575133-145575434	190	29035	TRUE	0.003963597866599819	-0.3974375630830629	TRUE	660	26	0.43109680510849296
ENSG00000104522	chr8:145575133-145575434	579	79230	TRUE	0.010285183473143153	-0.36366474447861097	TRUE	660	26	3.064064502015688
ENSG00000104529	chr8:145575133-145575434	659	92623	TRUE	1.011609726964576e-16	-0.5281281285827628	TRUE	660	27	27.036844901403168
ENSG00000179950	chr8:145575133-145575434	651	91096	TRUE	2.4372736275189256e-16	-0.7156809939275934	TRUE	660	27	10.46709793014365
ENSG00000160948	chr8:145575133-145575434	660	92435	TRUE	8.746961478886127e-16	-0.49615077463170154	TRUE	660	27	14.774670041772138
ENSG00000179526	chr8:145575133-145575434	507	68619	TRUE	9.222621578976723e-13	-0.5284451671172885	TRUE	660	27	1.7531172849151535
ENSG00000179632	chr8:145575133-145575434	550	77034	TRUE	2.7444607629618723e-9	-0.5331541016170009	TRUE	660	27	2.585466212485807
ENSG00000178896	chr8:145575133-145575434	593	79970	TRUE	8.006927802099544e-9	-0.5522467252218517	TRUE	660	27	3.7259601862558207
ENSG00000104522	chr8:145575133-145575434	579	79230	TRUE	7.883582923642494e-8	-0.5250832646675216	TRUE	660	27	3.064064502015688
ENSG00000185122	chr8:145575133-145575434	635	89166	TRUE	9.953459320492276e-8	-0.34532751544764784	TRUE	660	27	6.356948654645458
ENSG00000179091	chr8:145575133-145575434	659	91913	TRUE	2.2362466128985833e-7	-0.41460053581344436	TRUE	660	27	13.724376803441775
ENSG00000197858	chr8:145575133-145575434	606	84075	TRUE	5.494372454269017e-7	-0.4548336960753008	TRUE	660	27	4.055293394585248
ENSG00000160932	chr8:145575133-145575434	657	91862	TRUE	5.698995725515006e-7	-0.47997247717130165	TRUE	660	27	24.4127212308718
ENSG00000185803	chr8:145575133-145575434	544	75701	TRUE	6.258314687229488e-7	-0.5162622817315281	TRUE	660	27	2.5683823452816235
ENSG00000184428	chr8:145575133-145575434	495	65919	TRUE	2.0727869618798744e-6	-0.5211880493909826	TRUE	660	27	1.730658249736971
ENSG00000178719	chr8:145575133-145575434	636	88657	TRUE	2.1152759142543855e-4	-0.404883411826904	TRUE	660	27	6.4488786107899205
ENSG00000147804	chr8:145575133-145575434	609	84821	TRUE	0.001894391293367749	-0.32276933022578547	TRUE	660	27	5.086533954186068
ENSG00000170619	chr8:145575133-145575434	306	41076	TRUE	0.007064346624135902	-0.4134540294301023	TRUE	660	27	0.6836776149254664
ENSG00000213563	chr8:145575133-145575434	190	29035	TRUE	0.06	-0.2527325516300276	TRUE	660	27	0.43109680510849296
ENSG00000187954	chr8:145575133-145575434	276	36102	TRUE	0.096	-0.18918547282386722	TRUE	660	27	0.6038105357459087
ENSG00000160932	chr8:145575133-145575434	657	91862	TRUE	3.8660282549070335e-11	-0.6175461101022082	TRUE	660	28	24.4127212308718
ENSG00000104529	chr8:145575133-145575434	659	92623	TRUE	6.119762945801371e-10	-0.4423315083125585	TRUE	660	28	27.036844901403168
ENSG00000197858	chr8:145575133-145575434	606	84075	TRUE	7.756913145762548e-10	-0.5228135555970013	TRUE	660	28	4.055293394585248
ENSG00000185122	chr8:145575133-145575434	635	89166	TRUE	3.7276461188749964e-8	-0.3914157482702443	TRUE	660	28	6.356948654645458
ENSG00000179091	chr8:145575133-145575434	659	91913	TRUE	7.4589815512267e-8	-0.4158371316384879	TRUE	660	28	13.724376803441775
ENSG00000160948	chr8:145575133-145575434	660	92435	TRUE	8.045138015478313e-8	-0.3699391695878087	TRUE	660	28	14.774670041772138
ENSG00000147804	chr8:145575133-145575434	609	84821	TRUE	1.5485591560481567e-7	-0.45351792158066373	TRUE	660	28	5.086533954186068
ENSG00000185803	chr8:145575133-145575434	544	75701	TRUE	1.5615019071009168e-6	-0.5026838752309873	TRUE	660	28	2.5683823452816235
ENSG00000104522	chr8:145575133-145575434	579	79230	TRUE	7.134361567388337e-6	-0.4726158447733859	TRUE	660	28	3.064064502015688
ENSG00000179526	chr8:145575133-145575434	507	68619	TRUE	1.103313824666382e-5	-0.35325805026956253	TRUE	660	28	1.7531172849151535
ENSG00000179632	chr8:145575133-145575434	550	77034	TRUE	2.245676820960185e-5	-0.43615777514135967	TRUE	660	28	2.585466212485807
ENSG00000178719	chr8:145575133-145575434	636	88657	TRUE	0.0012662023900824881	-0.3735908542351596	TRUE	660	28	6.4488786107899205
ENSG00000170619	chr8:145575133-145575434	306	41076	TRUE	0.004166275698216808	-0.40951761487093213	TRUE	660	28	0.6836776149254664
ENSG00000179950	chr8:145575133-145575434	651	91096	TRUE	0.004532602873755884	-0.4044233047389074	TRUE	660	28	10.46709793014365
ENSG00000178896	chr8:145575133-145575434	593	79970	TRUE	0.006150086980324827	-0.36156316361274166	TRUE	660	28	3.7259601862558207
ENSG00000184428	chr8:145575133-145575434	495	65919	TRUE	0.007303469927949072	-0.3909806800976507	TRUE	660	28	1.730658249736971
ENSG00000213563	chr8:145575133-145575434	190	29035	TRUE	0.132	-0.22310738252074924	FALSE	660	28	0.43109680510849296
ENSG00000187954	chr8:145575133-145575434	276	36102	TRUE	0.156	-0.19333711609433446	FALSE	660	28	0.6038105357459087
ENSG00000179091	chr8:145575133-145575434	659	91913	TRUE	2.670314462745995e-12	-0.5312628030648532	TRUE	660	29	13.724376803441775
ENSG00000104529	chr8:145575133-145575434	659	92623	TRUE	8.287850316264317e-8	-0.3900429544450992	TRUE	660	29	27.036844901403168
ENSG00000179526	chr8:145575133-145575434	507	68619	TRUE	3.0524706220176314e-7	-0.4120220530413332	TRUE	660	29	1.7531172849151535
ENSG00000104522	chr8:145575133-145575434	579	79230	TRUE	5.332967906558704e-7	-0.5098968608528458	TRUE	660	29	3.064064502015688
ENSG00000184428	chr8:145575133-145575434	495	65919	TRUE	2.1110921814751884e-6	-0.5280173877810991	TRUE	660	29	1.730658249736971
ENSG00000160932	chr8:145575133-145575434	657	91862	TRUE	7.264500502389415e-6	-0.41542054044432764	TRUE	660	29	24.4127212308718
ENSG00000185122	chr8:145575133-145575434	635	89166	TRUE	3.264398465753894e-5	-0.29578805464633273	TRUE	660	29	6.356948654645458
ENSG00000197858	chr8:145575133-145575434	606	84075	TRUE	6.514529311868933e-5	-0.3979544756397817	TRUE	660	29	4.055293394585248
ENSG00000179950	chr8:145575133-145575434	651	91096	TRUE	1.2881799334861672e-4	-0.44713316341001397	TRUE	660	29	10.46709793014365
ENSG00000185803	chr8:145575133-145575434	544	75701	TRUE	1.7884008344456245e-4	-0.43020450011033073	TRUE	660	29	2.5683823452816235
ENSG00000179632	chr8:145575133-145575434	550	77034	TRUE	7.845055179062695e-4	-0.3749369495731685	TRUE	660	29	2.585466212485807
ENSG00000147804	chr8:145575133-145575434	609	84821	TRUE	0.0011247032932215012	-0.33269916684612566	TRUE	660	29	5.086533954186068
ENSG00000187954	chr8:145575133-145575434	276	36102	TRUE	0.003333183095696503	-0.342110121739977	TRUE	660	29	0.6038105357459087
ENSG00000170619	chr8:145575133-145575434	306	41076	TRUE	0.013523149364670084	-0.38612204745890694	TRUE	660	29	0.6836776149254664
ENSG00000178896	chr8:145575133-145575434	593	79970	TRUE	0.016598078225132762	-0.3428825883427147	TRUE	660	29	3.7259601862558207
ENSG00000160948	chr8:145575133-145575434	660	92435	TRUE	0.021273004167577908	-0.2228103219465809	TRUE	660	29	14.774670041772138
ENSG00000213563	chr8:145575133-145575434	190	29035	TRUE	0.076	-0.24675865058539492	TRUE	660	29	0.43109680510849296
ENSG00000178719	chr8:145575133-145575434	636	88657	TRUE	0.496	-0.25667310245600916	FALSE	660	29	6.4488786107899205
ENSG00000160932	chr8:145575133-145575434	657	91862	TRUE	1.6387925681060752e-12	-0.6296794314927858	TRUE	660	30	24.4127212308718
ENSG00000160948	chr8:145575133-145575434	660	92435	TRUE	6.083860914992239e-11	-0.4307353661827422	TRUE	660	30	14.774670041772138
ENSG00000179950	chr8:145575133-145575434	651	91096	TRUE	4.243230478118978e-10	-0.5848443588230237	TRUE	660	30	10.46709793014365
ENSG00000185122	chr8:145575133-145575434	635	89166	TRUE	6.49663999586092e-9	-0.41634697876766547	TRUE	660	30	6.356948654645458
ENSG00000147804	chr8:145575133-145575434	609	84821	TRUE	1.188721004691121e-7	-0.4945835715662541	TRUE	660	30	5.086533954186068
ENSG00000104522	chr8:145575133-145575434	579	79230	TRUE	1.004162014501403e-6	-0.5108413420917428	TRUE	660	30	3.064064502015688
ENSG00000104529	chr8:145575133-145575434	659	92623	TRUE	2.6028968013554936e-6	-0.37172805706501677	TRUE	660	30	27.036844901403168
ENSG00000184428	chr8:145575133-145575434	495	65919	TRUE	6.701067642999833e-6	-0.5331606910570588	TRUE	660	30	1.730658249736971
ENSG00000178719	chr8:145575133-145575434	636	88657	TRUE	2.0569718698619077e-5	-0.4527025831932896	TRUE	660	30	6.4488786107899205
ENSG00000197858	chr8:145575133-145575434	606	84075	TRUE	2.3357261692506966e-5	-0.40266587021004585	TRUE	660	30	4.055293394585248
ENSG00000170619	chr8:145575133-145575434	306	41076	TRUE	4.0084251407583246e-5	-0.5584664609069272	TRUE	660	30	0.6836776149254664
ENSG00000213563	chr8:145575133-145575434	190	29035	TRUE	6.126631245152118e-5	-0.5435700684036131	TRUE	660	30	0.43109680510849296
ENSG00000179091	chr8:145575133-145575434	659	91913	TRUE	3.4237046605390536e-4	-0.3515185482045271	TRUE	660	30	13.724376803441775
ENSG00000179632	chr8:145575133-145575434	550	77034	TRUE	5.465694970685636e-4	-0.3697789353520027	TRUE	660	30	2.585466212485807
ENSG00000185803	chr8:145575133-145575434	544	75701	TRUE	9.906887239926193e-4	-0.3952860839071026	TRUE	660	30	2.5683823452816235
ENSG00000179526	chr8:145575133-145575434	507	68619	TRUE	0.0029906887145523045	-0.25694233170860514	TRUE	660	30	1.7531172849151535
ENSG00000187954	chr8:145575133-145575434	276	36102	TRUE	0.036	-0.25275060160133334	TRUE	660	30	0.6038105357459087
ENSG00000178896	chr8:145575133-145575434	593	79970	TRUE	0.04	-0.33079785855663624	TRUE	660	30	3.7259601862558207
ENSG00000160948	chr8:145575133-145575434	660	92435	TRUE	5.701003429595871e-17	-0.5117983796621779	TRUE	660	31	14.774670041772138
ENSG00000179091	chr8:145575133-145575434	659	91913	TRUE	1.5534255650447146e-12	-0.5172591822047781	TRUE	660	31	13.724376803441775
ENSG00000104529	chr8:145575133-145575434	659	92623	TRUE	7.949319836606216e-12	-0.45053099069011626	TRUE	660	31	27.036844901403168
ENSG00000147804	chr8:145575133-145575434	609	84821	TRUE	8.898079245113071e-10	-0.5034110213436067	TRUE	660	31	5.086533954186068
ENSG00000185122	chr8:145575133-145575434	635	89166	TRUE	4.8511695057768716e-9	-0.39749941107209574	TRUE	660	31	6.356948654645458
ENSG00000178719	chr8:145575133-145575434	636	88657	TRUE	6.59078878222477e-9	-0.5414298963037392	TRUE	660	31	6.4488786107899205
ENSG00000170619	chr8:145575133-145575434	306	41076	TRUE	1.8241719356486864e-8	-0.7393293088341275	TRUE	660	31	0.6836776149254664
ENSG00000197858	chr8:145575133-145575434	606	84075	TRUE	2.398503030203388e-7	-0.45693216195929875	TRUE	660	31	4.055293394585248
ENSG00000104522	chr8:145575133-145575434	579	79230	TRUE	2.823971571136911e-7	-0.5108413420917428	TRUE	660	31	3.064064502015688
ENSG00000178896	chr8:145575133-145575434	593	79970	TRUE	5.006498333486563e-7	-0.48610826155104503	TRUE	660	31	3.7259601862558207
ENSG00000160932	chr8:145575133-145575434	657	91862	TRUE	4.674742838837835e-6	-0.43340948973163584	TRUE	660	31	24.4127212308718
ENSG00000179950	chr8:145575133-145575434	651	91096	TRUE	2.201529795975779e-5	-0.46069438801501494	TRUE	660	31	10.46709793014365
ENSG00000187954	chr8:145575133-145575434	276	36102	TRUE	7.883482192553876e-5	-0.42755782442339185	TRUE	660	31	0.6038105357459087
ENSG00000179632	chr8:145575133-145575434	550	77034	TRUE	5.448713587305927e-4	-0.3625885571455234	TRUE	660	31	2.585466212485807
ENSG00000213563	chr8:145575133-145575434	190	29035	TRUE	0.001414766534667683	-0.4107343856965209	TRUE	660	31	0.43109680510849296
ENSG00000185803	chr8:145575133-145575434	544	75701	TRUE	0.0018892782503751662	-0.3921531944221399	TRUE	660	31	2.5683823452816235
ENSG00000179526	chr8:145575133-145575434	507	68619	TRUE	0.005404174872455217	-0.2338356108883085	TRUE	660	31	1.7531172849151535
ENSG00000184428	chr8:145575133-145575434	495	65919	TRUE	0.072	-0.3078269944084885	TRUE	660	31	1.730658249736971
ENSG00000160948	chr8:145575133-145575434	660	92435	TRUE	2.015867829463355e-20	-0.5640618706506255	TRUE	660	32	14.774670041772138
ENSG00000104522	chr8:145575133-145575434	579	79230	TRUE	1.504976865499468e-18	-0.7519353341946694	TRUE	660	32	3.064064502015688
ENSG00000178719	chr8:145575133-145575434	636	88657	TRUE	8.066806900351183e-13	-0.6146359824734993	TRUE	660	32	6.4488786107899205
ENSG00000104529	chr8:145575133-145575434	659	92623	TRUE	5.1716370216503425e-12	-0.4860135774995422	TRUE	660	32	27.036844901403168
ENSG00000179091	chr8:145575133-145575434	659	91913	TRUE	1.8201524348067557e-10	-0.5165957216086343	TRUE	660	32	13.724376803441775
ENSG00000178896	chr8:145575133-145575434	593	79970	TRUE	2.7308070445128927e-9	-0.5847995130463106	TRUE	660	32	3.7259601862558207
ENSG00000179950	chr8:145575133-145575434	651	91096	TRUE	1.4744988126092898e-8	-0.5546075514579023	TRUE	660	32	10.46709793014365
ENSG00000147804	chr8:145575133-145575434	609	84821	TRUE	1.5889870499788002e-8	-0.5069571805421242	TRUE	660	32	5.086533954186068
ENSG00000184428	chr8:145575133-145575434	495	65919	TRUE	1.454241146666678e-7	-0.5679261092177355	TRUE	660	32	1.730658249736971
ENSG00000185803	chr8:145575133-145575434	544	75701	TRUE	1.700917611456587e-7	-0.5334170027705951	TRUE	660	32	2.5683823452816235
ENSG00000197858	chr8:145575133-145575434	606	84075	TRUE	2.4504893617134105e-7	-0.48735049239219785	TRUE	660	32	4.055293394585248
ENSG00000185122	chr8:145575133-145575434	635	89166	TRUE	5.482940152645905e-7	-0.3411336315614566	TRUE	660	32	6.356948654645458
ENSG00000179632	chr8:145575133-145575434	550	77034	TRUE	7.086237414829217e-6	-0.45133276897560304	TRUE	660	32	2.585466212485807
ENSG00000179526	chr8:145575133-145575434	507	68619	TRUE	2.8486197153222213e-5	-0.3316326661665565	TRUE	660	32	1.7531172849151535
ENSG00000187954	chr8:145575133-145575434	276	36102	TRUE	1.3831385648617207e-4	-0.4572032861719165	TRUE	660	32	0.6038105357459087
ENSG00000170619	chr8:145575133-145575434	306	41076	TRUE	4.8456888221534364e-4	-0.47382664740958397	TRUE	660	32	0.6836776149254664
ENSG00000160932	chr8:145575133-145575434	657	91862	TRUE	6.852798248217426e-4	-0.3680499499643002	TRUE	660	32	24.4127212308718
ENSG00000213563	chr8:145575133-145575434	190	29035	TRUE	0.001430258157176692	-0.45137637019386667	TRUE	660	32	0.43109680510849296
ENSG00000160948	chr8:145575133-145575434	660	92435	TRUE	2.815305983649962e-21	-0.5706019358678942	TRUE	660	33	14.774670041772138
ENSG00000179950	chr8:145575133-145575434	651	91096	TRUE	5.932814358297762e-15	-0.6795538370989096	TRUE	660	33	10.46709793014365
ENSG00000197858	chr8:145575133-145575434	606	84075	TRUE	2.3993870860700566e-14	-0.6244966037679798	TRUE	660	33	4.055293394585248
ENSG00000147804	chr8:145575133-145575434	609	84821	TRUE	1.0880170077307887e-11	-0.5489862255333864	TRUE	660	33	5.086533954186068
ENSG00000178719	chr8:145575133-145575434	636	88657	TRUE	2.1959038660842212e-11	-0.5483097140189761	TRUE	660	33	6.4488786107899205
ENSG00000185122	chr8:145575133-145575434	635	89166	TRUE	1.532677195464457e-10	-0.41634697876766547	TRUE	660	33	6.356948654645458
ENSG00000185803	chr8:145575133-145575434	544	75701	TRUE	1.005926177540831e-9	-0.5730732031223854	TRUE	660	33	2.5683823452816235
ENSG00000184428	chr8:145575133-145575434	495	65919	TRUE	4.882698068980108e-9	-0.6017477763144713	TRUE	660	33	1.730658249736971
ENSG00000178896	chr8:145575133-145575434	593	79970	TRUE	6.1870033040928074e-9	-0.5663461853558114	TRUE	660	33	3.7259601862558207
ENSG00000179632	chr8:145575133-145575434	550	77034	TRUE	6.405491477776734e-9	-0.5366179569205725	TRUE	660	33	2.585466212485807
ENSG00000104529	chr8:145575133-145575434	659	92623	TRUE	1.7523457319756745e-8	-0.3919169048556892	TRUE	660	33	27.036844901403168
ENSG00000104522	chr8:145575133-145575434	579	79230	TRUE	3.7254938176607493e-6	-0.4726158447733859	TRUE	660	33	3.064064502015688
ENSG00000160932	chr8:145575133-145575434	657	91862	TRUE	5.528057246279852e-6	-0.45472235295408936	TRUE	660	33	24.4127212308718
ENSG00000187954	chr8:145575133-145575434	276	36102	TRUE	7.294958445879223e-6	-0.5288411602605735	TRUE	660	33	0.6038105357459087
ENSG00000179091	chr8:145575133-145575434	659	91913	TRUE	8.666749504599933e-6	-0.3588333588748993	TRUE	660	33	13.724376803441775
ENSG00000179526	chr8:145575133-145575434	507	68619	TRUE	1.1707791373249217e-4	-0.31638204803452985	TRUE	660	33	1.7531172849151535
ENSG00000213563	chr8:145575133-145575434	190	29035	TRUE	0.008787528787730634	-0.35826696580238515	TRUE	660	33	0.43109680510849296
ENSG00000170619	chr8:145575133-145575434	306	41076	TRUE	0.256	-0.26381795052896867	FALSE	660	33	0.6836776149254664
ENSG00000178896	chr8:145575133-145575434	593	79970	TRUE	1.4828937737895812e-13	-0.6798800049477252	TRUE	660	34	3.7259601862558207
ENSG00000179950	chr8:145575133-145575434	651	91096	TRUE	1.7396828232442111e-13	-0.6607700579916136	TRUE	660	34	10.46709793014365
ENSG00000178719	chr8:145575133-145575434	636	88657	TRUE	1.8558192268200365e-13	-0.6093504993094365	TRUE	660	34	6.4488786107899205
ENSG00000104529	chr8:145575133-145575434	659	92623	TRUE	5.673801531751979e-12	-0.4458105958479557	TRUE	660	34	27.036844901403168
ENSG00000179091	chr8:145575133-145575434	659	91913	TRUE	1.9216803360601228e-11	-0.5060216382418647	TRUE	660	34	13.724376803441775
ENSG00000160948	chr8:145575133-145575434	660	92435	TRUE	3.5701136706431646e-10	-0.4089626016431893	TRUE	660	34	14.774670041772138
ENSG00000184428	chr8:145575133-145575434	495	65919	TRUE	6.163544722347092e-10	-0.6624437080020253	TRUE	660	34	1.730658249736971
ENSG00000179632	chr8:145575133-145575434	550	77034	TRUE	1.3063608574643296e-8	-0.5354624141748634	TRUE	660	34	2.585466212485807
ENSG00000160932	chr8:145575133-145575434	657	91862	TRUE	1.5129898042211785e-8	-0.5257950130036209	TRUE	660	34	24.4127212308718
ENSG00000185122	chr8:145575133-145575434	635	89166	TRUE	2.206641094250805e-8	-0.370322710445925	TRUE	660	34	6.356948654645458
ENSG00000185803	chr8:145575133-145575434	544	75701	TRUE	7.748557700687844e-7	-0.4959422973519322	TRUE	660	34	2.5683823452816235
ENSG00000197858	chr8:145575133-145575434	606	84075	TRUE	8.78199147393401e-7	-0.45693216195929875	TRUE	660	34	4.055293394585248
ENSG00000179526	chr8:145575133-145575434	507	68619	TRUE	1.7684978351826652e-6	-0.3736332238370236	TRUE	660	34	1.7531172849151535
ENSG00000147804	chr8:145575133-145575434	609	84821	TRUE	4.770890539724344e-6	-0.4387674702153419	TRUE	660	34	5.086533954186068
ENSG00000104522	chr8:145575133-145575434	579	79230	TRUE	5.200132587274511e-6	-0.4680227334729077	TRUE	660	34	3.064064502015688
ENSG00000170619	chr8:145575133-145575434	306	41076	TRUE	2.1065845806880496e-5	-0.5937635130202199	TRUE	660	34	0.6836776149254664
ENSG00000187954	chr8:145575133-145575434	276	36102	TRUE	9.995400745047367e-4	-0.3842014552290097	TRUE	660	34	0.6038105357459087
ENSG00000213563	chr8:145575133-145575434	190	29035	TRUE	0.0013657120940881035	-0.430912267634151	TRUE	660	34	0.43109680510849296
ENSG00000104529	chr8:145575133-145575434	659	92623	TRUE	5.015864260747585e-20	-0.5609292842774529	TRUE	660	35	27.036844901403168
ENSG00000197858	chr8:145575133-145575434	606	84075	TRUE	9.175055921574906e-18	-0.6611232794466468	TRUE	660	35	4.055293394585248
ENSG00000184428	chr8:145575133-145575434	495	65919	TRUE	6.692694064619423e-16	-0.7879745900858841	TRUE	660	35	1.730658249736971
ENSG00000179091	chr8:145575133-145575434	659	91913	TRUE	2.238529227771034e-11	-0.513503600006624	TRUE	660	35	13.724376803441775
ENSG00000179950	chr8:145575133-145575434	651	91096	TRUE	2.7470891269694678e-11	-0.6026591823859531	TRUE	660	35	10.46709793014365
ENSG00000170619	chr8:145575133-145575434	306	41076	TRUE	1.8299110994513082e-10	-0.8154117016649567	TRUE	660	35	0.6836776149254664
ENSG00000179632	chr8:145575133-145575434	550	77034	TRUE	8.207783084765284e-10	-0.5389318227588188	TRUE	660	35	2.585466212485807
ENSG00000187954	chr8:145575133-145575434	276	36102	TRUE	9.253536746018414e-10	-0.7013916311097091	TRUE	660	35	0.6038105357459087
ENSG00000160948	chr8:145575133-145575434	660	92435	TRUE	9.506940496731303e-10	-0.37977596803275393	TRUE	660	35	14.774670041772138
ENSG00000178896	chr8:145575133-145575434	593	79970	TRUE	1.1333072811148368e-6	-0.49559971052834295	TRUE	660	35	3.7259601862558207
ENSG00000104522	chr8:145575133-145575434	579	79230	TRUE	1.2914221346839233e-6	-0.4799953751389836	TRUE	660	35	3.064064502015688
ENSG00000179526	chr8:145575133-145575434	507	68619	TRUE	1.890760135824887e-6	-0.3673332354812853	TRUE	660	35	1.7531172849151535
ENSG00000147804	chr8:145575133-145575434	609	84821	TRUE	2.805174106278261e-6	-0.4169207679170932	TRUE	660	35	5.086533954186068
ENSG00000178719	chr8:145575133-145575434	636	88657	TRUE	2.576427188678886e-5	-0.41197693752622033	TRUE	660	35	6.4488786107899205
ENSG00000185122	chr8:145575133-145575434	635	89166	TRUE	6.539592625329216e-5	-0.2652706843529029	TRUE	660	35	6.356948654645458
ENSG00000160932	chr8:145575133-145575434	657	91862	TRUE	1.0136303019254653e-4	-0.41229540684223753	TRUE	660	35	24.4127212308718
ENSG00000185803	chr8:145575133-145575434	544	75701	TRUE	4.299344331868127e-4	-0.40788612068673613	TRUE	660	35	2.5683823452816235
ENSG00000213563	chr8:145575133-145575434	190	29035	TRUE	0.036	-0.26475507987924085	TRUE	660	35	0.43109680510849296
ENSG00000178896	chr8:145575133-145575434	593	79970	TRUE	3.3775086169873254e-19	-0.8228943151655208	TRUE	660	36	3.7259601862558207
ENSG00000160948	chr8:145575133-145575434	660	92435	TRUE	1.6028719060944534e-16	-0.5308023212866648	TRUE	660	36	14.774670041772138
ENSG00000179526	chr8:145575133-145575434	507	68619	TRUE	1.3556209021678574e-13	-0.5730589583514445	TRUE	660	36	1.7531172849151535
ENSG00000104522	chr8:145575133-145575434	579	79230	TRUE	1.4426593839446318e-13	-0.66001284475363	TRUE	660	36	3.064064502015688
ENSG00000179091	chr8:145575133-145575434	659	91913	TRUE	3.609188747410026e-13	-0.5771025192539052	TRUE	660	36	13.724376803441775
ENSG00000104529	chr8:145575133-145575434	659	92623	TRUE	1.0310349482330775e-12	-0.4852763533139761	TRUE	660	36	27.036844901403168
ENSG00000197858	chr8:145575133-145575434	606	84075	TRUE	2.34811491537227e-11	-0.6127513960948803	TRUE	660	36	4.055293394585248
ENSG00000179950	chr8:145575133-145575434	651	91096	TRUE	1.2557449825212332e-10	-0.6142704727562416	TRUE	660	36	10.46709793014365
ENSG00000185803	chr8:145575133-145575434	544	75701	TRUE	2.287382896623479e-8	-0.564819101909729	TRUE	660	36	2.5683823452816235
ENSG00000184428	chr8:145575133-145575434	495	65919	TRUE	4.1747069879515306e-8	-0.5874103162932038	TRUE	660	36	1.730658249736971
ENSG00000178719	chr8:145575133-145575434	636	88657	TRUE	4.7917046159131444e-8	-0.5178307094809704	TRUE	660	36	6.4488786107899205
ENSG00000160932	chr8:145575133-145575434	657	91862	TRUE	6.244546278211336e-8	-0.5283301875699404	TRUE	660	36	24.4127212308718
ENSG00000179632	chr8:145575133-145575434	550	77034	TRUE	1.0032464000692633e-7	-0.5068706135265203	TRUE	660	36	2.585466212485807
ENSG00000187954	chr8:145575133-145575434	276	36102	TRUE	2.1807289641542944e-7	-0.582280419222034	TRUE	660	36	0.6038105357459087
ENSG00000170619	chr8:145575133-145575434	306	41076	TRUE	5.799025313112246e-7	-0.6530294624399071	TRUE	660	36	0.6836776149254664
ENSG00000185122	chr8:145575133-145575434	635	89166	TRUE	8.563419464861343e-7	-0.3290398604427174	TRUE	660	36	6.356948654645458
ENSG00000147804	chr8:145575133-145575434	609	84821	TRUE	1.3659012084937203e-6	-0.44669127615737736	TRUE	660	36	5.086533954186068
ENSG00000213563	chr8:145575133-145575434	190	29035	TRUE	0.007183899801666255	-0.35826696580238515	TRUE	660	36	0.43109680510849296
ENSG00000104522	chr8:145575133-145575434	579	79230	TRUE	4.615206920117163e-18	-0.7778493350474884	TRUE	660	37	3.064064502015688
ENSG00000104529	chr8:145575133-145575434	659	92623	TRUE	5.560885830483291e-16	-0.5497656814277372	TRUE	660	37	27.036844901403168
ENSG00000160948	chr8:145575133-145575434	660	92435	TRUE	4.697771111845708e-15	-0.5027802810116238	TRUE	660	37	14.774670041772138
ENSG00000179950	chr8:145575133-145575434	651	91096	TRUE	1.1969303018151784e-12	-0.6743790629686695	TRUE	660	37	10.46709793014365
ENSG00000179091	chr8:145575133-145575434	659	91913	TRUE	3.4878199383979606e-12	-0.5626490648887779	TRUE	660	37	13.724376803441775
ENSG00000147804	chr8:145575133-145575434	609	84821	TRUE	8.775931564097116e-12	-0.6023565148736547	TRUE	660	37	5.086533954186068
ENSG00000178719	chr8:145575133-145575434	636	88657	TRUE	3.4955082713040796e-11	-0.5869826862809822	TRUE	660	37	6.4488786107899205
ENSG00000179526	chr8:145575133-145575434	507	68619	TRUE	1.0889021356926193e-10	-0.4937215886399491	TRUE	660	37	1.7531172849151535
ENSG00000197858	chr8:145575133-145575434	606	84075	TRUE	1.8609779775858593e-10	-0.5554182210289289	TRUE	660	37	4.055293394585248
ENSG00000184428	chr8:145575133-145575434	495	65919	TRUE	7.587035977080995e-7	-0.553919251223856	TRUE	660	37	1.730658249736971
ENSG00000185122	chr8:145575133-145575434	635	89166	TRUE	8.516794652425972e-7	-0.33862314071759503	TRUE	660	37	6.356948654645458
ENSG00000187954	chr8:145575133-145575434	276	36102	TRUE	9.694420543052834e-6	-0.47731085962049125	TRUE	660	37	0.6038105357459087
ENSG00000160932	chr8:145575133-145575434	657	91862	TRUE	8.757287243054898e-5	-0.471467850614264	TRUE	660	37	24.4127212308718
ENSG00000179632	chr8:145575133-145575434	550	77034	TRUE	2.2270870210257948e-4	-0.3999554096100084	TRUE	660	37	2.585466212485807
ENSG00000185803	chr8:145575133-145575434	544	75701	TRUE	4e-4	-0.5334170027705951	TRUE	660	37	2.5683823452816235
ENSG00000178896	chr8:145575133-145575434	593	79970	TRUE	4.727279332892038e-4	-0.4403292083340802	TRUE	660	37	3.7259601862558207
ENSG00000170619	chr8:145575133-145575434	306	41076	TRUE	4.776319753774412e-4	-0.4987013160486135	TRUE	660	37	0.6836776149254664
ENSG00000213563	chr8:145575133-145575434	190	29035	TRUE	0.0014757487258642288	-0.4445226991528042	TRUE	660	37	0.43109680510849296
ENSG00000147804	chr8:145575133-145575434	609	84821	TRUE	4.40825375222676e-12	-0.5723253516206936	TRUE	660	38	5.086533954186068
ENSG00000185122	chr8:145575133-145575434	635	89166	TRUE	6.816973366166555e-12	-0.4588810226062199	TRUE	660	38	6.356948654645458
ENSG00000197858	chr8:145575133-145575434	606	84075	TRUE	8.438568369980532e-11	-0.560673946480424	TRUE	660	38	4.055293394585248
ENSG00000178719	chr8:145575133-145575434	636	88657	TRUE	2.8110738566861516e-10	-0.5888728864084176	TRUE	660	38	6.4488786107899205
ENSG00000104522	chr8:145575133-145575434	579	79230	TRUE	1.0183695339417285e-9	-0.5696563007547824	TRUE	660	38	3.064064502015688
ENSG00000179632	chr8:145575133-145575434	550	77034	TRUE	2.080636135365613e-9	-0.5458957705085831	TRUE	660	38	2.585466212485807
ENSG00000104529	chr8:145575133-145575434	659	92623	TRUE	2.5693086251550294e-9	-0.4164020030901181	TRUE	660	38	27.036844901403168
ENSG00000179950	chr8:145575133-145575434	651	91096	TRUE	5.836974919455468e-9	-0.5746003273262206	TRUE	660	38	10.46709793014365
ENSG00000160948	chr8:145575133-145575434	660	92435	TRUE	6.065458429494537e-7	-0.34642557508692207	TRUE	660	38	14.774670041772138
ENSG00000160932	chr8:145575133-145575434	657	91862	TRUE	9.261624829988956e-7	-0.5093644583727919	TRUE	660	38	24.4127212308718
ENSG00000170619	chr8:145575133-145575434	306	41076	TRUE	3.9634008195996e-6	-0.6027243805918416	TRUE	660	38	0.6836776149254664
ENSG00000185803	chr8:145575133-145575434	544	75701	TRUE	5.103275065865493e-6	-0.47148925362739313	TRUE	660	38	2.5683823452816235
ENSG00000178896	chr8:145575133-145575434	593	79970	TRUE	1.2233605206087939e-5	-0.49163734868331566	TRUE	660	38	3.7259601862558207
ENSG00000179091	chr8:145575133-145575434	659	91913	TRUE	2.3754209623612355e-4	-0.3544795433758736	TRUE	660	38	13.724376803441775
ENSG00000184428	chr8:145575133-145575434	495	65919	TRUE	8.092473393526839e-4	-0.4272272463079938	TRUE	660	38	1.730658249736971
ENSG00000213563	chr8:145575133-145575434	190	29035	TRUE	0.002162384461505025	-0.40407065541551	TRUE	660	38	0.43109680510849296
ENSG00000179526	chr8:145575133-145575434	507	68619	TRUE	0.003977012812143882	-0.24823388449689743	TRUE	660	38	1.7531172849151535
ENSG00000187954	chr8:145575133-145575434	276	36102	TRUE	0.212	-0.18504574246294314	FALSE	660	38	0.6038105357459087
ENSG00000179950	chr8:145575133-145575434	651	91096	TRUE	2.564752952843195e-17	-0.7200651367788384	TRUE	660	39	10.46709793014365
ENSG00000160948	chr8:145575133-145575434	660	92435	TRUE	1.25415844627565e-10	-0.4042090716725548	TRUE	660	39	14.774670041772138
ENSG00000185803	chr8:145575133-145575434	544	75701	TRUE	1.864475130656657e-9	-0.5778111221290484	TRUE	660	39	2.5683823452816235
ENSG00000104522	chr8:145575133-145575434	579	79230	TRUE	1.1552177243021882e-8	-0.5588715781238052	TRUE	660	39	3.064064502015688
ENSG00000179091	chr8:145575133-145575434	659	91913	TRUE	1.1677464627547039e-8	-0.4685413049351168	TRUE	660	39	13.724376803441775
ENSG00000104529	chr8:145575133-145575434	659	92623	TRUE	4.9351739160979734e-8	-0.3982471277237396	TRUE	660	39	27.036844901403168
ENSG00000160932	chr8:145575133-145575434	657	91862	TRUE	3.123145800238477e-7	-0.4986716190356226	TRUE	660	39	24.4127212308718
ENSG00000179632	chr8:145575133-145575434	550	77034	TRUE	1.5597974628329004e-6	-0.46666907935800805	TRUE	660	39	2.585466212485807
ENSG00000178719	chr8:145575133-145575434	636	88657	TRUE	2.096086573661097e-6	-0.4522723774227275	TRUE	660	39	6.4488786107899205
ENSG00000185122	chr8:145575133-145575434	635	89166	TRUE	5.967995563214718e-6	-0.3112922795278035	TRUE	660	39	6.356948654645458
ENSG00000179526	chr8:145575133-145575434	507	68619	TRUE	6.028239331226919e-6	-0.3470462213362995	TRUE	660	39	1.7531172849151535
ENSG00000184428	chr8:145575133-145575434	495	65919	TRUE	5.647465206715767e-4	-0.43522890320873414	TRUE	660	39	1.730658249736971
ENSG00000213563	chr8:145575133-145575434	190	29035	TRUE	9.883262838617443e-4	-0.4107343856965209	TRUE	660	39	0.43109680510849296
ENSG00000178896	chr8:145575133-145575434	593	79970	TRUE	0.004534870126071837	-0.3557894889097424	TRUE	660	39	3.7259601862558207
ENSG00000197858	chr8:145575133-145575434	606	84075	TRUE	0.028	-0.28056602728768887	TRUE	660	39	4.055293394585248
ENSG00000187954	chr8:145575133-145575434	276	36102	TRUE	0.068	-0.2185010396484227	TRUE	660	39	0.6038105357459087
ENSG00000170619	chr8:145575133-145575434	306	41076	TRUE	0.188	-0.28529767793942	FALSE	660	39	0.6836776149254664
ENSG00000147804	chr8:145575133-145575434	609	84821	TRUE	0.204	-0.22316421454153312	FALSE	660	39	5.086533954186068
ENSG00000179632	chr8:145575133-145575434	550	77034	TRUE	4.5180492438686804e-11	-0.5860059838827358	TRUE	660	40	2.585466212485807
ENSG00000179950	chr8:145575133-145575434	651	91096	TRUE	1.7371236305817314e-10	-0.5997709030611267	TRUE	660	40	10.46709793014365
ENSG00000197858	chr8:145575133-145575434	606	84075	TRUE	4.3356004345140034e-9	-0.5206171151206436	TRUE	660	40	4.055293394585248
ENSG00000104522	chr8:145575133-145575434	579	79230	TRUE	7.909189854969374e-9	-0.5394671828301776	TRUE	660	40	3.064064502015688
ENSG00000160948	chr8:145575133-145575434	660	92435	TRUE	1.0361294153789344e-8	-0.39112660885903683	TRUE	660	40	14.774670041772138
ENSG00000185803	chr8:145575133-145575434	544	75701	TRUE	2.3454438854652823e-8	-0.5589520948777326	TRUE	660	40	2.5683823452816235
ENSG00000179526	chr8:145575133-145575434	507	68619	TRUE	3.24818864680821e-8	-0.3991119441539463	TRUE	660	40	1.7531172849151535
ENSG00000104529	chr8:145575133-145575434	659	92623	TRUE	9.143302612003032e-8	-0.3914235239675703	TRUE	660	40	27.036844901403168
ENSG00000147804	chr8:145575133-145575434	609	84821	TRUE	2.7330456129341e-7	-0.45351792158066373	TRUE	660	40	5.086533954186068
ENSG00000184428	chr8:145575133-145575434	495	65919	TRUE	7.688279752302105e-7	-0.5452335233576338	TRUE	660	40	1.730658249736971
ENSG00000179091	chr8:145575133-145575434	659	91913	TRUE	8.570138052198749e-7	-0.4243156906466563	TRUE	660	40	13.724376803441775
ENSG00000185122	chr8:145575133-145575434	635	89166	TRUE	9.264209284418068e-6	-0.3104721004034454	TRUE	660	40	6.356948654645458
ENSG00000170619	chr8:145575133-145575434	306	41076	TRUE	9.6220232752354e-6	-0.5804257134830673	TRUE	660	40	0.6836776149254664
ENSG00000178896	chr8:145575133-145575434	593	79970	TRUE	1.0373543552769787e-5	-0.457229982496248	TRUE	660	40	3.7259601862558207
ENSG00000178719	chr8:145575133-145575434	636	88657	TRUE	9.276537176656618e-5	-0.441985738185688	TRUE	660	40	6.4488786107899205
ENSG00000160932	chr8:145575133-145575434	657	91862	TRUE	0.0023647895005162317	-0.38097439442979386	TRUE	660	40	24.4127212308718
ENSG00000213563	chr8:145575133-145575434	190	29035	TRUE	0.00454188724615498	-0.4107343856965209	TRUE	660	40	0.43109680510849296
ENSG00000187954	chr8:145575133-145575434	276	36102	TRUE	0.056	-0.2614415618653778	TRUE	660	40	0.6038105357459087
ENSG00000185803	chr8:145575133-145575434	544	75701	TRUE	2.8544421109344978e-12	-0.6646067525883277	TRUE	660	41	2.5683823452816235
ENSG00000104529	chr8:145575133-145575434	659	92623	TRUE	1.5798601935202542e-11	-0.4705062115431904	TRUE	660	41	27.036844901403168
ENSG00000197858	chr8:145575133-145575434	606	84075	TRUE	1.696758296389336e-11	-0.5682154954930434	TRUE	660	41	4.055293394585248
ENSG00000185122	chr8:145575133-145575434	635	89166	TRUE	7.422686745798586e-11	-0.44801662203743664	TRUE	660	41	6.356948654645458
ENSG00000104522	chr8:145575133-145575434	579	79230	TRUE	1.0777953297870922e-10	-0.6085560694128309	TRUE	660	41	3.064064502015688
ENSG00000184428	chr8:145575133-145575434	495	65919	TRUE	2.680274239287876e-9	-0.6089702947327097	TRUE	660	41	1.730658249736971
ENSG00000179091	chr8:145575133-145575434	659	91913	TRUE	3.375423202482526e-8	-0.4653369761412116	TRUE	660	41	13.724376803441775
ENSG00000179526	chr8:145575133-145575434	507	68619	TRUE	5.840917742863921e-8	-0.4185206903400749	TRUE	660	41	1.7531172849151535
ENSG00000179950	chr8:145575133-145575434	651	91096	TRUE	1.6875121034912307e-7	-0.5285574134558622	TRUE	660	41	10.46709793014365
ENSG00000178719	chr8:145575133-145575434	636	88657	TRUE	4.967310184622381e-7	-0.504835387513412	TRUE	660	41	6.4488786107899205
ENSG00000179632	chr8:145575133-145575434	550	77034	TRUE	1.4255609815312957e-6	-0.47218608432557385	TRUE	660	41	2.585466212485807
ENSG00000160948	chr8:145575133-145575434	660	92435	TRUE	2.34226917368612e-6	-0.36123161627071276	TRUE	660	41	14.774670041772138
ENSG00000147804	chr8:145575133-145575434	609	84821	TRUE	2.4056493497085537e-6	-0.4689970154740044	TRUE	660	41	5.086533954186068
ENSG00000160932	chr8:145575133-145575434	657	91862	TRUE	4.8802014528097175e-5	-0.47077106478043973	TRUE	660	41	24.4127212308718
ENSG00000178896	chr8:145575133-145575434	593	79970	TRUE	3.0829514164589823e-4	-0.4357540616639961	TRUE	660	41	3.7259601862558207
ENSG00000187954	chr8:145575133-145575434	276	36102	TRUE	0.048	-0.24411168332746058	TRUE	660	41	0.6038105357459087
ENSG00000170619	chr8:145575133-145575434	306	41076	TRUE	0.076	-0.29979724763453525	TRUE	660	41	0.6836776149254664
ENSG00000213563	chr8:145575133-145575434	190	29035	TRUE	0.172	-0.2056199557919085	FALSE	660	41	0.43109680510849296
ENSG00000104529	chr8:145575133-145575434	659	92623	TRUE	8.020437569602776e-20	-0.542845740673795	TRUE	660	42	27.036844901403168
ENSG00000179632	chr8:145575133-145575434	550	77034	TRUE	9.453336155598894e-16	-0.6684681440747089	TRUE	660	42	2.585466212485807
ENSG00000179091	chr8:145575133-145575434	659	91913	TRUE	4.637214123350469e-13	-0.5212463658782154	TRUE	660	42	13.724376803441775
ENSG00000179526	chr8:145575133-145575434	507	68619	TRUE	5.710633024845736e-13	-0.5319639372540845	TRUE	660	42	1.7531172849151535
ENSG00000178719	chr8:145575133-145575434	636	88657	TRUE	9.010107895976804e-13	-0.593609249956276	TRUE	660	42	6.4488786107899205
ENSG00000160948	chr8:145575133-145575434	660	92435	TRUE	1.002016270637803e-12	-0.4359503810459966	TRUE	660	42	14.774670041772138
ENSG00000147804	chr8:145575133-145575434	609	84821	TRUE	2.497766534431175e-11	-0.552646341765179	TRUE	660	42	5.086533954186068
ENSG00000185122	chr8:145575133-145575434	635	89166	TRUE	6.053918776127557e-11	-0.4027344759305742	TRUE	660	42	6.356948654645458
ENSG00000160932	chr8:145575133-145575434	657	91862	TRUE	1.5721608795360702e-10	-0.546569305854983	TRUE	660	42	24.4127212308718
ENSG00000104522	chr8:145575133-145575434	579	79230	TRUE	8.399260657245115e-10	-0.5618048797935244	TRUE	660	42	3.064064502015688
ENSG00000179950	chr8:145575133-145575434	651	91096	TRUE	3.5154834575996333e-8	-0.5236223058810436	TRUE	660	42	10.46709793014365
ENSG00000184428	chr8:145575133-145575434	495	65919	TRUE	2.1699611853986337e-6	-0.5177854651701429	TRUE	660	42	1.730658249736971
ENSG00000178896	chr8:145575133-145575434	593	79970	TRUE	2.635746105193867e-6	-0.4673106660969193	TRUE	660	42	3.7259601862558207
ENSG00000185803	chr8:145575133-145575434	544	75701	TRUE	5.53458294475504e-6	-0.47922490240699844	TRUE	660	42	2.5683823452816235
ENSG00000213563	chr8:145575133-145575434	190	29035	TRUE	2.6391695606275446e-5	-0.5145701966810605	TRUE	660	42	0.43109680510849296
ENSG00000197858	chr8:145575133-145575434	606	84075	TRUE	1.0439785224304458e-4	-0.3872430015365762	TRUE	660	42	4.055293394585248
ENSG00000187954	chr8:145575133-145575434	276	36102	TRUE	1.0837789448107905e-4	-0.4522198786576609	TRUE	660	42	0.6038105357459087
ENSG00000170619	chr8:145575133-145575434	306	41076	TRUE	0.028	-0.37073315444548066	TRUE	660	42	0.6836776149254664
ENSG00000104529	chr8:145575133-145575434	659	92623	TRUE	1.3581975977371204e-25	-0.6287411083124894	TRUE	660	43	27.036844901403168
ENSG00000160948	chr8:145575133-145575434	660	92435	TRUE	3.766251471865663e-16	-0.49653990343807664	TRUE	660	43	14.774670041772138
ENSG00000147804	chr8:145575133-145575434	609	84821	TRUE	3.164096968461101e-12	-0.5929044497844123	TRUE	660	43	5.086533954186068
ENSG00000185122	chr8:145575133-145575434	635	89166	TRUE	8.094874177871003e-12	-0.46982786013557076	TRUE	660	43	6.356948654645458
ENSG00000179950	chr8:145575133-145575434	651	91096	TRUE	1.0727070962886623e-11	-0.609614736433735	TRUE	660	43	10.46709793014365
ENSG00000179091	chr8:145575133-145575434	659	91913	TRUE	5.021917282728315e-11	-0.4909559004505346	TRUE	660	43	13.724376803441775
ENSG00000178719	chr8:145575133-145575434	636	88657	TRUE	1.4848017295978998e-9	-0.5446363955713873	TRUE	660	43	6.4488786107899205
ENSG00000104522	chr8:145575133-145575434	579	79230	TRUE	5.0713021991413004e-9	-0.5637637328315812	TRUE	660	43	3.064064502015688
ENSG00000160932	chr8:145575133-145575434	657	91862	TRUE	3.8938556877943144e-8	-0.5261569081618935	TRUE	660	43	24.4127212308718
ENSG00000179526	chr8:145575133-145575434	507	68619	TRUE	5.589660539212699e-7	-0.3847248383665708	TRUE	660	43	1.7531172849151535
ENSG00000197858	chr8:145575133-145575434	606	84075	TRUE	8.106860108214055e-7	-0.45134302163854545	TRUE	660	43	4.055293394585248
ENSG00000170619	chr8:145575133-145575434	306	41076	TRUE	5.811464533693944e-6	-0.5848579597983279	TRUE	660	43	0.6836776149254664
ENSG00000179632	chr8:145575133-145575434	550	77034	TRUE	1.3899711741909276e-5	-0.4448096453942687	TRUE	660	43	2.585466212485807
ENSG00000184428	chr8:145575133-145575434	495	65919	TRUE	4.4138402012303644e-5	-0.48419384190878123	TRUE	660	43	1.730658249736971
ENSG00000187954	chr8:145575133-145575434	276	36102	TRUE	3.603033785885279e-4	-0.3985092919128933	TRUE	660	43	0.6038105357459087
ENSG00000185803	chr8:145575133-145575434	544	75701	TRUE	3.855823376583793e-4	-0.41422764756056285	TRUE	660	43	2.5683823452816235
ENSG00000178896	chr8:145575133-145575434	593	79970	TRUE	4.978028940916552e-4	-0.418349189704319	TRUE	660	43	3.7259601862558207
ENSG00000213563	chr8:145575133-145575434	190	29035	TRUE	5.201481949195222e-4	-0.48614178835454336	TRUE	660	43	0.43109680510849296
ENSG00000185122	chr8:145575133-145575434	635	89166	TRUE	4.9986387957627785e-17	-0.5561465225323072	TRUE	660	44	6.356948654645458
ENSG00000185803	chr8:145575133-145575434	544	75701	TRUE	2.3861564830500147e-14	-0.6977443145962399	TRUE	660	44	2.5683823452816235
ENSG00000197858	chr8:145575133-145575434	606	84075	TRUE	1.7658299975762776e-12	-0.5895440049335552	TRUE	660	44	4.055293394585248
ENSG00000179091	chr8:145575133-145575434	659	91913	TRUE	5.0611278618143924e-11	-0.5112989922412963	TRUE	660	44	13.724376803441775
ENSG00000147804	chr8:145575133-145575434	609	84821	TRUE	7.957519689019295e-11	-0.5514252709848038	TRUE	660	44	5.086533954186068
ENSG00000179950	chr8:145575133-145575434	651	91096	TRUE	1.8716382039960688e-10	-0.6160202547062013	TRUE	660	44	10.46709793014365
ENSG00000184428	chr8:145575133-145575434	495	65919	TRUE	2.0527539417068547e-10	-0.664323441220248	TRUE	660	44	1.730658249736971
ENSG00000104522	chr8:145575133-145575434	579	79230	TRUE	1.2556929756821005e-9	-0.5795310486898979	TRUE	660	44	3.064064502015688
ENSG00000170619	chr8:145575133-145575434	306	41076	TRUE	4.645176982065566e-9	-0.7245827234649413	TRUE	660	44	0.6836776149254664
ENSG00000104529	chr8:145575133-145575434	659	92623	TRUE	1.717529807647817e-8	-0.41660278174758325	TRUE	660	44	27.036844901403168
ENSG00000187954	chr8:145575133-145575434	276	36102	TRUE	1.0620845869660912e-7	-0.582280419222034	TRUE	660	44	0.6038105357459087
ENSG00000160948	chr8:145575133-145575434	660	92435	TRUE	1.0978914241372307e-6	-0.343447513717976	TRUE	660	44	14.774670041772138
ENSG00000160932	chr8:145575133-145575434	657	91862	TRUE	2.210773321142251e-6	-0.46578725691129996	TRUE	660	44	24.4127212308718
ENSG00000178896	chr8:145575133-145575434	593	79970	TRUE	4.17055945303084e-6	-0.4782461437780745	TRUE	660	44	3.7259601862558207
ENSG00000179632	chr8:145575133-145575434	550	77034	TRUE	1.660007050346599e-5	-0.42327648384462746	TRUE	660	44	2.585466212485807
ENSG00000178719	chr8:145575133-145575434	636	88657	TRUE	0.0013396397149901956	-0.3854514897647028	TRUE	660	44	6.4488786107899205
ENSG00000179526	chr8:145575133-145575434	507	68619	TRUE	0.0051952654943473175	-0.2281162969920787	TRUE	660	44	1.7531172849151535
ENSG00000213563	chr8:145575133-145575434	190	29035	TRUE	0.02064269983282259	-0.32641809976304526	TRUE	660	44	0.43109680510849296
ENSG00000104529	chr8:145575133-145575434	659	92623	TRUE	8.734179573868228e-17	-0.5365042137999687	TRUE	660	45	27.036844901403168
ENSG00000104522	chr8:145575133-145575434	579	79230	TRUE	1.048075499636444e-11	-0.6381770435131577	TRUE	660	45	3.064064502015688
ENSG00000160948	chr8:145575133-145575434	660	92435	TRUE	2.674859411299248e-9	-0.39747132304067767	TRUE	660	45	14.774670041772138
ENSG00000179091	chr8:145575133-145575434	659	91913	TRUE	1.9181764466821123e-8	-0.45428341652519943	TRUE	660	45	13.724376803441775
ENSG00000197858	chr8:145575133-145575434	606	84075	TRUE	1.3697280200752074e-7	-0.4844936695955404	TRUE	660	45	4.055293394585248
ENSG00000187954	chr8:145575133-145575434	276	36102	TRUE	2.708600099926052e-7	-0.6042229721027109	TRUE	660	45	0.6038105357459087
ENSG00000184428	chr8:145575133-145575434	495	65919	TRUE	3.450744987260469e-7	-0.5556626895519068	TRUE	660	45	1.730658249736971
ENSG00000147804	chr8:145575133-145575434	609	84821	TRUE	1.0541598468695804e-6	-0.43482182787075874	TRUE	660	45	5.086533954186068
ENSG00000160932	chr8:145575133-145575434	657	91862	TRUE	1.4988933350898806e-6	-0.4769376806587733	TRUE	660	45	24.4127212308718
ENSG00000178719	chr8:145575133-145575434	636	88657	TRUE	5.275659320294005e-6	-0.47787660109165975	TRUE	660	45	6.4488786107899205
ENSG00000185803	chr8:145575133-145575434	544	75701	TRUE	2.5345881195774304e-5	-0.45287357546004614	TRUE	660	45	2.5683823452816235
ENSG00000179526	chr8:145575133-145575434	507	68619	TRUE	2.8093591124981297e-5	-0.33316663233009347	TRUE	660	45	1.7531172849151535
ENSG00000179950	chr8:145575133-145575434	651	91096	TRUE	3.914394715615402e-5	-0.4677863943045968	TRUE	660	45	10.46709793014365
ENSG00000185122	chr8:145575133-145575434	635	89166	TRUE	1.5502874895217608e-4	-0.26407919491899445	TRUE	660	45	6.356948654645458
ENSG00000178896	chr8:145575133-145575434	593	79970	TRUE	3.2512603376086933e-4	-0.4243792717993389	TRUE	660	45	3.7259601862558207
ENSG00000179632	chr8:145575133-145575434	550	77034	TRUE	4.68517810962292e-4	-0.38218929180142824	TRUE	660	45	2.585466212485807
ENSG00000213563	chr8:145575133-145575434	190	29035	TRUE	0.001121952243698196	-0.4377014332967899	TRUE	660	45	0.43109680510849296
ENSG00000170619	chr8:145575133-145575434	306	41076	TRUE	0.0012788590340584577	-0.45342043674774696	TRUE	660	45	0.6836776149254664
ENSG00000178896	chr8:145575133-145575434	593	79970	TRUE	1.063502537555731e-11	-0.624163741435181	TRUE	660	46	3.7259601862558207
ENSG00000184428	chr8:145575133-145575434	495	65919	TRUE	2.1882597106526283e-11	-0.6756535652196359	TRUE	660	46	1.730658249736971
ENSG00000179632	chr8:145575133-145575434	550	77034	TRUE	1.824885572216891e-7	-0.4688733502847381	TRUE	660	46	2.585466212485807
ENSG00000185122	chr8:145575133-145575434	635	89166	TRUE	2.438930459192285e-7	-0.3733171860313531	TRUE	660	46	6.356948654645458
ENSG00000104522	chr8:145575133-145575434	579	79230	TRUE	3.374948570507839e-7	-0.519369613473128	TRUE	660	46	3.064064502015688
ENSG00000179950	chr8:145575133-145575434	651	91096	TRUE	3.7044181557203265e-6	-0.4850041103956122	TRUE	660	46	10.46709793014365
ENSG00000160948	chr8:145575133-145575434	660	92435	TRUE	1.749832551346895e-5	-0.3008575460791181	TRUE	660	46	14.774670041772138
ENSG00000179091	chr8:145575133-145575434	659	91913	TRUE	5.751332718989272e-5	-0.33602347596681303	TRUE	660	46	13.724376803441775
ENSG00000197858	chr8:145575133-145575434	606	84075	TRUE	6.232886722924496e-5	-0.40064481682200737	TRUE	660	46	4.055293394585248
ENSG00000178719	chr8:145575133-145575434	636	88657	TRUE	8.566010529610993e-5	-0.4023881185425946	TRUE	660	46	6.4488786107899205
ENSG00000185803	chr8:145575133-145575434	544	75701	TRUE	1.187775872981741e-4	-0.43020450011033073	TRUE	660	46	2.5683823452816235
ENSG00000170619	chr8:145575133-145575434	306	41076	TRUE	2.0572204584290562e-4	-0.5197629315764432	TRUE	660	46	0.6836776149254664
ENSG00000179526	chr8:145575133-145575434	507	68619	TRUE	2.857031940993694e-4	-0.2923114994182521	TRUE	660	46	1.7531172849151535
ENSG00000160932	chr8:145575133-145575434	657	91862	TRUE	6.603379463044207e-4	-0.35213573433193535	TRUE	660	46	24.4127212308718
ENSG00000104529	chr8:145575133-145575434	659	92623	TRUE	8.655885179755657e-4	-0.2759994317677865	TRUE	660	46	27.036844901403168
ENSG00000147804	chr8:145575133-145575434	609	84821	TRUE	0.0047024169563186155	-0.30929094578689975	TRUE	660	46	5.086533954186068
ENSG00000213563	chr8:145575133-145575434	190	29035	TRUE	0.056	-0.29525716827658477	TRUE	660	46	0.43109680510849296
ENSG00000187954	chr8:145575133-145575434	276	36102	TRUE	0.084	-0.21427645378669746	TRUE	660	46	0.6038105357459087
ENSG00000104529	chr8:145575133-145575434	659	92623	TRUE	4.2687901128479224e-20	-0.5909771742084455	TRUE	660	47	27.036844901403168
ENSG00000185122	chr8:145575133-145575434	635	89166	TRUE	1.0164231840061947e-14	-0.5102213172281531	TRUE	660	47	6.356948654645458
ENSG00000179950	chr8:145575133-145575434	651	91096	TRUE	1.6870539909554925e-13	-0.657763189373163	TRUE	660	47	10.46709793014365
ENSG00000185803	chr8:145575133-145575434	544	75701	TRUE	1.5066218771476054e-11	-0.6175042772328454	TRUE	660	47	2.5683823452816235
ENSG00000178719	chr8:145575133-145575434	636	88657	TRUE	6.82549874071892e-10	-0.5533758470620334	TRUE	660	47	6.4488786107899205
ENSG00000104522	chr8:145575133-145575434	579	79230	TRUE	4.6397175703681635e-9	-0.564744157633764	TRUE	660	47	3.064064502015688
ENSG00000160948	chr8:145575133-145575434	660	92435	TRUE	2.1736563775328122e-8	-0.39474874242348834	TRUE	660	47	14.774670041772138
ENSG00000179091	chr8:145575133-145575434	659	91913	TRUE	6.550366705158125e-8	-0.42618352596014164	TRUE	660	47	13.724376803441775
ENSG00000197858	chr8:145575133-145575434	606	84075	TRUE	1.2848341202569653e-7	-0.48021901449521454	TRUE	660	47	4.055293394585248
ENSG00000184428	chr8:145575133-145575434	495	65919	TRUE	2.7696788909383255e-7	-0.5469664905820893	TRUE	660	47	1.730658249736971
ENSG00000179632	chr8:145575133-145575434	550	77034	TRUE	2.9725040862207475e-7	-0.48105741153112125	TRUE	660	47	2.585466212485807
ENSG00000160932	chr8:145575133-145575434	657	91862	TRUE	9.292210970937489e-7	-0.46706054663568697	TRUE	660	47	24.4127212308718
ENSG00000178896	chr8:145575133-145575434	593	79970	TRUE	1.5734151379986233e-6	-0.49084618055770823	TRUE	660	47	3.7259601862558207
ENSG00000147804	chr8:145575133-145575434	609	84821	TRUE	2.1226458079208303e-6	-0.43933201533735255	TRUE	660	47	5.086533954186068
ENSG00000179526	chr8:145575133-145575434	507	68619	TRUE	8.231962753175873e-5	-0.31486581558714977	TRUE	660	47	1.7531172849151535
ENSG00000170619	chr8:145575133-145575434	306	41076	TRUE	1.459304851100969e-4	-0.5282744314319605	TRUE	660	47	0.6836776149254664
ENSG00000213563	chr8:145575133-145575434	190	29035	TRUE	2.1556615448991776e-4	-0.5217656980852645	TRUE	660	47	0.43109680510849296
ENSG00000187954	chr8:145575133-145575434	276	36102	TRUE	0.005324948646483654	-0.32378993853318827	TRUE	660	47	0.6038105357459087
ENSG00000179091	chr8:145575133-145575434	659	91913	TRUE	7.548703758920866e-10	-0.47540108625569344	TRUE	660	48	13.724376803441775
ENSG00000104522	chr8:145575133-145575434	579	79230	TRUE	8.84346431828442e-10	-0.5854885039862976	TRUE	660	48	3.064064502015688
ENSG00000197858	chr8:145575133-145575434	606	84075	TRUE	2.1272501858838255e-9	-0.49021298349177034	TRUE	660	48	4.055293394585248
ENSG00000160948	chr8:145575133-145575434	660	92435	TRUE	3.5681824399610304e-9	-0.3932987975367297	TRUE	660	48	14.774670041772138
ENSG00000160932	chr8:145575133-145575434	657	91862	TRUE	3.322167636083881e-8	-0.5398548255945146	TRUE	660	48	24.4127212308718
ENSG00000185803	chr8:145575133-145575434	544	75701	TRUE	7.530845777981455e-8	-0.5449678654420315	TRUE	660	48	2.5683823452816235
ENSG00000178896	chr8:145575133-145575434	593	79970	TRUE	9.493695507172171e-8	-0.5382837265639073	TRUE	660	48	3.7259601862558207
ENSG00000147804	chr8:145575133-145575434	609	84821	TRUE	1.4985657197108277e-7	-0.4707272116128869	TRUE	660	48	5.086533954186068
ENSG00000179632	chr8:145575133-145575434	550	77034	TRUE	3.419209183644638e-7	-0.47108099423638994	TRUE	660	48	2.585466212485807
ENSG00000184428	chr8:145575133-145575434	495	65919	TRUE	1.126555230952092e-6	-0.5314442184680372	TRUE	660	48	1.730658249736971
ENSG00000185122	chr8:145575133-145575434	635	89166	TRUE	2.984871980521179e-6	-0.3503763221432723	TRUE	660	48	6.356948654645458
ENSG00000178719	chr8:145575133-145575434	636	88657	TRUE	3.8756040949567555e-6	-0.4648007257111595	TRUE	660	48	6.4488786107899205
ENSG00000170619	chr8:145575133-145575434	306	41076	TRUE	1.372666908458454e-4	-0.54113658236901	TRUE	660	48	0.6836776149254664
ENSG00000187954	chr8:145575133-145575434	276	36102	TRUE	6.283432160932145e-4	-0.37946353622234674	TRUE	660	48	0.6038105357459087
ENSG00000104529	chr8:145575133-145575434	659	92623	TRUE	8.863532560126931e-4	-0.2892658968730437	TRUE	660	48	27.036844901403168
ENSG00000179526	chr8:145575133-145575434	507	68619	TRUE	0.0016192174101294574	-0.25694233170860514	TRUE	660	48	1.7531172849151535
ENSG00000179950	chr8:145575133-145575434	651	91096	TRUE	0.0058604060337145054	-0.38191980624999555	TRUE	660	48	10.46709793014365
ENSG00000213563	chr8:145575133-145575434	190	29035	TRUE	0.032	-0.32641809976304526	TRUE	660	48	0.43109680510849296
ENSG00000160948	chr8:145575133-145575434	660	92435	TRUE	1.2161317124576338e-14	-0.49052016978777013	TRUE	660	49	14.774670041772138
ENSG00000104529	chr8:145575133-145575434	659	92623	TRUE	8.558886472199217e-12	-0.45073657601869854	TRUE	660	49	27.036844901403168
ENSG00000179091	chr8:145575133-145575434	659	91913	TRUE	1.0298727072119635e-10	-0.49160767143107575	TRUE	660	49	13.724376803441775
ENSG00000179632	chr8:145575133-145575434	550	77034	TRUE	3.3634678339043353e-10	-0.5575775755562186	TRUE	660	49	2.585466212485807
ENSG00000197858	chr8:145575133-145575434	606	84075	TRUE	3.4249051030600525e-10	-0.5368025428615819	TRUE	660	49	4.055293394585248
ENSG00000160932	chr8:145575133-145575434	657	91862	TRUE	1.0263736532770476e-9	-0.5636792381234725	TRUE	660	49	24.4127212308718
ENSG00000104522	chr8:145575133-145575434	579	79230	TRUE	1.3272317091483582e-9	-0.5934702396477716	TRUE	660	49	3.064064502015688
ENSG00000184428	chr8:145575133-145575434	495	65919	TRUE	4.353658684567307e-9	-0.627186383215695	TRUE	660	49	1.730658249736971
ENSG00000147804	chr8:145575133-145575434	609	84821	TRUE	1.569090668436827e-8	-0.47650956420689283	TRUE	660	49	5.086533954186068
ENSG00000179950	chr8:145575133-145575434	651	91096	TRUE	1.922787442297253e-8	-0.5579672154040414	TRUE	660	49	10.46709793014365
ENSG00000185803	chr8:145575133-145575434	544	75701	TRUE	1.1605310869202188e-7	-0.5208169659909614	TRUE	660	49	2.5683823452816235
ENSG00000178896	chr8:145575133-145575434	593	79970	TRUE	1.4703624318977509e-07	-0.5342025497520904	TRUE	660	49	3.7259601862558207
ENSG00000179526	chr8:145575133-145575434	507	68619	TRUE	2.244317361334682e-6	-0.3799608438090345	TRUE	660	49	1.7531172849151535
ENSG00000185122	chr8:145575133-145575434	635	89166	TRUE	1.2420974291068795e-5	-0.2961939331244321	TRUE	660	49	6.356948654645458
ENSG00000178719	chr8:145575133-145575434	636	88657	TRUE	3.11592152291945e-5	-0.43516850144441044	TRUE	660	49	6.4488786107899205
ENSG00000213563	chr8:145575133-145575434	190	29035	TRUE	4.344288658576778e-5	-0.5362652677803796	TRUE	660	49	0.43109680510849296
ENSG00000170619	chr8:145575133-145575434	306	41076	TRUE	0.0024005901644639227	-0.43730077138447027	TRUE	660	49	0.6836776149254664
ENSG00000187954	chr8:145575133-145575434	276	36102	TRUE	0.116	-0.19750074103587056	FALSE	660	49	0.6038105357459087
ENSG00000179526	chr8:145575133-145575434	507	68619	TRUE	3.853442158663634e-15	-0.5912980766364868	TRUE	660	50	1.7531172849151535
ENSG00000160948	chr8:145575133-145575434	660	92435	TRUE	1.4915501053445942e-14	-0.45700102087654804	TRUE	660	50	14.774670041772138
ENSG00000185122	chr8:145575133-145575434	635	89166	TRUE	1.3046184271908113e-12	-0.44486318899856236	TRUE	660	50	6.356948654645458
ENSG00000184428	chr8:145575133-145575434	495	65919	TRUE	2.726121427826372e-12	-0.696659423339938	TRUE	660	50	1.730658249736971
ENSG00000147804	chr8:145575133-145575434	609	84821	TRUE	2.0302931250210337e-11	-0.5188410619132127	TRUE	660	50	5.086533954186068
ENSG00000197858	chr8:145575133-145575434	606	84075	TRUE	2.1314714227861945e-10	-0.5345847176117635	TRUE	660	50	4.055293394585248
ENSG00000104522	chr8:145575133-145575434	579	79230	TRUE	7.219911743012672e-9	-0.5539959565827604	TRUE	660	50	3.064064502015688
ENSG00000185803	chr8:145575133-145575434	544	75701	TRUE	9.014825305580826e-9	-0.5472891773521525	TRUE	660	50	2.5683823452816235
ENSG00000104529	chr8:145575133-145575434	659	92623	TRUE	3.958111015860003e-8	-0.3745531470109986	TRUE	660	50	27.036844901403168
ENSG00000179091	chr8:145575133-145575434	659	91913	TRUE	4.696298674011952e-8	-0.42618352596014164	TRUE	660	50	13.724376803441775
ENSG00000179950	chr8:145575133-145575434	651	91096	TRUE	1.8250413232435503e-6	-0.4922169327714805	TRUE	660	50	10.46709793014365
ENSG00000178896	chr8:145575133-145575434	593	79970	TRUE	2.0992021775225345e-6	-0.4727680437400119	TRUE	660	50	3.7259601862558207
ENSG00000170619	chr8:145575133-145575434	306	41076	TRUE	2.7778063223357543e-6	-0.6208148375747378	TRUE	660	50	0.6836776149254664
ENSG00000160932	chr8:145575133-145575434	657	91862	TRUE	7.441340798676997e-5	-0.3925852440053168	TRUE	660	50	24.4127212308718
ENSG00000178719	chr8:145575133-145575434	636	88657	TRUE	7.764031722875143e-5	-0.4258470913665837	TRUE	660	50	6.4488786107899205
ENSG00000213563	chr8:145575133-145575434	190	29035	TRUE	0.001359126167227713	-0.4107343856965209	TRUE	660	50	0.43109680510849296
ENSG00000179632	chr8:145575133-145575434	550	77034	TRUE	0.002330702252215905	-0.3382043985185641	TRUE	660	50	2.585466212485807
ENSG00000187954	chr8:145575133-145575434	276	36102	TRUE	0.036	-0.2355241874907369	TRUE	660	50	0.6038105357459087
ENSG00000160948	chr8:145575133-145575434	660	92435	TRUE	1.2600855600003648e-12	-0.44043544696151127	TRUE	660	51	14.774670041772138
ENSG00000104529	chr8:145575133-145575434	659	92623	TRUE	1.6537144039812908e-11	-0.44919539967206124	TRUE	660	51	27.036844901403168
ENSG00000179950	chr8:145575133-145575434	651	91096	TRUE	1.1237500697712974e-8	-0.5565664044959591	TRUE	660	51	10.46709793014365
ENSG00000179632	chr8:145575133-145575434	550	77034	TRUE	6.197063475208266e-8	-0.4855136159725665	TRUE	660	51	2.585466212485807
ENSG00000178896	chr8:145575133-145575434	593	79970	TRUE	1.1178507849728776e-7	-0.5067525714670691	TRUE	660	51	3.7259601862558207
ENSG00000179091	chr8:145575133-145575434	659	91913	TRUE	3.201704417438861e-7	-0.4220360599992823	TRUE	660	51	13.724376803441775
ENSG00000179526	chr8:145575133-145575434	507	68619	TRUE	4.847641815750113e-7	-0.3926999556397123	TRUE	660	51	1.7531172849151535
ENSG00000104522	chr8:145575133-145575434	579	79230	TRUE	1.6310713279570348e-6	-0.49486865162051386	TRUE	660	51	3.064064502015688
ENSG00000197858	chr8:145575133-145575434	606	84075	TRUE	1.8979424059339424e-6	-0.4381549549286705	TRUE	660	51	4.055293394585248
ENSG00000185122	chr8:145575133-145575434	635	89166	TRUE	4.894138514145545e-6	-0.2876943725999963	TRUE	660	51	6.356948654645458
ENSG00000160932	chr8:145575133-145575434	657	91862	TRUE	6.426086193328864e-6	-0.4580559392495278	TRUE	660	51	24.4127212308718
ENSG00000147804	chr8:145575133-145575434	609	84821	TRUE	1.11689724922189e-5	-0.39978839026944923	TRUE	660	51	5.086533954186068
ENSG00000184428	chr8:145575133-145575434	495	65919	TRUE	1.042571114962909e-4	-0.4611365810747154	TRUE	660	51	1.730658249736971
ENSG00000178719	chr8:145575133-145575434	636	88657	TRUE	1.7485429624558915e-4	-0.4144888854171582	TRUE	660	51	6.4488786107899205
ENSG00000170619	chr8:145575133-145575434	306	41076	TRUE	5.979298522628788e-4	-0.49452564007742	TRUE	660	51	0.6836776149254664
ENSG00000213563	chr8:145575133-145575434	190	29035	TRUE	0.0021640725805050706	-0.40407065541551	TRUE	660	51	0.43109680510849296
ENSG00000187954	chr8:145575133-145575434	276	36102	TRUE	0.007401421540572134	-0.27898214317451286	TRUE	660	51	0.6038105357459087
ENSG00000185803	chr8:145575133-145575434	544	75701	TRUE	0.024	-0.33589067513333615	TRUE	660	51	2.5683823452816235
ENSG00000147804	chr8:145575133-145575434	609	84821	TRUE	1.0670341372402848e-13	-0.6233716453845195	TRUE	660	52	5.086533954186068
ENSG00000185122	chr8:145575133-145575434	635	89166	TRUE	5.284392134858341e-10	-0.4243103570780824	TRUE	660	52	6.356948654645458
ENSG00000178719	chr8:145575133-145575434	636	88657	TRUE	7.357399864096713e-10	-0.5469311233351095	TRUE	660	52	6.4488786107899205
ENSG00000179091	chr8:145575133-145575434	659	91913	TRUE	4.3969251508574965e-9	-0.4696109980521799	TRUE	660	52	13.724376803441775
ENSG00000179632	chr8:145575133-145575434	550	77034	TRUE	3.234419243447782e-8	-0.5068706135265203	TRUE	660	52	2.585466212485807
ENSG00000179950	chr8:145575133-145575434	651	91096	TRUE	3.7154334913802844e-8	-0.5506978064068209	TRUE	660	52	10.46709793014365
ENSG00000104522	chr8:145575133-145575434	579	79230	TRUE	1.8854221141070956e-6	-0.5042429213856607	TRUE	660	52	3.064064502015688
ENSG00000185803	chr8:145575133-145575434	544	75701	TRUE	4.4517213731439876e-6	-0.4892320757623797	TRUE	660	52	2.5683823452816235
ENSG00000178896	chr8:145575133-145575434	593	79970	TRUE	5.370025448548201e-6	-0.502759502101209	TRUE	660	52	3.7259601862558207
ENSG00000184428	chr8:145575133-145575434	495	65919	TRUE	1.1819973760204133e-5	-0.5059392223220345	TRUE	660	52	1.730658249736971
ENSG00000160948	chr8:145575133-145575434	660	92435	TRUE	2.1375483071610184e-5	-0.3093780943570068	TRUE	660	52	14.774670041772138
ENSG00000170619	chr8:145575133-145575434	306	41076	TRUE	6.701157564309793e-5	-0.5454495752400925	TRUE	660	52	0.6836776149254664
ENSG00000104529	chr8:145575133-145575434	659	92623	TRUE	8.434562018905765e-5	-0.3215181776565803	TRUE	660	52	27.036844901403168
ENSG00000197858	chr8:145575133-145575434	606	84075	TRUE	1.853646521571663e-4	-0.38791014376390476	TRUE	660	52	4.055293394585248
ENSG00000179526	chr8:145575133-145575434	507	68619	TRUE	2.8398675201874585e-4	-0.2833875841139818	TRUE	660	52	1.7531172849151535
ENSG00000160932	chr8:145575133-145575434	657	91862	TRUE	2.8908594322555464e-4	-0.391375989890264	TRUE	660	52	24.4127212308718
ENSG00000187954	chr8:145575133-145575434	276	36102	TRUE	6.86127776456432e-4	-0.3937242293475164	TRUE	660	52	0.6038105357459087
ENSG00000213563	chr8:145575133-145575434	190	29035	TRUE	0.005430053328593018	-0.3777193284685578	TRUE	660	52	0.43109680510849296
ENSG00000104529	chr8:145575133-145575434	659	92623	TRUE	4.586336121638497e-13	-0.48422382897978267	TRUE	660	53	27.036844901403168
ENSG00000160948	chr8:145575133-145575434	660	92435	TRUE	1.452197974421652e-11	-0.4264656614719291	TRUE	660	53	14.774670041772138
ENSG00000178719	chr8:145575133-145575434	636	88657	TRUE	1.549292018639367e-11	-0.5817973693282963	TRUE	660	53	6.4488786107899205
ENSG00000179950	chr8:145575133-145575434	651	91096	TRUE	3.6626838403429877e-9	-0.557126565652633	TRUE	660	53	10.46709793014365
ENSG00000179091	chr8:145575133-145575434	659	91913	TRUE	3.551089389588932e-8	-0.43430554042431924	TRUE	660	53	13.724376803441775
ENSG00000179526	chr8:145575133-145575434	507	68619	TRUE	7.377057235071697e-8	-0.4217810195036617	TRUE	660	53	1.7531172849151535
ENSG00000184428	chr8:145575133-145575434	495	65919	TRUE	6.2653901026805e-7	-0.5469664905820893	TRUE	660	53	1.730658249736971
ENSG00000185122	chr8:145575133-145575434	635	89166	TRUE	1.8381835101800685e-5	-0.27563835502492573	TRUE	660	53	6.356948654645458
ENSG00000197858	chr8:145575133-145575434	606	84075	TRUE	1.432406178102229e-4	-0.36539861249335637	TRUE	660	53	4.055293394585248
ENSG00000170619	chr8:145575133-145575434	306	41076	TRUE	2.0669257043756228e-4	-0.5282744314319605	TRUE	660	53	0.6836776149254664
ENSG00000213563	chr8:145575133-145575434	190	29035	TRUE	5.75378611749864e-4	-0.4582627557791066	TRUE	660	53	0.43109680510849296
ENSG00000178896	chr8:145575133-145575434	593	79970	TRUE	0.0011482224067959415	-0.389308154095646	TRUE	660	53	3.7259601862558207
ENSG00000187954	chr8:145575133-145575434	276	36102	TRUE	0.0011748968048497926	-0.3560045633983576	TRUE	660	53	0.6038105357459087
ENSG00000185803	chr8:145575133-145575434	544	75701	TRUE	0.005022737934701579	-0.3632363629753699	TRUE	660	53	2.5683823452816235
ENSG00000160932	chr8:145575133-145575434	657	91862	TRUE	0.012550282703284149	-0.3280628633913514	TRUE	660	53	24.4127212308718
ENSG00000147804	chr8:145575133-145575434	609	84821	TRUE	0.012930433123994792	-0.29389384082839687	TRUE	660	53	5.086533954186068
ENSG00000179632	chr8:145575133-145575434	550	77034	TRUE	0.017647038250356767	-0.3122451714558836	TRUE	660	53	2.585466212485807
ENSG00000104522	chr8:145575133-145575434	579	79230	TRUE	0.052	-0.3141864821689031	TRUE	660	53	3.064064502015688
ENSG00000179950	chr8:145575133-145575434	651	91096	TRUE	1.687968813421897e-15	-0.698894436903228	TRUE	660	54	10.46709793014365
ENSG00000147804	chr8:145575133-145575434	609	84821	TRUE	3.5262408220975133e-10	-0.5410876858920022	TRUE	660	54	5.086533954186068
ENSG00000104522	chr8:145575133-145575434	579	79230	TRUE	1.4186109408671388e-9	-0.6115922579221964	TRUE	660	54	3.064064502015688
ENSG00000104529	chr8:145575133-145575434	659	92623	TRUE	2.605367267396731e-9	-0.424152223573822	TRUE	660	54	27.036844901403168
ENSG00000178896	chr8:145575133-145575434	593	79970	TRUE	4.3688536404567525e-9	-0.5563793405967647	TRUE	660	54	3.7259601862558207
ENSG00000185803	chr8:145575133-145575434	544	75701	TRUE	1.7329179260262622e-8	-0.5391808739646766	TRUE	660	54	2.5683823452816235
ENSG00000184428	chr8:145575133-145575434	495	65919	TRUE	3.6096478577999714e-8	-0.5661677969453767	TRUE	660	54	1.730658249736971
ENSG00000160932	chr8:145575133-145575434	657	91862	TRUE	6.127132229285116e-8	-0.4795051696796824	TRUE	660	54	24.4127212308718
ENSG00000179091	chr8:145575133-145575434	659	91913	TRUE	6.327598812055018e-8	-0.43013469322651865	TRUE	660	54	13.724376803441775
ENSG00000185122	chr8:145575133-145575434	635	89166	TRUE	1.0878359341684419e-7	-0.35967860844526856	TRUE	660	54	6.356948654645458
ENSG00000160948	chr8:145575133-145575434	660	92435	TRUE	1.6147772254853211e-7	-0.3603460382913446	TRUE	660	54	14.774670041772138
ENSG00000178719	chr8:145575133-145575434	636	88657	TRUE	3.893754300135033e-6	-0.457443332925886	TRUE	660	54	6.4488786107899205
ENSG00000179632	chr8:145575133-145575434	550	77034	TRUE	9.953186382459858e-6	-0.4393961492079044	TRUE	660	54	2.585466212485807
ENSG00000197858	chr8:145575133-145575434	606	84075	TRUE	1.0389111100238789e-5	-0.40401481377806436	TRUE	660	54	4.055293394585248
ENSG00000170619	chr8:145575133-145575434	306	41076	TRUE	1.0657496119339128e-4	-0.5240124045778007	TRUE	660	54	0.6836776149254664
ENSG00000213563	chr8:145575133-145575434	190	29035	TRUE	3.501831844671538e-4	-0.4582627557791066	TRUE	660	54	0.43109680510849296
ENSG00000179526	chr8:145575133-145575434	507	68619	TRUE	0.0012483120136120573	-0.26277730443869574	TRUE	660	54	1.7531172849151535
ENSG00000187954	chr8:145575133-145575434	276	36102	TRUE	0.0014797521899600902	-0.3653424279776939	TRUE	660	54	0.6038105357459087
ENSG00000178719	chr8:145575133-145575434	636	88657	TRUE	8.068470972941378e-15	-0.6645917181104748	TRUE	660	55	6.4488786107899205
ENSG00000184428	chr8:145575133-145575434	495	65919	TRUE	1.01943430821327e-14	-0.7798006586401839	TRUE	660	55	1.730658249736971
ENSG00000178896	chr8:145575133-145575434	593	79970	TRUE	1.5927668346216692e-14	-0.7173309820246652	TRUE	660	55	3.7259601862558207
ENSG00000185803	chr8:145575133-145575434	544	75701	TRUE	2.601917546299659e-13	-0.6887475234924043	TRUE	660	55	2.5683823452816235
ENSG00000185122	chr8:145575133-145575434	635	89166	TRUE	8.163438797416e-13	-0.4868686700740734	TRUE	660	55	6.356948654645458
ENSG00000197858	chr8:145575133-145575434	606	84075	TRUE	1.574039078373385e-12	-0.6205709005541795	TRUE	660	55	4.055293394585248
ENSG00000179091	chr8:145575133-145575434	659	91913	TRUE	4.3717676056887855e-11	-0.5075588733802627	TRUE	660	55	13.724376803441775
ENSG00000179950	chr8:145575133-145575434	651	91096	TRUE	1.9014766550694805e-8	-0.5633027359918352	TRUE	660	55	10.46709793014365
ENSG00000104529	chr8:145575133-145575434	659	92623	TRUE	1.1153444680557696e-7	-0.39695905129934417	TRUE	660	55	27.036844901403168
ENSG00000104522	chr8:145575133-145575434	579	79230	TRUE	1.6463400863765042e-7	-0.5404312290009576	TRUE	660	55	3.064064502015688
ENSG00000179526	chr8:145575133-145575434	507	68619	TRUE	1.7804614353271768e-7	-0.397506273380646	TRUE	660	55	1.7531172849151535
ENSG00000160948	chr8:145575133-145575434	660	92435	TRUE	3.3338693073042044e-6	-0.3390791489655278	TRUE	660	55	14.774670041772138
ENSG00000147804	chr8:145575133-145575434	609	84821	TRUE	3.3405745075294454e-6	-0.4427239331401345	TRUE	660	55	5.086533954186068
ENSG00000179632	chr8:145575133-145575434	550	77034	TRUE	4.552681862723734e-6	-0.44589478650664627	TRUE	660	55	2.585466212485807
ENSG00000187954	chr8:145575133-145575434	276	36102	TRUE	4.7745105370873044e-4	-0.4178098478718296	TRUE	660	55	0.6038105357459087
ENSG00000170619	chr8:145575133-145575434	306	41076	TRUE	7.413230790021246e-4	-0.4903620151358839	TRUE	660	55	0.6836776149254664
ENSG00000160932	chr8:145575133-145575434	657	91862	TRUE	0.00372201256782842	-0.3795568337147426	TRUE	660	55	24.4127212308718
ENSG00000213563	chr8:145575133-145575434	190	29035	TRUE	0.104	-0.2348845502971031	FALSE	660	55	0.43109680510849296
ENSG00000160948	chr8:145575133-145575434	660	92435	TRUE	4.1107446180168946e-16	-0.5082628420539361	TRUE	660	56	14.774670041772138
ENSG00000179950	chr8:145575133-145575434	651	91096	TRUE	4.0143639116674824e-12	-0.6300954399179242	TRUE	660	56	10.46709793014365
ENSG00000147804	chr8:145575133-145575434	609	84821	TRUE	7.329306402045165e-11	-0.5686150322823189	TRUE	660	56	5.086533954186068
ENSG00000178719	chr8:145575133-145575434	636	88657	TRUE	7.979846864943161e-10	-0.5423453119695343	TRUE	660	56	6.4488786107899205
ENSG00000179632	chr8:145575133-145575434	550	77034	TRUE	2.5315782286569315e-9	-0.544732775652464	TRUE	660	56	2.585466212485807
ENSG00000104529	chr8:145575133-145575434	659	92623	TRUE	3.136015832952623e-9	-0.4144959981696381	TRUE	660	56	27.036844901403168
ENSG00000179091	chr8:145575133-145575434	659	91913	TRUE	5.350651536717991e-9	-0.4644836890893438	TRUE	660	56	13.724376803441775
ENSG00000160932	chr8:145575133-145575434	657	91862	TRUE	5.876067866749692e-7	-0.4761217096204806	TRUE	660	56	24.4127212308718
ENSG00000185122	chr8:145575133-145575434	635	89166	TRUE	1.1615295147393047e-6	-0.3149888667083771	TRUE	660	56	6.356948654645458
ENSG00000184428	chr8:145575133-145575434	495	65919	TRUE	1.5554390365075423e-6	-0.5228923556032318	TRUE	660	56	1.730658249736971
ENSG00000178896	chr8:145575133-145575434	593	79970	TRUE	1.990773997931827e-6	-0.4924289509203992	TRUE	660	56	3.7259601862558207
ENSG00000104522	chr8:145575133-145575434	579	79230	TRUE	2.3771995495201585e-6	-0.4846268238706295	TRUE	660	56	3.064064502015688
ENSG00000179526	chr8:145575133-145575434	507	68619	TRUE	1.1892974559721443e-5	-0.33010032928231015	TRUE	660	56	1.7531172849151535
ENSG00000170619	chr8:145575133-145575434	306	41076	TRUE	2.1401652609556558e-5	-0.5804257134830673	TRUE	660	56	0.6836776149254664
ENSG00000197858	chr8:145575133-145575434	606	84075	TRUE	6.361439200794523e-5	-0.3885775946390475	TRUE	660	56	4.055293394585248
ENSG00000185803	chr8:145575133-145575434	544	75701	TRUE	0.001362256008603499	-0.3921531944221399	TRUE	660	56	2.5683823452816235
ENSG00000213563	chr8:145575133-145575434	190	29035	TRUE	0.08	-0.25873129225147085	TRUE	660	56	0.43109680510849296
ENSG00000187954	chr8:145575133-145575434	276	36102	TRUE	0.084	-0.22698750553625135	TRUE	660	56	0.6038105357459087
ENSG00000104529	chr8:145575133-145575434	659	92623	TRUE	1.0529920868145511e-14	-0.511949411176416	TRUE	660	57	27.036844901403168
ENSG00000197858	chr8:145575133-145575434	606	84075	TRUE	2.25531986937787e-11	-0.577317702600296	TRUE	660	57	4.055293394585248
ENSG00000147804	chr8:145575133-145575434	609	84821	TRUE	1.1093429826334824e-10	-0.5465512966163326	TRUE	660	57	5.086533954186068
ENSG00000178896	chr8:145575133-145575434	593	79970	TRUE	4.804890997721055e-10	-0.5713555481695562	TRUE	660	57	3.7259601862558207
ENSG00000179091	chr8:145575133-145575434	659	91913	TRUE	3.282886108189401e-9	-0.4827255205918286	TRUE	660	57	13.724376803441775
ENSG00000185122	chr8:145575133-145575434	635	89166	TRUE	1.7665094051715242e-8	-0.4066732787314846	TRUE	660	57	6.356948654645458
ENSG00000160948	chr8:145575133-145575434	660	92435	TRUE	3.2204603629681916e-8	-0.3810327493064607	TRUE	660	57	14.774670041772138
ENSG00000178719	chr8:145575133-145575434	636	88657	TRUE	4.2400183637581325e-8	-0.5336722259603044	TRUE	660	57	6.4488786107899205
ENSG00000179632	chr8:145575133-145575434	550	77034	TRUE	1.974125395446378e-7	-0.4933452484548734	TRUE	660	57	2.585466212485807
ENSG00000179950	chr8:145575133-145575434	651	91096	TRUE	2.496925119280279e-7	-0.5124438512636513	TRUE	660	57	10.46709793014365
ENSG00000104522	chr8:145575133-145575434	579	79230	TRUE	4.460157808748458e-7	-0.514625462401302	TRUE	660	57	3.064064502015688
ENSG00000185803	chr8:145575133-145575434	544	75701	TRUE	2.2438440321530598e-6	-0.4970637082446866	TRUE	660	57	2.5683823452816235
ENSG00000213563	chr8:145575133-145575434	190	29035	TRUE	9.833467085465682e-6	-0.5657090456728615	TRUE	660	57	0.43109680510849296
ENSG00000160932	chr8:145575133-145575434	657	91862	TRUE	2.478728449489473e-4	-0.43771503062878203	TRUE	660	57	24.4127212308718
ENSG00000179526	chr8:145575133-145575434	507	68619	TRUE	4.234882445028883e-4	-0.3042965738769623	TRUE	660	57	1.7531172849151535
ENSG00000184428	chr8:145575133-145575434	495	65919	TRUE	4.876280134715645e-4	-0.43683457398203446	TRUE	660	57	1.730658249736971
ENSG00000187954	chr8:145575133-145575434	276	36102	TRUE	0.0011680477202155141	-0.37946353622234674	TRUE	660	57	0.6038105357459087
ENSG00000170619	chr8:145575133-145575434	306	41076	TRUE	0.003324922663464909	-0.45342043674774696	TRUE	660	57	0.6836776149254664
ENSG00000178896	chr8:145575133-145575434	593	79970	TRUE	1.4951732726774718e-14	-0.7312791574543696	TRUE	660	58	3.7259601862558207
ENSG00000104529	chr8:145575133-145575434	659	92623	TRUE	2.2534148842220943e-13	-0.4758311640031838	TRUE	660	58	27.036844901403168
ENSG00000185122	chr8:145575133-145575434	635	89166	TRUE	3.2398692720191476e-12	-0.46891244446977565	TRUE	660	58	6.356948654645458
ENSG00000160948	chr8:145575133-145575434	660	92435	TRUE	8.062765880225103e-12	-0.43185128350605195	TRUE	660	58	14.774670041772138
ENSG00000179632	chr8:145575133-145575434	550	77034	TRUE	6.686259426102992e-11	-0.5681726907954174	TRUE	660	58	2.585466212485807
ENSG00000185803	chr8:145575133-145575434	544	75701	TRUE	1.298432113740135e-9	-0.5837554858783052	TRUE	660	58	2.5683823452816235
ENSG00000179526	chr8:145575133-145575434	507	68619	TRUE	6.666541424809832e-9	-0.43984573526565324	TRUE	660	58	1.7531172849151535
ENSG00000179950	chr8:145575133-145575434	651	91096	TRUE	8.706631996574195e-8	-0.540138743179027	TRUE	660	58	10.46709793014365
ENSG00000197858	chr8:145575133-145575434	606	84075	TRUE	2.0079875415732385e-7	-0.48021901449521454	TRUE	660	58	4.055293394585248
ENSG00000184428	chr8:145575133-145575434	495	65919	TRUE	4.61137277196278e-7	-0.5348792082833582	TRUE	660	58	1.730658249736971
ENSG00000178719	chr8:145575133-145575434	636	88657	TRUE	5.4655164897191195e-6	-0.4501232707525755	TRUE	660	58	6.4488786107899205
ENSG00000147804	chr8:145575133-145575434	609	84821	TRUE	3.407540121118857e-5	-0.4075004096159056	TRUE	660	58	5.086533954186068
ENSG00000160932	chr8:145575133-145575434	657	91862	TRUE	3.554369664950964e-5	-0.45955280961259515	TRUE	660	58	24.4127212308718
ENSG00000179091	chr8:145575133-145575434	659	91913	TRUE	4.092093288396133e-5	-0.36439364946650477	TRUE	660	58	13.724376803441775
ENSG00000213563	chr8:145575133-145575434	190	29035	TRUE	8.742051891087853e-4	-0.45137637019386667	TRUE	660	58	0.43109680510849296
ENSG00000104522	chr8:145575133-145575434	579	79230	TRUE	0.0012046277814761336	-0.40170084916223936	TRUE	660	58	3.064064502015688
ENSG00000170619	chr8:145575133-145575434	306	41076	TRUE	0.011518949152438188	-0.39777240719783274	TRUE	660	58	0.6836776149254664
ENSG00000187954	chr8:145575133-145575434	276	36102	TRUE	0.024	-0.2701851949373538	TRUE	660	58	0.6038105357459087
ENSG00000179091	chr8:145575133-145575434	659	91913	TRUE	1.2874237438188189e-20	-0.674877031974197	TRUE	660	59	13.724376803441775
ENSG00000104529	chr8:145575133-145575434	659	92623	TRUE	2.2297234492620534e-20	-0.5979047584641117	TRUE	660	59	27.036844901403168
ENSG00000179950	chr8:145575133-145575434	651	91096	TRUE	5.389991841660844e-12	-0.6125228104699745	TRUE	660	59	10.46709793014365
ENSG00000185122	chr8:145575133-145575434	635	89166	TRUE	1.1229185553124674e-11	-0.45298598516263855	TRUE	660	59	6.356948654645458
ENSG00000179526	chr8:145575133-145575434	507	68619	TRUE	4.988559966068229e-10	-0.49543806122897066	TRUE	660	59	1.7531172849151535
ENSG00000160948	chr8:145575133-145575434	660	92435	TRUE	1.4393089354902617e-9	-0.3976530112269123	TRUE	660	59	14.774670041772138
ENSG00000147804	chr8:145575133-145575434	609	84821	TRUE	2.2874839587946026e-8	-0.4811521910319796	TRUE	660	59	5.086533954186068
ENSG00000184428	chr8:145575133-145575434	495	65919	TRUE	4.0582561836078094e-8	-0.5749808667516858	TRUE	660	59	1.730658249736971
ENSG00000185803	chr8:145575133-145575434	544	75701	TRUE	6.556666518835297e-8	-0.546128054520149	TRUE	660	59	2.5683823452816235
ENSG00000104522	chr8:145575133-145575434	579	79230	TRUE	2.4845157840051586e-7	-0.501424239197823	TRUE	660	59	3.064064502015688
ENSG00000178719	chr8:145575133-145575434	636	88657	TRUE	3.698020249589878e-7	-0.4879823180453249	TRUE	660	59	6.4488786107899205
ENSG00000179632	chr8:145575133-145575434	550	77034	TRUE	5.104874418813186e-7	-0.4944675317015802	TRUE	660	59	2.585466212485807
ENSG00000178896	chr8:145575133-145575434	593	79970	TRUE	8.445292046151413e-7	-0.5123615012125082	TRUE	660	59	3.7259601862558207
ENSG00000170619	chr8:145575133-145575434	306	41076	TRUE	1.826334038549579e-4	-0.5325490865322864	TRUE	660	59	0.6836776149254664
ENSG00000197858	chr8:145575133-145575434	606	84075	TRUE	2.530894621481407e-4	-0.3706639287059985	TRUE	660	59	4.055293394585248
ENSG00000160932	chr8:145575133-145575434	657	91862	TRUE	0.0020489947804968878	-0.36340810475681096	TRUE	660	59	24.4127212308718
ENSG00000213563	chr8:145575133-145575434	190	29035	TRUE	0.008064602207705718	-0.35184069664295237	TRUE	660	59	0.43109680510849296
ENSG00000187954	chr8:145575133-145575434	276	36102	TRUE	0.012682988013703517	-0.2967386139786704	TRUE	660	59	0.6038105357459087
ENSG00000160948	chr8:145575133-145575434	660	92435	TRUE	1.7582961459559165e-19	-0.5599893343093187	TRUE	660	60	14.774670041772138
ENSG00000185803	chr8:145575133-145575434	544	75701	TRUE	7.571556420159722e-15	-0.6900293494682346	TRUE	660	60	2.5683823452816235
ENSG00000104529	chr8:145575133-145575434	659	92623	TRUE	1.0946326667270945e-14	-0.5000928938800939	TRUE	660	60	27.036844901403168
ENSG00000179526	chr8:145575133-145575434	507	68619	TRUE	4.8010319344905526e-14	-0.5550475503671259	TRUE	660	60	1.7531172849151535
ENSG00000179091	chr8:145575133-145575434	659	91913	TRUE	2.7934126534550315e-12	-0.5283620155232658	TRUE	660	60	13.724376803441775
ENSG00000104522	chr8:145575133-145575434	579	79230	TRUE	9.209911354438299e-10	-0.5588715781238052	TRUE	660	60	3.064064502015688
ENSG00000179632	chr8:145575133-145575434	550	77034	TRUE	2.391436676494753e-9	-0.5424095947303358	TRUE	660	60	2.585466212485807
ENSG00000179950	chr8:145575133-145575434	651	91096	TRUE	1.6776705246832264e-8	-0.5543279322999597	TRUE	660	60	10.46709793014365
ENSG00000178896	chr8:145575133-145575434	593	79970	TRUE	2.9045711348859378e-8	-0.5489491351212765	TRUE	660	60	3.7259601862558207
ENSG00000185122	chr8:145575133-145575434	635	89166	TRUE	3.607580690853998e-7	-0.3240650450274254	TRUE	660	60	6.356948654645458
ENSG00000147804	chr8:145575133-145575434	609	84821	TRUE	3.645807509879205e-7	-0.4598041844280951	TRUE	660	60	5.086533954186068
ENSG00000178719	chr8:145575133-145575434	636	88657	TRUE	8.494616011472575e-7	-0.474814946073816	TRUE	660	60	6.4488786107899205
ENSG00000197858	chr8:145575133-145575434	606	84075	TRUE	2.6924323362444895e-6	-0.44577545065390733	TRUE	660	60	4.055293394585248
ENSG00000160932	chr8:145575133-145575434	657	91862	TRUE	7.520398852122259e-5	-0.419896792998661	TRUE	660	60	24.4127212308718
ENSG00000184428	chr8:145575133-145575434	495	65919	TRUE	1.6390985546205043e-4	-0.4481245872012593	TRUE	660	60	1.730658249736971
ENSG00000170619	chr8:145575133-145575434	306	41076	TRUE	3.817515050324183e-4	-0.49452564007742	TRUE	660	60	0.6836776149254664
ENSG00000187954	chr8:145575133-145575434	276	36102	TRUE	0.0020723910742972904	-0.33292095028531643	TRUE	660	60	0.6038105357459087
ENSG00000213563	chr8:145575133-145575434	190	29035	TRUE	0.184	-0.22310738252074924	FALSE	660	60	0.43109680510849296
ENSG00000179950	chr8:145575133-145575434	651	91096	TRUE	3.9969222919680856e-12	-0.6428221378463781	TRUE	660	61	10.46709793014365
ENSG00000178719	chr8:145575133-145575434	636	88657	TRUE	1.5348764312327258e-11	-0.5714823137189935	TRUE	660	61	6.4488786107899205
ENSG00000179091	chr8:145575133-145575434	659	91913	TRUE	1.5422184659362524e-11	-0.5152697150438805	TRUE	660	61	13.724376803441775
ENSG00000179526	chr8:145575133-145575434	507	68619	TRUE	5.932295554128651e-11	-0.5075108935295456	TRUE	660	61	1.7531172849151535
ENSG00000179632	chr8:145575133-145575434	550	77034	TRUE	4.72815544087969e-9	-0.5331541016170009	TRUE	660	61	2.585466212485807
ENSG00000197858	chr8:145575133-145575434	606	84075	TRUE	4.175804678139449e-8	-0.494517397547783	TRUE	660	61	4.055293394585248
ENSG00000104522	chr8:145575133-145575434	579	79230	TRUE	6.9742769178048e-8	-0.5298619872907704	TRUE	660	61	3.064064502015688
ENSG00000160948	chr8:145575133-145575434	660	92435	TRUE	4.1547104794815363e-7	-0.34660094675685027	TRUE	660	61	14.774670041772138
ENSG00000184428	chr8:145575133-145575434	495	65919	TRUE	9.431201074070329e-7	-0.5400470766422987	TRUE	660	61	1.730658249736971
ENSG00000104529	chr8:145575133-145575434	659	92623	TRUE	1.3563323712204698e-6	-0.37250683983204613	TRUE	660	61	27.036844901403168
ENSG00000178896	chr8:145575133-145575434	593	79970	TRUE	3.2926382509163195e-6	-0.4774622833725435	TRUE	660	61	3.7259601862558207
ENSG00000185122	chr8:145575133-145575434	635	89166	TRUE	5.570981148479617e-6	-0.3191073252314576	TRUE	660	61	6.356948654645458
ENSG00000160932	chr8:145575133-145575434	657	91862	TRUE	1.0536007812974018e-5	-0.47822085401603776	TRUE	660	61	24.4127212308718
ENSG00000147804	chr8:145575133-145575434	609	84821	TRUE	1.873911873996538e-5	-0.40805284884949433	TRUE	660	61	5.086533954186068
ENSG00000185803	chr8:145575133-145575434	544	75701	TRUE	7.386093360884933e-5	-0.41953363015377976	TRUE	660	61	2.5683823452816235
ENSG00000170619	chr8:145575133-145575434	306	41076	TRUE	0.0020222561148033266	-0.44937360368504514	TRUE	660	61	0.6836776149254664
ENSG00000213563	chr8:145575133-145575434	190	29035	TRUE	0.002269622500673793	-0.3974375630830629	TRUE	660	61	0.43109680510849296
ENSG00000187954	chr8:145575133-145575434	276	36102	TRUE	0.0022973059387816977	-0.3467267498103471	TRUE	660	61	0.6038105357459087
ENSG00000160948	chr8:145575133-145575434	660	92435	TRUE	2.1080437195540178e-20	-0.5536995351239331	TRUE	660	62	14.774670041772138
ENSG00000104522	chr8:145575133-145575434	579	79230	TRUE	1.6021252657316992e-16	-0.7155490445506703	TRUE	660	62	3.064064502015688
ENSG00000104529	chr8:145575133-145575434	659	92623	TRUE	2.395807280320371e-16	-0.5270438845509027	TRUE	660	62	27.036844901403168
ENSG00000178719	chr8:145575133-145575434	636	88657	TRUE	3.073516696983479e-15	-0.6735898452477866	TRUE	660	62	6.4488786107899205
ENSG00000197858	chr8:145575133-145575434	606	84075	TRUE	6.927464837064728e-15	-0.643490120548387	TRUE	660	62	4.055293394585248
ENSG00000178896	chr8:145575133-145575434	593	79970	TRUE	2.475028195582789e-10	-0.5949653451797865	TRUE	660	62	3.7259601862558207
ENSG00000185122	chr8:145575133-145575434	635	89166	TRUE	9.651857210061891e-10	-0.39532372819724726	TRUE	660	62	6.356948654645458
ENSG00000147804	chr8:145575133-145575434	609	84821	TRUE	1.8629256025445243e-9	-0.5075490554389956	TRUE	660	62	5.086533954186068
ENSG00000185803	chr8:145575133-145575434	544	75701	TRUE	2.5054760412161346e-9	-0.5683507928799822	TRUE	660	62	2.5683823452816235
ENSG00000179526	chr8:145575133-145575434	507	68619	TRUE	3.4563542730892604e-9	-0.45646682971613817	TRUE	660	62	1.7531172849151535
ENSG00000179632	chr8:145575133-145575434	550	77034	TRUE	2.5119920377004442e-8	-0.5251039689035315	TRUE	660	62	2.585466212485807
ENSG00000179091	chr8:145575133-145575434	659	91913	TRUE	2.8430865305873826e-8	-0.4583124050740426	TRUE	660	62	13.724376803441775
ENSG00000187954	chr8:145575133-145575434	276	36102	TRUE	2.3792481305307152e-5	-0.4472536257643115	TRUE	660	62	0.6038105357459087
ENSG00000160932	chr8:145575133-145575434	657	91862	TRUE	3.429151163235854e-5	-0.4403272719203457	TRUE	660	62	24.4127212308718
ENSG00000179950	chr8:145575133-145575434	651	91096	TRUE	4.6647114527307264e-5	-0.46069438801501494	TRUE	660	62	10.46709793014365
ENSG00000170619	chr8:145575133-145575434	306	41076	TRUE	0.0050871330003646464	-0.4134540294301023	TRUE	660	62	0.6836776149254664
ENSG00000213563	chr8:145575133-145575434	190	29035	TRUE	0.006037794177677358	-0.3647219879396846	TRUE	660	62	0.43109680510849296
ENSG00000184428	chr8:145575133-145575434	495	65919	TRUE	0.076	-0.3166688711602952	TRUE	660	62	1.730658249736971
ENSG00000197858	chr8:145575133-145575434	606	84075	TRUE	2.0161672781089017e-11	-0.5674595640946172	TRUE	660	63	4.055293394585248
ENSG00000104529	chr8:145575133-145575434	659	92623	TRUE	4.9240653153352214e-11	-0.43458492879121824	TRUE	660	63	27.036844901403168
ENSG00000178896	chr8:145575133-145575434	593	79970	TRUE	4.5110610767283896e-10	-0.581426758638451	TRUE	660	63	3.7259601862558207
ENSG00000179632	chr8:145575133-145575434	550	77034	TRUE	1.2553126134093892e-9	-0.5424095947303358	TRUE	660	63	2.585466212485807
ENSG00000185122	chr8:145575133-145575434	635	89166	TRUE	3.1065605616032734e-9	-0.3927172323827657	TRUE	660	63	6.356948654645458
ENSG00000184428	chr8:145575133-145575434	495	65919	TRUE	7.88239755933985e-9	-0.6053545157952045	TRUE	660	63	1.730658249736971
ENSG00000160948	chr8:145575133-145575434	660	92435	TRUE	8.399763881754399e-9	-0.36123161627071276	TRUE	660	63	14.774670041772138
ENSG00000179526	chr8:145575133-145575434	507	68619	TRUE	2.2118740473789714e-7	-0.38950461647990564	TRUE	660	63	1.7531172849151535
ENSG00000179091	chr8:145575133-145575434	659	91913	TRUE	3.1128769204901005e-6	-0.3872558508069526	TRUE	660	63	13.724376803441775
ENSG00000179950	chr8:145575133-145575434	651	91096	TRUE	8.313065581682527e-6	-0.47544276805892505	TRUE	660	63	10.46709793014365
ENSG00000178719	chr8:145575133-145575434	636	88657	TRUE	1.3616778375189105e-5	-0.43516850144441044	TRUE	660	63	6.4488786107899205
ENSG00000104522	chr8:145575133-145575434	579	79230	TRUE	1.5851129410650918e-5	-0.45705856386182475	TRUE	660	63	3.064064502015688
ENSG00000147804	chr8:145575133-145575434	609	84821	TRUE	2.142615704910436e-5	-0.4025379528339188	TRUE	660	63	5.086533954186068
ENSG00000170619	chr8:145575133-145575434	306	41076	TRUE	9.588292492360932e-5	-0.5282744314319605	TRUE	660	63	0.6836776149254664
ENSG00000213563	chr8:145575133-145575434	190	29035	TRUE	1.0016860737274572e-4	-0.5362652677803796	TRUE	660	63	0.43109680510849296
ENSG00000185803	chr8:145575133-145575434	544	75701	TRUE	1.0763803618337895e-4	-0.4496132462964595	TRUE	660	63	2.5683823452816235
ENSG00000187954	chr8:145575133-145575434	276	36102	TRUE	0.0012252640523936244	-0.3747411259799437	TRUE	660	63	0.6038105357459087
ENSG00000160932	chr8:145575133-145575434	657	91862	TRUE	0.001830390674402202	-0.3330142477777116	TRUE	660	63	24.4127212308718
ENSG00000179091	chr8:145575133-145575434	659	91913	TRUE	2.6333647765210457e-14	-0.5530932514137299	TRUE	660	64	13.724376803441775
ENSG00000160932	chr8:145575133-145575434	657	91862	TRUE	3.7881862361875077e-10	-0.5911814061028089	TRUE	660	64	24.4127212308718
ENSG00000178896	chr8:145575133-145575434	593	79970	TRUE	4.6231970290923005e-9	-0.5663461853558114	TRUE	660	64	3.7259601862558207
ENSG00000160948	chr8:145575133-145575434	660	92435	TRUE	6.34130605632003e-9	-0.3733297587885831	TRUE	660	64	14.774670041772138
ENSG00000185122	chr8:145575133-145575434	635	89166	TRUE	8.987564633304122e-9	-0.4018606448675852	TRUE	660	64	6.356948654645458
ENSG00000178719	chr8:145575133-145575434	636	88657	TRUE	3.5545973941955404e-8	-0.5017160456692333	TRUE	660	64	6.4488786107899205
ENSG00000185803	chr8:145575133-145575434	544	75701	TRUE	5.788555279659553e-8	-0.5265306171853551	TRUE	660	64	2.5683823452816235
ENSG00000104522	chr8:145575133-145575434	579	79230	TRUE	4.3434543755275145e-7	-0.4986110533063304	TRUE	660	64	3.064064502015688
ENSG00000147804	chr8:145575133-145575434	609	84821	TRUE	3.62466174945572e-6	-0.43313413607265394	TRUE	660	64	5.086533954186068
ENSG00000179950	chr8:145575133-145575434	651	91096	TRUE	8.639173088128204e-6	-0.48127827719172167	TRUE	660	64	10.46709793014365
ENSG00000197858	chr8:145575133-145575434	606	84075	TRUE	1.0859068631724651e-5	-0.41553204596799986	TRUE	660	64	4.055293394585248
ENSG00000179526	chr8:145575133-145575434	507	68619	TRUE	1.8889550575633494e-5	-0.3316326661665565	TRUE	660	64	1.7531172849151535
ENSG00000184428	chr8:145575133-145575434	495	65919	TRUE	1.0421429968819791e-4	-0.46768685357977735	TRUE	660	64	1.730658249736971
ENSG00000179632	chr8:145575133-145575434	550	77034	TRUE	1.3502089600455052e-4	-0.39890426563572023	TRUE	660	64	2.585466212485807
ENSG00000213563	chr8:145575133-145575434	190	29035	TRUE	9.240900923077056e-4	-0.4241549014588424	TRUE	660	64	0.43109680510849296
ENSG00000170619	chr8:145575133-145575434	306	41076	TRUE	0.001277673207765239	-0.47794275588181606	TRUE	660	64	0.6836776149254664
ENSG00000104529	chr8:145575133-145575434	659	92623	TRUE	0.003240575068823748	-0.27518000317815083	TRUE	660	64	27.036844901403168
ENSG00000187954	chr8:145575133-145575434	276	36102	TRUE	0.024	-0.2614415618653778	TRUE	660	64	0.6038105357459087
ENSG00000104529	chr8:145575133-145575434	659	92623	TRUE	1.5891849454710164e-28	-0.6860365651214559	TRUE	660	65	27.036844901403168
ENSG00000185122	chr8:145575133-145575434	635	89166	TRUE	4.3326330657985867e-13	-0.49336939899151044	TRUE	660	65	6.356948654645458
ENSG00000179950	chr8:145575133-145575434	651	91096	TRUE	4.540411448958665e-13	-0.6324547127918465	TRUE	660	65	10.46709793014365
ENSG00000160948	chr8:145575133-145575434	660	92435	TRUE	4.265767450102424e-10	-0.3938423561142952	TRUE	660	65	14.774670041772138
ENSG00000179091	chr8:145575133-145575434	659	91913	TRUE	9.647336488658874e-9	-0.46256563645908644	TRUE	660	65	13.724376803441775
ENSG00000185803	chr8:145575133-145575434	544	75701	TRUE	1.0225711908691982e-8	-0.5542756076682593	TRUE	660	65	2.5683823452816235
ENSG00000179632	chr8:145575133-145575434	550	77034	TRUE	2.0740096077016725e-8	-0.5193812519952685	TRUE	660	65	2.585466212485807
ENSG00000178719	chr8:145575133-145575434	636	88657	TRUE	2.146269669731386e-8	-0.5151324012613041	TRUE	660	65	6.4488786107899205
ENSG00000160932	chr8:145575133-145575434	657	91862	TRUE	2.3092223525793092e-7	-0.5129464225754052	TRUE	660	65	24.4127212308718
ENSG00000178896	chr8:145575133-145575434	593	79970	TRUE	3.3370371412412125e-7	-0.5350178620319916	TRUE	660	65	3.7259601862558207
ENSG00000197858	chr8:145575133-145575434	606	84075	TRUE	1.970175153342274e-5	-0.41145663353788264	TRUE	660	65	4.055293394585248
ENSG00000184428	chr8:145575133-145575434	495	65919	TRUE	3.636766866306311e-5	-0.46768685357977735	TRUE	660	65	1.730658249736971
ENSG00000179526	chr8:145575133-145575434	507	68619	TRUE	5.9935494265127634e-5	-0.317899875676783	TRUE	660	65	1.7531172849151535
ENSG00000104522	chr8:145575133-145575434	579	79230	TRUE	6.235660625874759e-4	-0.40960604724758554	TRUE	660	65	3.064064502015688
ENSG00000170619	chr8:145575133-145575434	306	41076	TRUE	8.846581927212252e-4	-0.5113013528282468	TRUE	660	65	0.6836776149254664
ENSG00000147804	chr8:145575133-145575434	609	84821	TRUE	8.952758887467577e-4	-0.3485183499126574	TRUE	660	65	5.086533954186068
ENSG00000213563	chr8:145575133-145575434	190	29035	TRUE	0.0012574044902521064	-0.40407065541551	TRUE	660	65	0.43109680510849296
ENSG00000187954	chr8:145575133-145575434	276	36102	TRUE	0.036	-0.24842467619854303	TRUE	660	65	0.6038105357459087
ENSG00000179950	chr8:145575133-145575434	651	91096	TRUE	2.0696001772528636e-12	-0.6250947588595577	TRUE	660	66	10.46709793014365
ENSG00000104529	chr8:145575133-145575434	659	92623	TRUE	8.758459179319418e-12	-0.4387588368415294	TRUE	660	66	27.036844901403168
ENSG00000160948	chr8:145575133-145575434	660	92435	TRUE	9.029267078418108e-12	-0.4188856483049985	TRUE	660	66	14.774670041772138
ENSG00000160932	chr8:145575133-145575434	657	91862	TRUE	1.5058807128511247e-9	-0.5362055107290731	TRUE	660	66	24.4127212308718
ENSG00000104522	chr8:145575133-145575434	579	79230	TRUE	7.56294276294309e-9	-0.5510784732004661	TRUE	660	66	3.064064502015688
ENSG00000179091	chr8:145575133-145575434	659	91913	TRUE	9.864789237457817e-9	-0.4666178537401966	TRUE	660	66	13.724376803441775
ENSG00000147804	chr8:145575133-145575434	609	84821	TRUE	3.6360656336959646e-8	-0.473037372300088	TRUE	660	66	5.086533954186068
ENSG00000197858	chr8:145575133-145575434	606	84075	TRUE	4.7451335278192366e-7	-0.4402292831665289	TRUE	660	66	4.055293394585248
ENSG00000185122	chr8:145575133-145575434	635	89166	TRUE	1.1520542748946153e-6	-0.3348655766290234	TRUE	660	66	6.356948654645458
ENSG00000178896	chr8:145575133-145575434	593	79970	TRUE	3.6164510946036336e-6	-0.4758958390917367	TRUE	660	66	3.7259601862558207
ENSG00000184428	chr8:145575133-145575434	495	65919	TRUE	8.181529446558652e-6	-0.5143908870372189	TRUE	660	66	1.730658249736971
ENSG00000185803	chr8:145575133-145575434	544	75701	TRUE	1.0615257953324343e-5	-0.4539619912347099	TRUE	660	66	2.5683823452816235
ENSG00000178719	chr8:145575133-145575434	636	88657	TRUE	2.352801305629962e-5	-0.4174250298486104	TRUE	660	66	6.4488786107899205
ENSG00000179526	chr8:145575133-145575434	507	68619	TRUE	1.2078248064201387e-4	-0.29082034162049886	TRUE	660	66	1.7531172849151535
ENSG00000179632	chr8:145575133-145575434	550	77034	TRUE	5.0869468870611e-4	-0.36669295547825986	TRUE	660	66	2.585466212485807
ENSG00000170619	chr8:145575133-145575434	306	41076	TRUE	5.436535515759341e-4	-0.49452564007742	TRUE	660	66	0.6836776149254664
ENSG00000187954	chr8:145575133-145575434	276	36102	TRUE	0.0019189783341308914	-0.3513581985419928	TRUE	660	66	0.6038105357459087
ENSG00000213563	chr8:145575133-145575434	190	29035	TRUE	0.005642600591214714	-0.3777193284685578	TRUE	660	66	0.43109680510849296
ENSG00000160948	chr8:145575133-145575434	660	92435	TRUE	3.8495795742123497e-11	-0.4190700536277894	TRUE	660	67	14.774670041772138
ENSG00000178719	chr8:145575133-145575434	636	88657	TRUE	6.01543908395221e-10	-0.543261308851664	TRUE	660	67	6.4488786107899205
ENSG00000104529	chr8:145575133-145575434	659	92623	TRUE	1.4173512193989453e-9	-0.4162012523709624	TRUE	660	67	27.036844901403168
ENSG00000179526	chr8:145575133-145575434	507	68619	TRUE	6.970387471102129e-8	-0.42014993392473354	TRUE	660	67	1.7531172849151535
ENSG00000185122	chr8:145575133-145575434	635	89166	TRUE	2.2188445168833029e-7	-0.33695190387748974	TRUE	660	67	6.356948654645458
ENSG00000184428	chr8:145575133-145575434	495	65919	TRUE	3.7648545041406196e-7	-0.5626575883015557	TRUE	660	67	1.730658249736971
ENSG00000179950	chr8:145575133-145575434	651	91096	TRUE	5.543575941792519e-7	-0.50945943168509	TRUE	660	67	10.46709793014365
ENSG00000179091	chr8:145575133-145575434	659	91913	TRUE	8.531237225688519e-7	-0.41748757659570934	TRUE	660	67	13.724376803441775
ENSG00000185803	chr8:145575133-145575434	544	75701	TRUE	6.428951817126743e-6	-0.4903482808787091	TRUE	660	67	2.5683823452816235
ENSG00000179632	chr8:145575133-145575434	550	77034	TRUE	8.680290916825492e-6	-0.4491551156702329	TRUE	660	67	2.585466212485807
ENSG00000197858	chr8:145575133-145575434	606	84075	TRUE	1.198448584540518e-5	-0.408069228739379	TRUE	660	67	4.055293394585248
ENSG00000213563	chr8:145575133-145575434	190	29035	TRUE	3.366728600218572e-4	-0.48614178835454336	TRUE	660	67	0.43109680510849296
ENSG00000178896	chr8:145575133-145575434	593	79970	TRUE	4.0367051752714794e-4	-0.4145931473825528	TRUE	660	67	3.7259601862558207
ENSG00000170619	chr8:145575133-145575434	306	41076	TRUE	0.0010859043462074416	-0.4574786533221005	TRUE	660	67	0.6836776149254664
ENSG00000160932	chr8:145575133-145575434	657	91862	TRUE	0.0011638289037906036	-0.3692398016118599	TRUE	660	67	24.4127212308718
ENSG00000187954	chr8:145575133-145575434	276	36102	TRUE	0.0017408673082360965	-0.3747411259799437	TRUE	660	67	0.6038105357459087
ENSG00000147804	chr8:145575133-145575434	609	84821	TRUE	0.002098433762138214	-0.32537582604026705	TRUE	660	67	5.086533954186068
ENSG00000104522	chr8:145575133-145575434	579	79230	TRUE	0.02486239356996689	-0.3299356795219557	TRUE	660	67	3.064064502015688
ENSG00000104529	chr8:145575133-145575434	659	92623	TRUE	1.8189316940583362e-17	-0.5485550435682551	TRUE	660	68	27.036844901403168
ENSG00000160948	chr8:145575133-145575434	660	92435	TRUE	3.2673626147377233e-15	-0.5082628420539361	TRUE	660	68	14.774670041772138
ENSG00000179091	chr8:145575133-145575434	659	91913	TRUE	4.0200471403193365e-15	-0.5665349605590411	TRUE	660	68	13.724376803441775
ENSG00000178896	chr8:145575133-145575434	593	79970	TRUE	4.583503097722198e-13	-0.6825875973112172	TRUE	660	68	3.7259601862558207
ENSG00000179950	chr8:145575133-145575434	651	91096	TRUE	6.285997109026028e-9	-0.5379255959900573	TRUE	660	68	10.46709793014365
ENSG00000184428	chr8:145575133-145575434	495	65919	TRUE	1.9154095598969807e-8	-0.6053545157952045	TRUE	660	68	1.730658249736971
ENSG00000147804	chr8:145575133-145575434	609	84821	TRUE	6.94833310060709e-8	-0.4869765632579617	TRUE	660	68	5.086533954186068
ENSG00000197858	chr8:145575133-145575434	606	84075	TRUE	2.2795393831487917e-7	-0.4738306865326669	TRUE	660	68	4.055293394585248
ENSG00000178719	chr8:145575133-145575434	636	88657	TRUE	3.0749721878666056e-7	-0.48357982747336115	TRUE	660	68	6.4488786107899205
ENSG00000213563	chr8:145575133-145575434	190	29035	TRUE	5.414774939163213e-7	-0.6499220495759468	TRUE	660	68	0.43109680510849296
ENSG00000185803	chr8:145575133-145575434	544	75701	TRUE	1.7659222688195088e-6	-0.4870022529987177	TRUE	660	68	2.5683823452816235
ENSG00000104522	chr8:145575133-145575434	579	79230	TRUE	5.475805041604137e-6	-0.47169605192049646	TRUE	660	68	3.064064502015688
ENSG00000187954	chr8:145575133-145575434	276	36102	TRUE	6.361442167262523e-6	-0.513187895949088	TRUE	660	68	0.6038105357459087
ENSG00000179632	chr8:145575133-145575434	550	77034	TRUE	1.5443610863321157e-5	-0.4275574811725036	TRUE	660	68	2.585466212485807
ENSG00000179526	chr8:145575133-145575434	507	68619	TRUE	6.920047580713604e-5	-0.3133511749851514	TRUE	660	68	1.7531172849151535
ENSG00000170619	chr8:145575133-145575434	306	41076	TRUE	1.429107544722464e-4	-0.5197629315764432	TRUE	660	68	0.6836776149254664
ENSG00000185122	chr8:145575133-145575434	635	89166	TRUE	2.891084395415019e-4	-0.2905219992328054	TRUE	660	68	6.356948654645458
ENSG00000160932	chr8:145575133-145575434	657	91862	TRUE	0.004294442082503763	-0.34957151230005046	TRUE	660	68	24.4127212308718
ENSG00000179091	chr8:145575133-145575434	659	91913	TRUE	1.0761099178026501e-14	-0.5610520274383957	TRUE	660	69	13.724376803441775
ENSG00000104529	chr8:145575133-145575434	659	92623	TRUE	3.028918838227193e-14	-0.49351250341374	TRUE	660	69	27.036844901403168
ENSG00000104522	chr8:145575133-145575434	579	79230	TRUE	1.3177061710782267e-12	-0.6371454417238409	TRUE	660	69	3.064064502015688
ENSG00000185803	chr8:145575133-145575434	544	75701	TRUE	7.163064973849625e-12	-0.6495654864651441	TRUE	660	69	2.5683823452816235
ENSG00000179526	chr8:145575133-145575434	507	68619	TRUE	2.5906112292116864e-11	-0.5109789121247488	TRUE	660	69	1.7531172849151535
ENSG00000179950	chr8:145575133-145575434	651	91096	TRUE	6.914767839894717e-11	-0.5960247638282321	TRUE	660	69	10.46709793014365
ENSG00000178719	chr8:145575133-145575434	636	88657	TRUE	2.5138557240081303e-9	-0.543261308851664	TRUE	660	69	6.4488786107899205
ENSG00000160948	chr8:145575133-145575434	660	92435	TRUE	6.234951357992847e-9	-0.38085314208047194	TRUE	660	69	14.774670041772138
ENSG00000184428	chr8:145575133-145575434	495	65919	TRUE	4.247150220064959e-8	-0.5820702915380053	TRUE	660	69	1.730658249736971
ENSG00000178896	chr8:145575133-145575434	593	79970	TRUE	1.0336196394596038e-7	-0.543196427250489	TRUE	660	69	3.7259601862558207
ENSG00000147804	chr8:145575133-145575434	609	84821	TRUE	2.574446944256781e-7	-0.46152338428304707	TRUE	660	69	5.086533954186068
ENSG00000185122	chr8:145575133-145575434	635	89166	TRUE	8.955332688625507e-7	-0.3145776667509437	TRUE	660	69	6.356948654645458
ENSG00000197858	chr8:145575133-145575434	606	84075	TRUE	1.1324314661905637e-6	-0.4388460663387199	TRUE	660	69	4.055293394585248
ENSG00000179632	chr8:145575133-145575434	550	77034	TRUE	4.032067843109336e-6	-0.443725319870929	TRUE	660	69	2.585466212485807
ENSG00000160932	chr8:145575133-145575434	657	91862	TRUE	1.9395955117454747e-4	-0.38304872266765244	TRUE	660	69	24.4127212308718
ENSG00000187954	chr8:145575133-145575434	276	36102	TRUE	3.218863264590737e-4	-0.3985092919128933	TRUE	660	69	0.6038105357459087
ENSG00000170619	chr8:145575133-145575434	306	41076	TRUE	0.001198724046676045	-0.4697222490768475	TRUE	660	69	0.6836776149254664
ENSG00000213563	chr8:145575133-145575434	190	29035	TRUE	0.0034420721679449956	-0.38426217433532983	TRUE	660	69	0.43109680510849296
ENSG00000104529	chr8:145575133-145575434	659	92623	TRUE	1.2051114934946255e-17	-0.5401089051584789	TRUE	660	70	27.036844901403168
ENSG00000147804	chr8:145575133-145575434	609	84821	TRUE	1.3884606706266496e-13	-0.6291565742173697	TRUE	660	70	5.086533954186068
ENSG00000197858	chr8:145575133-145575434	606	84075	TRUE	1.664396996402484e-12	-0.5826539651101852	TRUE	660	70	4.055293394585248
ENSG00000179091	chr8:145575133-145575434	659	91913	TRUE	5.10482227151311e-12	-0.5097577688537847	TRUE	660	70	13.724376803441775
ENSG00000185803	chr8:145575133-145575434	544	75701	TRUE	7.801576315739952e-12	-0.6297513375441255	TRUE	660	70	2.5683823452816235
ENSG00000179950	chr8:145575133-145575434	651	91096	TRUE	1.693658498136045e-11	-0.6049739763697395	TRUE	660	70	10.46709793014365
ENSG00000160948	chr8:145575133-145575434	660	92435	TRUE	1.3119636886621154e-10	-0.4140993645908808	TRUE	660	70	14.774670041772138
ENSG00000179526	chr8:145575133-145575434	507	68619	TRUE	6.237600364641818e-10	-0.48006283534205474	TRUE	660	70	1.7531172849151535
ENSG00000178719	chr8:145575133-145575434	636	88657	TRUE	1.1872741003906466e-9	-0.5405150611171625	TRUE	660	70	6.4488786107899205
ENSG00000185122	chr8:145575133-145575434	635	89166	TRUE	2.117841467233722e-9	-0.40623510255776285	TRUE	660	70	6.356948654645458
ENSG00000170619	chr8:145575133-145575434	306	41076	TRUE	3.3080426136539685e-9	-0.7294815228777805	TRUE	660	70	0.6836776149254664
ENSG00000179632	chr8:145575133-145575434	550	77034	TRUE	4.620892309295673e-9	-0.5308494764609603	TRUE	660	70	2.585466212485807
ENSG00000178896	chr8:145575133-145575434	593	79970	TRUE	4.784099984785452e-9	-0.5613541560120572	TRUE	660	70	3.7259601862558207
ENSG00000104522	chr8:145575133-145575434	579	79230	TRUE	1.737348770370576e-8	-0.5394671828301776	TRUE	660	70	3.064064502015688
ENSG00000160932	chr8:145575133-145575434	657	91862	TRUE	1.2839557378050565e-5	-0.47892124809447	TRUE	660	70	24.4127212308718
ENSG00000213563	chr8:145575133-145575434	190	29035	TRUE	3.964378324885652e-5	-0.5435700684036131	TRUE	660	70	0.43109680510849296
ENSG00000184428	chr8:145575133-145575434	495	65919	TRUE	1.6906752148328381e-4	-0.4497446828694214	TRUE	660	70	1.730658249736971
ENSG00000187954	chr8:145575133-145575434	276	36102	TRUE	0.0011939069518975554	-0.3560045633983576	TRUE	660	70	0.6038105357459087
ENSG00000179950	chr8:145575133-145575434	651	91096	TRUE	1.5348057577140832e-22	-0.8059998445169025	TRUE	660	71	10.46709793014365
ENSG00000160948	chr8:145575133-145575434	660	92435	TRUE	7.467515906292549e-17	-0.5260278159663176	TRUE	660	71	14.774670041772138
ENSG00000179632	chr8:145575133-145575434	550	77034	TRUE	2.951112695838751e-12	-0.5992252729147098	TRUE	660	71	2.585466212485807
ENSG00000179091	chr8:145575133-145575434	659	91913	TRUE	6.546389892682404e-12	-0.5254670488141815	TRUE	660	71	13.724376803441775
ENSG00000197858	chr8:145575133-145575434	606	84075	TRUE	2.471502781562532e-10	-0.5554182210289289	TRUE	660	71	4.055293394585248
ENSG00000160932	chr8:145575133-145575434	657	91862	TRUE	4.883802277909024e-10	-0.5973789395894755	TRUE	660	71	24.4127212308718
ENSG00000104522	chr8:145575133-145575434	579	79230	TRUE	6.655639671841114e-10	-0.580522251092948	TRUE	660	71	3.064064502015688
ENSG00000184428	chr8:145575133-145575434	495	65919	TRUE	5.842909339858122e-9	-0.5927701801952141	TRUE	660	71	1.730658249736971
ENSG00000178896	chr8:145575133-145575434	593	79970	TRUE	2.9816059363441545e-8	-0.55389835109301	TRUE	660	71	3.7259601862558207
ENSG00000104529	chr8:145575133-145575434	659	92623	TRUE	4.752228518113569e-7	-0.38149318870822135	TRUE	660	71	27.036844901403168
ENSG00000185803	chr8:145575133-145575434	544	75701	TRUE	1.169617529390445e-6	-0.5128556802882785	TRUE	660	71	2.5683823452816235
ENSG00000185122	chr8:145575133-145575434	635	89166	TRUE	1.5315748418148105e-6	-0.3436484986263193	TRUE	660	71	6.356948654645458
ENSG00000178719	chr8:145575133-145575434	636	88657	TRUE	1.5824887646330953e-6	-0.47962903986272476	TRUE	660	71	6.4488786107899205
ENSG00000213563	chr8:145575133-145575434	190	29035	TRUE	5.456914329018741e-5	-0.550912043744781	TRUE	660	71	0.43109680510849296
ENSG00000170619	chr8:145575133-145575434	306	41076	TRUE	7.748837232062454e-5	-0.5325490865322864	TRUE	660	71	0.6836776149254664
ENSG00000187954	chr8:145575133-145575434	276	36102	TRUE	8.802220389697021e-4	-0.38895498519964444	TRUE	660	71	0.6038105357459087
ENSG00000179526	chr8:145575133-145575434	507	68619	TRUE	0.0016691192337070677	-0.26423974251718185	TRUE	660	71	1.7531172849151535
ENSG00000147804	chr8:145575133-145575434	609	84821	TRUE	0.0021995012235703285	-0.3337483996493833	TRUE	660	71	5.086533954186068
ENSG00000160948	chr8:145575133-145575434	660	92435	TRUE	5.504717496538669e-16	-0.49245927631745134	TRUE	660	72	14.774670041772138
ENSG00000185803	chr8:145575133-145575434	544	75701	TRUE	6.7445121107484214e-9	-0.5861401063235104	TRUE	660	72	2.5683823452816235
ENSG00000185122	chr8:145575133-145575434	635	89166	TRUE	1.7139465361185567e-8	-0.370322710445925	TRUE	660	72	6.356948654645458
ENSG00000104522	chr8:145575133-145575434	579	79230	TRUE	2.9515410671018748e-8	-0.536578903505351	TRUE	660	72	3.064064502015688
ENSG00000179950	chr8:145575133-145575434	651	91096	TRUE	5.071351933164624e-8	-0.5321321861857635	TRUE	660	72	10.46709793014365
ENSG00000147804	chr8:145575133-145575434	609	84821	TRUE	1.0770234372526812e-7	-0.4649679423242019	TRUE	660	72	5.086533954186068
ENSG00000179091	chr8:145575133-145575434	659	91913	TRUE	1.9085877230078574e-7	-0.422450270464628	TRUE	660	72	13.724376803441775
ENSG00000160932	chr8:145575133-145575434	657	91862	TRUE	4.658925064905369e-7	-0.4844194641084165	TRUE	660	72	24.4127212308718
ENSG00000178719	chr8:145575133-145575434	636	88657	TRUE	3.2705042081503707e-6	-0.4454064749178528	TRUE	660	72	6.4488786107899205
ENSG00000178896	chr8:145575133-145575434	593	79970	TRUE	1.5791355936787752e-4	-0.41084685849248825	TRUE	660	72	3.7259601862558207
ENSG00000104529	chr8:145575133-145575434	659	92623	TRUE	2.569230696795495e-4	-0.3115891893466971	TRUE	660	72	27.036844901403168
ENSG00000179632	chr8:145575133-145575434	550	77034	TRUE	3.351423429625005e-4	-0.3739038703733575	TRUE	660	72	2.585466212485807
ENSG00000184428	chr8:145575133-145575434	495	65919	TRUE	4.710150702591292e-4	-0.4384420338039201	TRUE	660	72	1.730658249736971
ENSG00000170619	chr8:145575133-145575434	306	41076	TRUE	4.8621130305837295e-4	-0.4987013160486135	TRUE	660	72	0.6836776149254664
ENSG00000179526	chr8:145575133-145575434	507	68619	TRUE	8.170085518327784e-4	-0.2701043645804003	TRUE	660	72	1.7531172849151535
ENSG00000213563	chr8:145575133-145575434	190	29035	TRUE	0.001286933448039894	-0.4377014332967899	TRUE	660	72	0.43109680510849296
ENSG00000197858	chr8:145575133-145575434	606	84075	TRUE	0.01520268979410419	-0.292383815195135	TRUE	660	72	4.055293394585248
ENSG00000187954	chr8:145575133-145575434	276	36102	TRUE	0.984	-0.054700140636846806	FALSE	660	72	0.6038105357459087
ENSG00000179950	chr8:145575133-145575434	651	91096	TRUE	3.4669733044630235e-13	-0.6195261982077369	TRUE	660	73	10.46709793014365
ENSG00000178719	chr8:145575133-145575434	636	88657	TRUE	5.0861933408023914e-12	-0.5959832755716077	TRUE	660	73	6.4488786107899205
ENSG00000179091	chr8:145575133-145575434	659	91913	TRUE	1.7034775348531662e-9	-0.4741123902871207	TRUE	660	73	13.724376803441775
ENSG00000197858	chr8:145575133-145575434	606	84075	TRUE	7.165817125604163e-8	-0.47595698764105476	TRUE	660	73	4.055293394585248
ENSG00000184428	chr8:145575133-145575434	495	65919	TRUE	3.734131373513876e-7	-0.5452335233576338	TRUE	660	73	1.730658249736971
ENSG00000104522	chr8:145575133-145575434	579	79230	TRUE	9.038421874578081e-7	-0.48369934390240243	TRUE	660	73	3.064064502015688
ENSG00000104529	chr8:145575133-145575434	659	92623	TRUE	1.1834629839524782e-6	-0.3695885695883474	TRUE	660	73	27.036844901403168
ENSG00000147804	chr8:145575133-145575434	609	84821	TRUE	2.3769042647734176e-6	-0.4342590445435952	TRUE	660	73	5.086533954186068
ENSG00000160948	chr8:145575133-145575434	660	92435	TRUE	2.3788717143386623e-6	-0.31348590125862863	TRUE	660	73	14.774670041772138
ENSG00000185122	chr8:145575133-145575434	635	89166	TRUE	6.514669607387332e-6	-0.3158116183935724	TRUE	660	73	6.356948654645458
ENSG00000179526	chr8:145575133-145575434	507	68619	TRUE	2.017184888188084e-5	-0.32398720555569804	TRUE	660	73	1.7531172849151535
ENSG00000170619	chr8:145575133-145575434	306	41076	TRUE	4.36697405278106e-5	-0.5628316534683291	TRUE	660	73	0.6836776149254664
ENSG00000179632	chr8:145575133-145575434	550	77034	TRUE	3.028447026386383e-4	-0.3832283232045599	TRUE	660	73	2.585466212485807
ENSG00000185803	chr8:145575133-145575434	544	75701	TRUE	7.971956736192824e-4	-0.4005227322732494	TRUE	660	73	2.5683823452816235
ENSG00000160932	chr8:145575133-145575434	657	91862	TRUE	0.0010500380729754344	-0.399972670268836	TRUE	660	73	24.4127212308718
ENSG00000178896	chr8:145575133-145575434	593	79970	TRUE	0.0014817013148255703	-0.37756095399889134	TRUE	660	73	3.7259601862558207
ENSG00000187954	chr8:145575133-145575434	276	36102	TRUE	0.044	-0.23981154589383524	TRUE	660	73	0.6038105357459087
ENSG00000213563	chr8:145575133-145575434	190	29035	TRUE	0.14	-0.2289839488574188	FALSE	660	73	0.43109680510849296
ENSG00000104529	chr8:145575133-145575434	659	92623	TRUE	8.441824828634426e-19	-0.5293217389287452	TRUE	660	74	27.036844901403168
ENSG00000178719	chr8:145575133-145575434	636	88657	TRUE	8.878878063974563e-11	-0.565886850825474	TRUE	660	74	6.4488786107899205
ENSG00000179526	chr8:145575133-145575434	507	68619	TRUE	3.248312087790039e-10	-0.4749739586692549	TRUE	660	74	1.7531172849151535
ENSG00000160948	chr8:145575133-145575434	660	92435	TRUE	3.087342388279112e-9	-0.36976093806730415	TRUE	660	74	14.774670041772138
ENSG00000179091	chr8:145575133-145575434	659	91913	TRUE	9.978664942278002e-9	-0.44373426860965903	TRUE	660	74	13.724376803441775
ENSG00000179632	chr8:145575133-145575434	550	77034	TRUE	1.8040154226678137e-8	-0.5296985429807819	TRUE	660	74	2.585466212485807
ENSG00000197858	chr8:145575133-145575434	606	84075	TRUE	1.9939838040347038e-8	-0.5009981947539273	TRUE	660	74	4.055293394585248
ENSG00000185122	chr8:145575133-145575434	635	89166	TRUE	4.005845783826723e-8	-0.3686143679835636	TRUE	660	74	6.356948654645458
ENSG00000184428	chr8:145575133-145575434	495	65919	TRUE	4.11066250150934e-8	-0.5874103162932038	TRUE	660	74	1.730658249736971
ENSG00000179950	chr8:145575133-145575434	651	91096	TRUE	4.5079316215877925e-8	-0.535163927763735	TRUE	660	74	10.46709793014365
ENSG00000185803	chr8:145575133-145575434	544	75701	TRUE	1.1615254197759836e-7	-0.5449678654420315	TRUE	660	74	2.5683823452816235
ENSG00000187954	chr8:145575133-145575434	276	36102	TRUE	9.190440616738474e-7	-0.5446661274222561	TRUE	660	74	0.6038105357459087
ENSG00000160932	chr8:145575133-145575434	657	91862	TRUE	3.749604735162927e-6	-0.4582861259338431	TRUE	660	74	24.4127212308718
ENSG00000104522	chr8:145575133-145575434	579	79230	TRUE	5.466262234316867e-6	-0.47814695074661495	TRUE	660	74	3.064064502015688
ENSG00000170619	chr8:145575133-145575434	306	41076	TRUE	1.0336117678157804e-5	-0.5937635130202199	TRUE	660	74	0.6836776149254664
ENSG00000147804	chr8:145575133-145575434	609	84821	TRUE	1.2433727197483932e-5	-0.39978839026944923	TRUE	660	74	5.086533954186068
ENSG00000178896	chr8:145575133-145575434	593	79970	TRUE	1.2472801816280823e-5	-0.4342322313109743	TRUE	660	74	3.7259601862558207
ENSG00000213563	chr8:145575133-145575434	190	29035	TRUE	0.001650434902087378	-0.40407065541551	TRUE	660	74	0.43109680510849296
ENSG00000197858	chr8:145575133-145575434	606	84075	TRUE	1.5846496225555657e-18	-0.7020187341919679	TRUE	660	75	4.055293394585248
ENSG00000104529	chr8:145575133-145575434	659	92623	TRUE	3.026096687011197e-17	-0.5407652723403604	TRUE	660	75	27.036844901403168
ENSG00000179091	chr8:145575133-145575434	659	91913	TRUE	6.501374139321005e-16	-0.579179169811264	TRUE	660	75	13.724376803441775
ENSG00000178719	chr8:145575133-145575434	636	88657	TRUE	8.33286899248396e-13	-0.5978853128159822	TRUE	660	75	6.4488786107899205
ENSG00000178896	chr8:145575133-145575434	593	79970	TRUE	1.1033693492767045e-11	-0.6646322312487882	TRUE	660	75	3.7259601862558207
ENSG00000185122	chr8:145575133-145575434	635	89166	TRUE	4.734542638945039e-10	-0.4265302298670224	TRUE	660	75	6.356948654645458
ENSG00000179950	chr8:145575133-145575434	651	91096	TRUE	2.9568798221031024e-9	-0.5661188505711294	TRUE	660	75	10.46709793014365
ENSG00000185803	chr8:145575133-145575434	544	75701	TRUE	3.968512044824564e-9	-0.5813748004521236	TRUE	660	75	2.5683823452816235
ENSG00000170619	chr8:145575133-145575434	306	41076	TRUE	1.2055087767056608e-8	-0.719700502085195	TRUE	660	75	0.6836776149254664
ENSG00000179526	chr8:145575133-145575434	507	68619	TRUE	3.314074096031315e-7	-0.3847248383665708	TRUE	660	75	1.7531172849151535
ENSG00000160948	chr8:145575133-145575434	660	92435	TRUE	6.795692232934919e-7	-0.3312492706328598	TRUE	660	75	14.774670041772138
ENSG00000184428	chr8:145575133-145575434	495	65919	TRUE	3.82436165557872e-5	-0.4825346179870908	TRUE	660	75	1.730658249736971
ENSG00000160932	chr8:145575133-145575434	657	91862	TRUE	4.441571523777603e-5	-0.47239742219338865	TRUE	660	75	24.4127212308718
ENSG00000179632	chr8:145575133-145575434	550	77034	TRUE	1.0875089896628283e-4	-0.38947827539456226	TRUE	660	75	2.585466212485807
ENSG00000104522	chr8:145575133-145575434	579	79230	TRUE	4.925892305416395e-4	-0.39383873138926884	TRUE	660	75	3.064064502015688
ENSG00000147804	chr8:145575133-145575434	609	84821	TRUE	6.099858554868241e-4	-0.35329812802599214	TRUE	660	75	5.086533954186068
ENSG00000213563	chr8:145575133-145575434	190	29035	TRUE	0.032	-0.28910494129498954	TRUE	660	75	0.43109680510849296
ENSG00000187954	chr8:145575133-145575434	276	36102	TRUE	0.124	-0.19750074103587056	FALSE	660	75	0.6038105357459087
ENSG00000160948	chr8:145575133-145575434	660	92435	TRUE	1.7018992949094779e-18	-0.5186979386798627	TRUE	660	76	14.774670041772138
ENSG00000179091	chr8:145575133-145575434	659	91913	TRUE	1.5481214394085824e-15	-0.5569534592247751	TRUE	660	76	13.724376803441775
ENSG00000104529	chr8:145575133-145575434	659	92623	TRUE	9.34663698785871e-15	-0.4851710663195199	TRUE	660	76	27.036844901403168
ENSG00000185122	chr8:145575133-145575434	635	89166	TRUE	3.0642756480023584e-10	-0.4057970594267557	TRUE	660	76	6.356948654645458
ENSG00000104522	chr8:145575133-145575434	579	79230	TRUE	1.4443129956164127e-9	-0.5716258506045517	TRUE	660	76	3.064064502015688
ENSG00000179632	chr8:145575133-145575434	550	77034	TRUE	1.882342983491265e-9	-0.5262512413623129	TRUE	660	76	2.585466212485807
ENSG00000178719	chr8:145575133-145575434	636	88657	TRUE	3.85045991526997e-9	-0.5232425134169802	TRUE	660	76	6.4488786107899205
ENSG00000197858	chr8:145575133-145575434	606	84075	TRUE	5.496224331449131e-9	-0.49379910276526306	TRUE	660	76	4.055293394585248
ENSG00000179950	chr8:145575133-145575434	651	91096	TRUE	1.9343711820778977e-8	-0.5329583931612252	TRUE	660	76	10.46709793014365
ENSG00000178896	chr8:145575133-145575434	593	79970	TRUE	2.8143977282956822e-8	-0.5415570008912416	TRUE	660	76	3.7259601862558207
ENSG00000185803	chr8:145575133-145575434	544	75701	TRUE	3.6044945308399317e-7	-0.5038105406852715	TRUE	660	76	2.5683823452816235
ENSG00000147804	chr8:145575133-145575434	609	84821	TRUE	8.126206627077437e-6	-0.41137193399646566	TRUE	660	76	5.086533954186068
ENSG00000170619	chr8:145575133-145575434	306	41076	TRUE	7.012496089308252e-5	-0.5282744314319605	TRUE	660	76	0.6836776149254664
ENSG00000160932	chr8:145575133-145575434	657	91862	TRUE	7.241662857396247e-5	-0.40462295761959055	TRUE	660	76	24.4127212308718
ENSG00000187954	chr8:145575133-145575434	276	36102	TRUE	1.570815685551421e-4	-0.4226756030436455	TRUE	660	76	0.6038105357459087
ENSG00000179526	chr8:145575133-145575434	507	68619	TRUE	1.9941297530592234e-4	-0.2923114994182521	TRUE	660	76	1.7531172849151535
ENSG00000184428	chr8:145575133-145575434	495	65919	TRUE	0.007914606465691393	-0.3662922480480849	TRUE	660	76	1.730658249736971
ENSG00000213563	chr8:145575133-145575434	190	29035	TRUE	0.01642719393826661	-0.3014357432057091	TRUE	660	76	0.43109680510849296
ENSG00000147804	chr8:145575133-145575434	609	84821	TRUE	1.5045782556532878e-13	-0.6208079929269084	TRUE	660	77	5.086533954186068
ENSG00000160948	chr8:145575133-145575434	660	92435	TRUE	1.261781858672068e-11	-0.4464373070618519	TRUE	660	77	14.774670041772138
ENSG00000104529	chr8:145575133-145575434	659	92623	TRUE	8.958124223036447e-11	-0.44161626588236835	TRUE	660	77	27.036844901403168
ENSG00000104522	chr8:145575133-145575434	579	79230	TRUE	9.322628214058339e-9	-0.5598486828281981	TRUE	660	77	3.064064502015688
ENSG00000197858	chr8:145575133-145575434	606	84075	TRUE	2.136391011994289e-6	-0.4450810125943432	TRUE	660	77	4.055293394585248
ENSG00000179091	chr8:145575133-145575434	659	91913	TRUE	8.793678416856596e-6	-0.39170986653939854	TRUE	660	77	13.724376803441775
ENSG00000184428	chr8:145575133-145575434	495	65919	TRUE	1.1495600530353782e-5	-0.5110042774048912	TRUE	660	77	1.730658249736971
ENSG00000185803	chr8:145575133-145575434	544	75701	TRUE	1.5575823161959263e-5	-0.4858886326880092	TRUE	660	77	2.5683823452816235
ENSG00000185122	chr8:145575133-145575434	635	89166	TRUE	5.607816295879423e-5	-0.27844242790162843	TRUE	660	77	6.356948654645458
ENSG00000187954	chr8:145575133-145575434	276	36102	TRUE	8.726417041895682e-5	-0.41296044821043376	TRUE	660	77	0.6038105357459087
ENSG00000179526	chr8:145575133-145575434	507	68619	TRUE	1.063381147570798e-4	-0.32856961821999675	TRUE	660	77	1.7531172849151535
ENSG00000160932	chr8:145575133-145575434	657	91862	TRUE	1.5410350420123203e-4	-0.3807562174855761	TRUE	660	77	24.4127212308718
ENSG00000179950	chr8:145575133-145575434	651	91096	TRUE	2.859063608409724e-4	-0.44376268195399904	TRUE	660	77	10.46709793014365
ENSG00000178719	chr8:145575133-145575434	636	88657	TRUE	3.3625057507365684e-4	-0.3965824968613889	TRUE	660	77	6.4488786107899205
ENSG00000213563	chr8:145575133-145575434	190	29035	TRUE	4.4988334232879193e-4	-0.4582627557791066	TRUE	660	77	0.43109680510849296
ENSG00000170619	chr8:145575133-145575434	306	41076	TRUE	0.0010309301178763781	-0.4656294944429647	TRUE	660	77	0.6836776149254664
ENSG00000178896	chr8:145575133-145575434	593	79970	TRUE	0.032	-0.352192640771678	TRUE	660	77	3.7259601862558207
ENSG00000179632	chr8:145575133-145575434	550	77034	TRUE	0.044	-0.291613838683753	TRUE	660	77	2.585466212485807
ENSG00000104529	chr8:145575133-145575434	659	92623	TRUE	1.8024007467179356e-17	-0.5418598816803435	TRUE	660	78	27.036844901403168
ENSG00000179526	chr8:145575133-145575434	507	68619	TRUE	1.6174475902510851e-12	-0.5144552873993429	TRUE	660	78	1.7531172849151535
ENSG00000160948	chr8:145575133-145575434	660	92435	TRUE	3.5356493689269836e-12	-0.4432457102503973	TRUE	660	78	14.774670041772138
ENSG00000104522	chr8:145575133-145575434	579	79230	TRUE	2.8996579845342732e-11	-0.6197201388055968	TRUE	660	78	3.064064502015688
ENSG00000147804	chr8:145575133-145575434	609	84821	TRUE	5.13535229285368e-11	-0.557540986123892	TRUE	660	78	5.086533954186068
ENSG00000179632	chr8:145575133-145575434	550	77034	TRUE	1.8800982998601974e-10	-0.5540630913799817	TRUE	660	78	2.585466212485807
ENSG00000197858	chr8:145575133-145575434	606	84075	TRUE	5.866573407527028e-10	-0.5308959018948598	TRUE	660	78	4.055293394585248
ENSG00000179091	chr8:145575133-145575434	659	91913	TRUE	1.0626095680855941e-9	-0.4678998695599459	TRUE	660	78	13.724376803441775
ENSG00000185803	chr8:145575133-145575434	544	75701	TRUE	1.3808679343576484e-8	-0.5507781634320325	TRUE	660	78	2.5683823452816235
ENSG00000179950	chr8:145575133-145575434	651	91096	TRUE	2.8608529772166194e-8	-0.5448529839321687	TRUE	660	78	10.46709793014365
ENSG00000160932	chr8:145575133-145575434	657	91862	TRUE	1.2377888456110812e-7	-0.4909980051293372	TRUE	660	78	24.4127212308718
ENSG00000185122	chr8:145575133-145575434	635	89166	TRUE	1.3564481134828357e-6	-0.34911246306911137	TRUE	660	78	6.356948654645458
ENSG00000170619	chr8:145575133-145575434	306	41076	TRUE	2.5180094128185795e-6	-0.6117412539492755	TRUE	660	78	0.6836776149254664
ENSG00000184428	chr8:145575133-145575434	495	65919	TRUE	4.3557281109425725e-6	-0.509313949102691	TRUE	660	78	1.730658249736971
ENSG00000178719	chr8:145575133-145575434	636	88657	TRUE	3.955236953283141e-5	-0.42120887446789945	TRUE	660	78	6.4488786107899205
ENSG00000178896	chr8:145575133-145575434	593	79970	TRUE	1.1039878375752529e-4	-0.4342322313109743	TRUE	660	78	3.7259601862558207
ENSG00000187954	chr8:145575133-145575434	276	36102	TRUE	8.707464381109038e-4	-0.3937242293475164	TRUE	660	78	0.6038105357459087
ENSG00000213563	chr8:145575133-145575434	190	29035	TRUE	0.048	-0.25873129225147085	TRUE	660	78	0.43109680510849296
ENSG00000160948	chr8:145575133-145575434	660	92435	TRUE	3.767350060898713e-11	-0.4359503810459966	TRUE	660	79	14.774670041772138
ENSG00000104529	chr8:145575133-145575434	659	92623	TRUE	2.1482238982658033e-10	-0.448374111645391	TRUE	660	79	27.036844901403168
ENSG00000147804	chr8:145575133-145575434	609	84821	TRUE	3.378107692975584e-8	-0.4945835715662541	TRUE	660	79	5.086533954186068
ENSG00000179950	chr8:145575133-145575434	651	91096	TRUE	8.929068599460146e-8	-0.5271848559925303	TRUE	660	79	10.46709793014365
ENSG00000179091	chr8:145575133-145575434	659	91913	TRUE	3.5727630523033353e-7	-0.43180158542915636	TRUE	660	79	13.724376803441775
ENSG00000185803	chr8:145575133-145575434	544	75701	TRUE	1.2892595886822766e-6	-0.5038105406852715	TRUE	660	79	2.5683823452816235
ENSG00000185122	chr8:145575133-145575434	635	89166	TRUE	1.2636816845292475e-5	-0.3051522715046442	TRUE	660	79	6.356948654645458
ENSG00000179632	chr8:145575133-145575434	550	77034	TRUE	1.6703685693558647e-5	-0.43507993045851023	TRUE	660	79	2.585466212485807
ENSG00000160932	chr8:145575133-145575434	657	91862	TRUE	6.215576017788368e-5	-0.44842111385219674	TRUE	660	79	24.4127212308718
ENSG00000197858	chr8:145575133-145575434	606	84075	TRUE	2.0751636754502527e-4	-0.3885775946390475	TRUE	660	79	4.055293394585248
ENSG00000178719	chr8:145575133-145575434	636	88657	TRUE	2.2867856375938939e-4	-0.4174250298486104	TRUE	660	79	6.4488786107899205
ENSG00000104522	chr8:145575133-145575434	579	79230	TRUE	2.3518969785997317e-4	-0.41755480036307646	TRUE	660	79	3.064064502015688
ENSG00000184428	chr8:145575133-145575434	495	65919	TRUE	4.272579922395686e-4	-0.4272272463079938	TRUE	660	79	1.730658249736971
ENSG00000178896	chr8:145575133-145575434	593	79970	TRUE	9.14835233716476e-4	-0.3922599608356585	TRUE	660	79	3.7259601862558207
ENSG00000179526	chr8:145575133-145575434	507	68619	TRUE	0.0037364924460798615	-0.24968164682701244	TRUE	660	79	1.7531172849151535
ENSG00000213563	chr8:145575133-145575434	190	29035	TRUE	0.009226570952004687	-0.3327318736952476	TRUE	660	79	0.43109680510849296
ENSG00000170619	chr8:145575133-145575434	306	41076	TRUE	0.009236512779046413	-0.4174012139467654	TRUE	660	79	0.6836776149254664
ENSG00000187954	chr8:145575133-145575434	276	36102	TRUE	0.024	-0.2570895373256705	TRUE	660	79	0.6038105357459087
ENSG00000179950	chr8:145575133-145575434	651	91096	TRUE	3.178960511101772e-23	-0.799026279124349	TRUE	660	80	10.46709793014365
ENSG00000160948	chr8:145575133-145575434	660	92435	TRUE	4.01569304024587e-18	-0.5004369750699893	TRUE	660	80	14.774670041772138
ENSG00000104529	chr8:145575133-145575434	659	92623	TRUE	2.5634308916223425e-13	-0.4747855054512913	TRUE	660	80	27.036844901403168
ENSG00000179526	chr8:145575133-145575434	507	68619	TRUE	9.41824963848776e-12	-0.5214332697619151	TRUE	660	80	1.7531172849151535
ENSG00000147804	chr8:145575133-145575434	609	84821	TRUE	1.91935459742043e-11	-0.5630673837595972	TRUE	660	80	5.086533954186068
ENSG00000185122	chr8:145575133-145575434	635	89166	TRUE	1.4737105772169917e-10	-0.43231793567944843	TRUE	660	80	6.356948654645458
ENSG00000178719	chr8:145575133-145575434	636	88657	TRUE	9.771258929882959e-10	-0.5396008056740889	TRUE	660	80	6.4488786107899205
ENSG00000160932	chr8:145575133-145575434	657	91862	TRUE	3.0655993057439324e-8	-0.5078150315204413	TRUE	660	80	24.4127212308718
ENSG00000197858	chr8:145575133-145575434	606	84075	TRUE	2.569380490111879e-7	-0.4667655644751443	TRUE	660	80	4.055293394585248
ENSG00000179632	chr8:145575133-145575434	550	77034	TRUE	9.548938559052421e-7	-0.47772426786700384	TRUE	660	80	2.585466212485807
ENSG00000178896	chr8:145575133-145575434	593	79970	TRUE	1.0251940836908347e-6	-0.5019622127518824	TRUE	660	80	3.7259601862558207
ENSG00000179091	chr8:145575133-145575434	659	91913	TRUE	1.695033273635166e-6	-0.39882426298288376	TRUE	660	80	13.724376803441775
ENSG00000104522	chr8:145575133-145575434	579	79230	TRUE	2.4544114755032883e-6	-0.49673863897355996	TRUE	660	80	3.064064502015688
ENSG00000184428	chr8:145575133-145575434	495	65919	TRUE	1.3093862957170785e-4	-0.46277136316566075	TRUE	660	80	1.730658249736971
ENSG00000187954	chr8:145575133-145575434	276	36102	TRUE	1.8081470638895043e-4	-0.4226756030436455	TRUE	660	80	0.6038105357459087
ENSG00000185803	chr8:145575133-145575434	544	75701	TRUE	3.813868435635394e-4	-0.40683190431473437	TRUE	660	80	2.5683823452816235
ENSG00000170619	chr8:145575133-145575434	306	41076	TRUE	0.015367601885028892	-0.3899950566061135	TRUE	660	80	0.6836776149254664
ENSG00000213563	chr8:145575133-145575434	190	29035	TRUE	0.028	-0.27080412455204583	TRUE	660	80	0.43109680510849296
ENSG00000179950	chr8:145575133-145575434	651	91096	TRUE	4.780058276017895e-19	-0.7927457775624829	TRUE	660	81	10.46709793014365
ENSG00000179632	chr8:145575133-145575434	550	77034	TRUE	5.901029872349062e-18	-0.7332319370659139	TRUE	660	81	2.585466212485807
ENSG00000104529	chr8:145575133-145575434	659	92623	TRUE	5.847363068689693e-12	-0.4805460290761614	TRUE	660	81	27.036844901403168
ENSG00000197858	chr8:145575133-145575434	606	84075	TRUE	3.7972369951904447e-10	-0.5294230124959844	TRUE	660	81	4.055293394585248
ENSG00000179091	chr8:145575133-145575434	659	91913	TRUE	1.406623817884098e-9	-0.48035177905717186	TRUE	660	81	13.724376803441775
ENSG00000185122	chr8:145575133-145575434	635	89166	TRUE	9.59464589676953e-8	-0.36818759825973313	TRUE	660	81	6.356948654645458
ENSG00000104522	chr8:145575133-145575434	579	79230	TRUE	1.0840938191806061e-7	-0.527948598361911	TRUE	660	81	3.064064502015688
ENSG00000178719	chr8:145575133-145575434	636	88657	TRUE	2.512949414102761e-6	-0.4621997123127226	TRUE	660	81	6.4488786107899205
ENSG00000179526	chr8:145575133-145575434	507	68619	TRUE	7.04452621733473e-6	-0.3641935279507179	TRUE	660	81	1.7531172849151535
ENSG00000160948	chr8:145575133-145575434	660	92435	TRUE	1.7627846210041802e-5	-0.3150293492950538	TRUE	660	81	14.774670041772138
ENSG00000185803	chr8:145575133-145575434	544	75701	TRUE	2.8638976258068844e-5	-0.4616039805645821	TRUE	660	81	2.5683823452816235
ENSG00000178896	chr8:145575133-145575434	593	79970	TRUE	4.2059980830302934e-5	-0.4510613144518445	TRUE	660	81	3.7259601862558207
ENSG00000160932	chr8:145575133-145575434	657	91862	TRUE	1.0439417079869708e-4	-0.4162028827407749	TRUE	660	81	24.4127212308718
ENSG00000213563	chr8:145575133-145575434	190	29035	TRUE	1.231268088620896e-4	-0.5289972673163406	TRUE	660	81	0.43109680510849296
ENSG00000184428	chr8:145575133-145575434	495	65919	TRUE	3.621335436536895e-4	-0.4465063088028766	TRUE	660	81	1.730658249736971
ENSG00000187954	chr8:145575133-145575434	276	36102	TRUE	4.80314416551008e-4	-0.4033102781767145	TRUE	660	81	0.6038105357459087
ENSG00000147804	chr8:145575133-145575434	609	84821	TRUE	0.0013249500895384375	-0.3479882396583416	TRUE	660	81	5.086533954186068
ENSG00000170619	chr8:145575133-145575434	306	41076	TRUE	0.024	-0.4055919116571319	TRUE	660	81	0.6836776149254664
ENSG00000104529	chr8:145575133-145575434	659	92623	TRUE	1.4568914993985681e-19	-0.5542870301829197	TRUE	660	82	27.036844901403168
ENSG00000178719	chr8:145575133-145575434	636	88657	TRUE	1.4514860878390044e-14	-0.6146359824734993	TRUE	660	82	6.4488786107899205
ENSG00000185122	chr8:145575133-145575434	635	89166	TRUE	1.3674083555827762e-11	-0.44486318899856236	TRUE	660	82	6.356948654645458
ENSG00000104522	chr8:145575133-145575434	579	79230	TRUE	9.125267362014165e-11	-0.5667070083323145	TRUE	660	82	3.064064502015688
ENSG00000185803	chr8:145575133-145575434	544	75701	TRUE	1.1015563992718591e-9	-0.5566119564232161	TRUE	660	82	2.5683823452816235
ENSG00000179632	chr8:145575133-145575434	550	77034	TRUE	1.8249250347226572e-9	-0.5622769120920391	TRUE	660	82	2.585466212485807
ENSG00000147804	chr8:145575133-145575434	609	84821	TRUE	2.522246250420202e-9	-0.4963447457921568	TRUE	660	82	5.086533954186068
ENSG00000160948	chr8:145575133-145575434	660	92435	TRUE	1.073928082368018e-8	-0.36335922394287046	TRUE	660	82	14.774670041772138
ENSG00000197858	chr8:145575133-145575434	606	84075	TRUE	2.296960398857426e-8	-0.49739415830334677	TRUE	660	82	4.055293394585248
ENSG00000179950	chr8:145575133-145575434	651	91096	TRUE	7.693577736890035e-8	-0.5067516699275818	TRUE	660	82	10.46709793014365
ENSG00000184428	chr8:145575133-145575434	495	65919	TRUE	1.2993423845028725e-6	-0.5160871776981173	TRUE	660	82	1.730658249736971
ENSG00000160932	chr8:145575133-145575434	657	91862	TRUE	1.435135897302352e-6	-0.45208394042368383	TRUE	660	82	24.4127212308718
ENSG00000179091	chr8:145575133-145575434	659	91913	TRUE	1.99184963653161e-6	-0.3787907256935883	TRUE	660	82	13.724376803441775
ENSG00000170619	chr8:145575133-145575434	306	41076	TRUE	4.708205147442324e-6	-0.5982369895995279	TRUE	660	82	0.6836776149254664
ENSG00000179526	chr8:145575133-145575434	507	68619	TRUE	4.993084827755248e-5	-0.31486581558714977	TRUE	660	82	1.7531172849151535
ENSG00000187954	chr8:145575133-145575434	276	36102	TRUE	2.225841282991678e-4	-0.40812729447449037	TRUE	660	82	0.6038105357459087
ENSG00000213563	chr8:145575133-145575434	190	29035	TRUE	7.632299581811827e-4	-0.4582627557791066	TRUE	660	82	0.43109680510849296
ENSG00000178896	chr8:145575133-145575434	593	79970	TRUE	0.001969064113984169	-0.357951910060363	TRUE	660	82	3.7259601862558207
ENSG00000104529	chr8:145575133-145575434	659	92623	TRUE	1.3738952986622944e-23	-0.5926775968005629	TRUE	660	83	27.036844901403168
ENSG00000197858	chr8:145575133-145575434	606	84075	TRUE	1.3141141479995201e-19	-0.7187071220204939	TRUE	660	83	4.055293394585248
ENSG00000147804	chr8:145575133-145575434	609	84821	TRUE	2.7459247273506817e-14	-0.6401473581353463	TRUE	660	83	5.086533954186068
ENSG00000178719	chr8:145575133-145575434	636	88657	TRUE	9.852583409457578e-14	-0.6384185418920043	TRUE	660	83	6.4488786107899205
ENSG00000160948	chr8:145575133-145575434	660	92435	TRUE	1.1379472576923964e-12	-0.43483128981401586	TRUE	660	83	14.774670041772138
ENSG00000179950	chr8:145575133-145575434	651	91096	TRUE	1.165385891684492e-12	-0.6192337106160837	TRUE	660	83	10.46709793014365
ENSG00000179091	chr8:145575133-145575434	659	91913	TRUE	4.982097025579249e-11	-0.4634177894908844	TRUE	660	83	13.724376803441775
ENSG00000179526	chr8:145575133-145575434	507	68619	TRUE	1.5765174463833553e-10	-0.48858439018790806	TRUE	660	83	1.7531172849151535
ENSG00000185122	chr8:145575133-145575434	635	89166	TRUE	2.5413400297867724e-10	-0.41370225751210166	TRUE	660	83	6.356948654645458
ENSG00000178896	chr8:145575133-145575434	593	79970	TRUE	1.4528640400663685e-9	-0.5705194455434948	TRUE	660	83	3.7259601862558207
ENSG00000160932	chr8:145575133-145575434	657	91862	TRUE	7.723137850979608e-9	-0.5027018271770478	TRUE	660	83	24.4127212308718
ENSG00000179632	chr8:145575133-145575434	550	77034	TRUE	8.671416971896707e-9	-0.5136811456434135	TRUE	660	83	2.585466212485807
ENSG00000185803	chr8:145575133-145575434	544	75701	TRUE	8.120133395705726e-8	-0.5472891773521525	TRUE	660	83	2.5683823452816235
ENSG00000187954	chr8:145575133-145575434	276	36102	TRUE	6.855097780303332e-7	-0.5660397782148229	TRUE	660	83	0.6038105357459087
ENSG00000213563	chr8:145575133-145575434	190	29035	TRUE	1.8531258255411864e-6	-0.6264630767519581	TRUE	660	83	0.43109680510849296
ENSG00000170619	chr8:145575133-145575434	306	41076	TRUE	6.130066193678276e-6	-0.6117412539492755	TRUE	660	83	0.6836776149254664
ENSG00000104522	chr8:145575133-145575434	579	79230	TRUE	3.369858669496212e-5	-0.44527399596061734	TRUE	660	83	3.064064502015688
ENSG00000184428	chr8:145575133-145575434	495	65919	TRUE	4.65024047109925e-5	-0.47097317627844826	TRUE	660	83	1.730658249736971
ENSG00000179091	chr8:145575133-145575434	659	91913	TRUE	1.2281097951057722e-18	-0.6458096456180309	TRUE	660	84	13.724376803441775
ENSG00000104529	chr8:145575133-145575434	659	92623	TRUE	2.4447503631299193e-15	-0.5370498005556632	TRUE	660	84	27.036844901403168
ENSG00000104522	chr8:145575133-145575434	579	79230	TRUE	8.912354833677522e-14	-0.6642097787414938	TRUE	660	84	3.064064502015688
ENSG00000179950	chr8:145575133-145575434	651	91096	TRUE	1.2903262340920588e-13	-0.6893452302094603	TRUE	660	84	10.46709793014365
ENSG00000147804	chr8:145575133-145575434	609	84821	TRUE	4.7892842805132e-10	-0.5532572649336938	TRUE	660	84	5.086533954186068
ENSG00000160932	chr8:145575133-145575434	657	91862	TRUE	2.9325068784413245e-8	-0.5460799249001917	TRUE	660	84	24.4127212308718
ENSG00000179526	chr8:145575133-145575434	507	68619	TRUE	2.3298521595798026e-7	-0.41526771254498723	TRUE	660	84	1.7531172849151535
ENSG00000185803	chr8:145575133-145575434	544	75701	TRUE	7.159296760727608e-7	-0.5060665146256396	TRUE	660	84	2.5683823452816235
ENSG00000160948	chr8:145575133-145575434	660	92435	TRUE	6.919659227357794e-6	-0.32986173021247334	TRUE	660	84	14.774670041772138
ENSG00000178896	chr8:145575133-145575434	593	79970	TRUE	1.0232749440394068e-5	-0.46264928872705613	TRUE	660	84	3.7259601862558207
ENSG00000170619	chr8:145575133-145575434	306	41076	TRUE	5.711991911162102e-5	-0.5368364449353846	TRUE	660	84	0.6836776149254664
ENSG00000184428	chr8:145575133-145575434	495	65919	TRUE	5.9504226561249516e-5	-0.479221883946255	TRUE	660	84	1.730658249736971
ENSG00000178719	chr8:145575133-145575434	636	88657	TRUE	8.325895402727396e-5	-0.42542481855780556	TRUE	660	84	6.4488786107899205
ENSG00000197858	chr8:145575133-145575434	606	84075	TRUE	1.1477652226979967e-4	-0.41485201058379007	TRUE	660	84	4.055293394585248
ENSG00000187954	chr8:145575133-145575434	276	36102	TRUE	3.660525577495839e-4	-0.3937242293475164	TRUE	660	84	0.6038105357459087
ENSG00000179632	chr8:145575133-145575434	550	77034	TRUE	0.0016222133252158273	-0.36156427947318415	TRUE	660	84	2.585466212485807
ENSG00000185122	chr8:145575133-145575434	635	89166	TRUE	0.004511743758447734	-0.24593184820873493	TRUE	660	84	6.356948654645458
ENSG00000213563	chr8:145575133-145575434	190	29035	TRUE	0.024	-0.3327318736952476	TRUE	660	84	0.43109680510849296
ENSG00000179950	chr8:145575133-145575434	651	91096	TRUE	6.95521000509389e-15	-0.652965196870587	TRUE	660	85	10.46709793014365
ENSG00000104529	chr8:145575133-145575434	659	92623	TRUE	3.237685520768933e-14	-0.4904448514029367	TRUE	660	85	27.036844901403168
ENSG00000185122	chr8:145575133-145575434	635	89166	TRUE	2.199189056815664e-11	-0.4309802489439374	TRUE	660	85	6.356948654645458
ENSG00000179632	chr8:145575133-145575434	550	77034	TRUE	2.2226401864169193e-8	-0.5239576080638042	TRUE	660	85	2.585466212485807
ENSG00000178896	chr8:145575133-145575434	593	79970	TRUE	2.565984124470013e-7	-0.5051540172415916	TRUE	660	85	3.7259601862558207
ENSG00000197858	chr8:145575133-145575434	606	84075	TRUE	6.862206916037652e-7	-0.4464702231406741	TRUE	660	85	4.055293394585248
ENSG00000179526	chr8:145575133-145575434	507	68619	TRUE	1.6188278279670888e-6	-0.3610606384657553	TRUE	660	85	1.7531172849151535
ENSG00000147804	chr8:145575133-145575434	609	84821	TRUE	2.0507739642335726e-6	-0.4342590445435952	TRUE	660	85	5.086533954186068
ENSG00000178719	chr8:145575133-145575434	636	88657	TRUE	5.373270461775837e-6	-0.45442469028035815	TRUE	660	85	6.4488786107899205
ENSG00000160932	chr8:145575133-145575434	657	91862	TRUE	6.715636000711751e-6	-0.4248367652804612	TRUE	660	85	24.4127212308718
ENSG00000160948	chr8:145575133-145575434	660	92435	TRUE	1.258612211780391e-5	-0.29526142547452894	TRUE	660	85	14.774670041772138
ENSG00000104522	chr8:145575133-145575434	579	79230	TRUE	1.6237939789712902e-5	-0.44888977489812243	TRUE	660	85	3.064064502015688
ENSG00000170619	chr8:145575133-145575434	306	41076	TRUE	1.9412317272315092e-4	-0.5325490865322864	TRUE	660	85	0.6836776149254664
ENSG00000179091	chr8:145575133-145575434	659	91913	TRUE	2.5619175911883313e-4	-0.3241717632989629	TRUE	660	85	13.724376803441775
ENSG00000213563	chr8:145575133-145575434	190	29035	TRUE	4.814602312792765e-4	-0.4241549014588424	TRUE	660	85	0.43109680510849296
ENSG00000185803	chr8:145575133-145575434	544	75701	TRUE	0.0033961368033439063	-0.3673320223361012	TRUE	660	85	2.5683823452816235
ENSG00000184428	chr8:145575133-145575434	495	65919	TRUE	0.011995754054046529	-0.3617098353837862	TRUE	660	85	1.730658249736971
ENSG00000187954	chr8:145575133-145575434	276	36102	TRUE	0.04	-0.2570895373256705	TRUE	660	85	0.6038105357459087
ENSG00000160948	chr8:145575133-145575434	660	92435	TRUE	1.4986442633655833e-14	-0.49052016978777013	TRUE	660	86	14.774670041772138
ENSG00000104529	chr8:145575133-145575434	659	92623	TRUE	2.5349094975710587e-14	-0.4941480052407208	TRUE	660	86	27.036844901403168
ENSG00000179950	chr8:145575133-145575434	651	91096	TRUE	7.341786643787053e-12	-0.6309797151775354	TRUE	660	86	10.46709793014365
ENSG00000104522	chr8:145575133-145575434	579	79230	TRUE	9.145651187866984e-11	-0.6065354877927778	TRUE	660	86	3.064064502015688
ENSG00000185803	chr8:145575133-145575434	544	75701	TRUE	5.00604617929916e-10	-0.6065701151104723	TRUE	660	86	2.5683823452816235
ENSG00000197858	chr8:145575133-145575434	606	84075	TRUE	1.0543304859103069e-9	-0.5501815726627819	TRUE	660	86	4.055293394585248
ENSG00000160932	chr8:145575133-145575434	657	91862	TRUE	3.844961048458722e-8	-0.5444905822936619	TRUE	660	86	24.4127212308718
ENSG00000178896	chr8:145575133-145575434	593	79970	TRUE	1.0451506091635964e-7	-0.5244545732005279	TRUE	660	86	3.7259601862558207
ENSG00000179526	chr8:145575133-145575434	507	68619	TRUE	1.9912981572435433e-7	-0.41526771254498723	TRUE	660	86	1.7531172849151535
ENSG00000178719	chr8:145575133-145575434	636	88657	TRUE	3.4893560614584953e-6	-0.43729542950307954	TRUE	660	86	6.4488786107899205
ENSG00000147804	chr8:145575133-145575434	609	84821	TRUE	4.126434040338197e-6	-0.4342590445435952	TRUE	660	86	5.086533954186068
ENSG00000185122	chr8:145575133-145575434	635	89166	TRUE	9.095708811373074e-6	-0.3108821316811494	TRUE	660	86	6.356948654645458
ENSG00000179632	chr8:145575133-145575434	550	77034	TRUE	2.050262642808447e-5	-0.4254153946009622	TRUE	660	86	2.585466212485807
ENSG00000184428	chr8:145575133-145575434	495	65919	TRUE	6.727513717062197e-5	-0.4726191491220079	TRUE	660	86	1.730658249736971
ENSG00000170619	chr8:145575133-145575434	306	41076	TRUE	3.4777063016909124e-4	-0.5028891130120468	TRUE	660	86	0.6836776149254664
ENSG00000179091	chr8:145575133-145575434	659	91913	TRUE	0.0013885168729311885	-0.32359139652980007	TRUE	660	86	13.724376803441775
ENSG00000187954	chr8:145575133-145575434	276	36102	TRUE	0.002713642670180781	-0.3283482204954925	TRUE	660	86	0.6038105357459087
ENSG00000213563	chr8:145575133-145575434	190	29035	TRUE	0.04	-0.32641809976304526	TRUE	660	86	0.43109680510849296
ENSG00000179950	chr8:145575133-145575434	651	91096	TRUE	1.8950975452077906e-13	-0.6710405434500841	TRUE	660	87	10.46709793014365
ENSG00000185803	chr8:145575133-145575434	544	75701	TRUE	4.736990472472081e-13	-0.654561837920862	TRUE	660	87	2.5683823452816235
ENSG00000160948	chr8:145575133-145575434	660	92435	TRUE	6.911233145424413e-13	-0.44418368248348195	TRUE	660	87	14.774670041772138
ENSG00000179091	chr8:145575133-145575434	659	91913	TRUE	1.2115491723808957e-12	-0.5348410285318121	TRUE	660	87	13.724376803441775
ENSG00000185122	chr8:145575133-145575434	635	89166	TRUE	2.891466965774862e-12	-0.43410344957182323	TRUE	660	87	6.356948654645458
ENSG00000104529	chr8:145575133-145575434	659	92623	TRUE	1.0528696588984635e-11	-0.4509421906475497	TRUE	660	87	27.036844901403168
ENSG00000184428	chr8:145575133-145575434	495	65919	TRUE	2.2641538759826793e-11	-0.6493537085615814	TRUE	660	87	1.730658249736971
ENSG00000160932	chr8:145575133-145575434	657	91862	TRUE	2.568527409806034e-10	-0.5495090828088021	TRUE	660	87	24.4127212308718
ENSG00000179632	chr8:145575133-145575434	550	77034	TRUE	1.0353271792714568e-9	-0.5729067230690923	TRUE	660	87	2.585466212485807
ENSG00000178719	chr8:145575133-145575434	636	88657	TRUE	3.8104535153759075e-9	-0.5350381989588837	TRUE	660	87	6.4488786107899205
ENSG00000197858	chr8:145575133-145575434	606	84075	TRUE	1.0139760961123154e-6	-0.4534364126334953	TRUE	660	87	4.055293394585248
ENSG00000213563	chr8:145575133-145575434	190	29035	TRUE	5.939460398566871e-6	-0.5657090456728615	TRUE	660	87	0.43109680510849296
ENSG00000178896	chr8:145575133-145575434	593	79970	TRUE	1.0573985284113461e-5	-0.4665327232142844	TRUE	660	87	3.7259601862558207
ENSG00000179526	chr8:145575133-145575434	507	68619	TRUE	3.3077801209327245e-5	-0.3347022312413188	TRUE	660	87	1.7531172849151535
ENSG00000104522	chr8:145575133-145575434	579	79230	TRUE	1.3628185124690492e-4	-0.4335849101820255	TRUE	660	87	3.064064502015688
ENSG00000147804	chr8:145575133-145575434	609	84821	TRUE	4.4279401300899475e-4	-0.3527662588804703	TRUE	660	87	5.086533954186068
ENSG00000170619	chr8:145575133-145575434	306	41076	TRUE	5.477503429952221e-4	-0.47382664740958397	TRUE	660	87	0.6836776149254664
ENSG00000187954	chr8:145575133-145575434	276	36102	TRUE	0.004099278178892413	-0.310200873785233	TRUE	660	87	0.6038105357459087
ENSG00000178719	chr8:145575133-145575434	636	88657	TRUE	1.0252188153571651e-13	-0.6423389112633471	TRUE	660	88	6.4488786107899205
ENSG00000104529	chr8:145575133-145575434	659	92623	TRUE	1.6413158658920158e-13	-0.5080933674915569	TRUE	660	88	27.036844901403168
ENSG00000179091	chr8:145575133-145575434	659	91913	TRUE	1.7371085846271618e-13	-0.574568443480663	TRUE	660	88	13.724376803441775
ENSG00000160948	chr8:145575133-145575434	660	92435	TRUE	9.641386094777518e-13	-0.47012430137509664	TRUE	660	88	14.774670041772138
ENSG00000179950	chr8:145575133-145575434	651	91096	TRUE	1.1485285293029885e-11	-0.636000871990364	TRUE	660	88	10.46709793014365
ENSG00000197858	chr8:145575133-145575434	606	84075	TRUE	4.122623249022127e-11	-0.5591703558900365	TRUE	660	88	4.055293394585248
ENSG00000184428	chr8:145575133-145575434	495	65919	TRUE	5.774393301024265e-9	-0.616229153019203	TRUE	660	88	1.730658249736971
ENSG00000147804	chr8:145575133-145575434	609	84821	TRUE	4.074158221045354e-8	-0.4986963274715548	TRUE	660	88	5.086533954186068
ENSG00000104522	chr8:145575133-145575434	579	79230	TRUE	9.108495465949405e-8	-0.5423612560993571	TRUE	660	88	3.064064502015688
ENSG00000178896	chr8:145575133-145575434	593	79970	TRUE	9.152039630734143e-8	-0.5423764811977905	TRUE	660	88	3.7259601862558207
ENSG00000160932	chr8:145575133-145575434	657	91862	TRUE	1.915906665211995e-7	-0.5124683131954244	TRUE	660	88	24.4127212308718
ENSG00000185122	chr8:145575133-145575434	635	89166	TRUE	2.626910442964439e-7	-0.34448776278081317	TRUE	660	88	6.356948654645458
ENSG00000185803	chr8:145575133-145575434	544	75701	TRUE	5.325649672750581e-7	-0.5276760678536174	TRUE	660	88	2.5683823452816235
ENSG00000187954	chr8:145575133-145575434	276	36102	TRUE	2.5509948069022195e-4	-0.4472536257643115	TRUE	660	88	0.6038105357459087
ENSG00000179526	chr8:145575133-145575434	507	68619	TRUE	4.860815130825237e-4	-0.28190561681275106	TRUE	660	88	1.7531172849151535
ENSG00000179632	chr8:145575133-145575434	550	77034	TRUE	0.0041772538949057525	-0.3442619093389325	TRUE	660	88	2.585466212485807
ENSG00000170619	chr8:145575133-145575434	306	41076	TRUE	0.00795768418970827	-0.40951761487093213	TRUE	660	88	0.6836776149254664
ENSG00000213563	chr8:145575133-145575434	190	29035	TRUE	0.009952334704477366	-0.3777193284685578	TRUE	660	88	0.43109680510849296
ENSG00000160948	chr8:145575133-145575434	660	92435	TRUE	2.740510920228433e-14	-0.4729930536444491	TRUE	660	89	14.774670041772138
ENSG00000185122	chr8:145575133-145575434	635	89166	TRUE	4.738661085617761e-10	-0.40974424394341824	TRUE	660	89	6.356948654645458
ENSG00000179632	chr8:145575133-145575434	550	77034	TRUE	3.6485864359322344e-8	-0.5148193666420112	TRUE	660	89	2.585466212485807
ENSG00000197858	chr8:145575133-145575434	606	84075	TRUE	8.058580286131019e-8	-0.4611382729295097	TRUE	660	89	4.055293394585248
ENSG00000147804	chr8:145575133-145575434	609	84821	TRUE	1.089975336636558e-7	-0.4632446352816808	TRUE	660	89	5.086533954186068
ENSG00000104529	chr8:145575133-145575434	659	92623	TRUE	1.400978814998841e-7	-0.3759189660589426	TRUE	660	89	27.036844901403168
ENSG00000178896	chr8:145575133-145575434	593	79970	TRUE	2.842233726424036e-7	-0.5051540172415916	TRUE	660	89	3.7259601862558207
ENSG00000179950	chr8:145575133-145575434	651	91096	TRUE	2.318851293757994e-6	-0.49946599726544116	TRUE	660	89	10.46709793014365
ENSG00000179091	chr8:145575133-145575434	659	91913	TRUE	4.4644146779773165e-6	-0.37758546660854453	TRUE	660	89	13.724376803441775
ENSG00000184428	chr8:145575133-145575434	495	65919	TRUE	7.791468600202092e-6	-0.49586214963408315	TRUE	660	89	1.730658249736971
ENSG00000104522	chr8:145575133-145575434	579	79230	TRUE	8.309103007086982e-6	-0.4689401866299878	TRUE	660	89	3.064064502015688
ENSG00000179526	chr8:145575133-145575434	507	68619	TRUE	9.96369333233619e-6	-0.345497434240813	TRUE	660	89	1.7531172849151535
ENSG00000185803	chr8:145575133-145575434	544	75701	TRUE	6.625438547718486e-5	-0.43020450011033073	TRUE	660	89	2.5683823452816235
ENSG00000187954	chr8:145575133-145575434	276	36102	TRUE	1.2572698199493464e-4	-0.4226756030436455	TRUE	660	89	0.6038105357459087
ENSG00000160932	chr8:145575133-145575434	657	91862	TRUE	1.7737721664189132e-4	-0.3977635050857842	TRUE	660	89	24.4127212308718
ENSG00000178719	chr8:145575133-145575434	636	88657	TRUE	2.1103961657426527e-4	-0.38339958351511294	TRUE	660	89	6.4488786107899205
ENSG00000170619	chr8:145575133-145575434	306	41076	TRUE	0.0039061251392659493	-0.4453380904498882	TRUE	660	89	0.6836776149254664
ENSG00000213563	chr8:145575133-145575434	190	29035	TRUE	0.164	-0.2348845502971031	FALSE	660	89	0.43109680510849296
ENSG00000179091	chr8:145575133-145575434	659	91913	TRUE	1.6669403625132187e-15	-0.5940333040283963	TRUE	660	90	13.724376803441775
ENSG00000160948	chr8:145575133-145575434	660	92435	TRUE	4.173884296729218e-14	-0.46478451191564396	TRUE	660	90	14.774670041772138
ENSG00000179950	chr8:145575133-145575434	651	91096	TRUE	1.0933474297879949e-13	-0.6731641618098103	TRUE	660	90	10.46709793014365
ENSG00000179526	chr8:145575133-145575434	507	68619	TRUE	3.9352666742601436e-10	-0.46990296912183305	TRUE	660	90	1.7531172849151535
ENSG00000160932	chr8:145575133-145575434	657	91862	TRUE	2.3119123174306522e-9	-0.5600927499547286	TRUE	660	90	24.4127212308718
ENSG00000147804	chr8:145575133-145575434	609	84821	TRUE	2.6112244640756285e-9	-0.5111054131336075	TRUE	660	90	5.086533954186068
ENSG00000184428	chr8:145575133-145575434	495	65919	TRUE	1.3392063936246796e-7	-0.5679261092177355	TRUE	660	90	1.730658249736971
ENSG00000185122	chr8:145575133-145575434	635	89166	TRUE	2.13055920890334e-7	-0.3507978546636972	TRUE	660	90	6.356948654645458
ENSG00000179632	chr8:145575133-145575434	550	77034	TRUE	2.513783923380848e-6	-0.4546054245359932	TRUE	660	90	2.585466212485807
ENSG00000104529	chr8:145575133-145575434	659	92623	TRUE	4.967246986930943e-6	-0.3572031839820715	TRUE	660	90	27.036844901403168
ENSG00000178719	chr8:145575133-145575434	636	88657	TRUE	7.2366242921124545e-6	-0.45960337980475474	TRUE	660	90	6.4488786107899205
ENSG00000185803	chr8:145575133-145575434	544	75701	TRUE	3.044328516716029e-5	-0.4506992042257092	TRUE	660	90	2.5683823452816235
ENSG00000170619	chr8:145575133-145575434	306	41076	TRUE	3.0186851324814234e-4	-0.5155259386899722	TRUE	660	90	0.6836776149254664
ENSG00000197858	chr8:145575133-145575434	606	84075	TRUE	4.687311683396634e-4	-0.3680288685380282	TRUE	660	90	4.055293394585248
ENSG00000104522	chr8:145575133-145575434	579	79230	TRUE	0.002855446668118898	-0.3730801712224716	TRUE	660	90	3.064064502015688
ENSG00000178896	chr8:145575133-145575434	593	79970	TRUE	0.0040084488532011325	-0.3673600374727799	TRUE	660	90	3.7259601862558207
ENSG00000187954	chr8:145575133-145575434	276	36102	TRUE	0.008797017938355328	-0.27898214317451286	TRUE	660	90	0.6038105357459087
ENSG00000213563	chr8:145575133-145575434	190	29035	TRUE	0.032	-0.313872846443932	TRUE	660	90	0.43109680510849296
ENSG00000185122	chr8:145575133-145575434	635	89166	TRUE	2.800052821622098e-22	-0.6630617264488192	TRUE	660	91	6.356948654645458
ENSG00000179091	chr8:145575133-145575434	659	91913	TRUE	4.524381864739695e-12	-0.5276934304919649	TRUE	660	91	13.724376803441775
ENSG00000160948	chr8:145575133-145575434	660	92435	TRUE	8.483481224747178e-11	-0.4272073116827815	TRUE	660	91	14.774670041772138
ENSG00000147804	chr8:145575133-145575434	609	84821	TRUE	2.5196613579235523e-9	-0.5111054131336075	TRUE	660	91	5.086533954186068
ENSG00000179526	chr8:145575133-145575434	507	68619	TRUE	3.795863957461264e-9	-0.4531272563710063	TRUE	660	91	1.7531172849151535
ENSG00000185803	chr8:145575133-145575434	544	75701	TRUE	1.45472109860972e-8	-0.5624694351999724	TRUE	660	91	2.5683823452816235
ENSG00000178719	chr8:145575133-145575434	636	88657	TRUE	2.994574034109152e-8	-0.5084086278314315	TRUE	660	91	6.4488786107899205
ENSG00000179950	chr8:145575133-145575434	651	91096	TRUE	3.7015547704752154e-8	-0.5454086146114374	TRUE	660	91	10.46709793014365
ENSG00000104529	chr8:145575133-145575434	659	92623	TRUE	1.406375306772117e-7	-0.3810033591306743	TRUE	660	91	27.036844901403168
ENSG00000104522	chr8:145575133-145575434	579	79230	TRUE	6.664944568633795e-7	-0.5184195343865108	TRUE	660	91	3.064064502015688
ENSG00000184428	chr8:145575133-145575434	495	65919	TRUE	7.707408702530396e-7	-0.5400470766422987	TRUE	660	91	1.730658249736971
ENSG00000197858	chr8:145575133-145575434	606	84075	TRUE	9.212808073226801e-7	-0.4534364126334953	TRUE	660	91	4.055293394585248
ENSG00000170619	chr8:145575133-145575434	306	41076	TRUE	1.8197649363688759e-6	-0.625373119537042	TRUE	660	91	0.6836776149254664
ENSG00000160932	chr8:145575133-145575434	657	91862	TRUE	2.548960509107367e-6	-0.5035329753244939	TRUE	660	91	24.4127212308718
ENSG00000178896	chr8:145575133-145575434	593	79970	TRUE	1.0360625689070002e-5	-0.4806002836111005	TRUE	660	91	3.7259601862558207
ENSG00000213563	chr8:145575133-145575434	190	29035	TRUE	1.088477371450269e-5	-0.5806593871388332	TRUE	660	91	0.43109680510849296
ENSG00000179632	chr8:145575133-145575434	550	77034	TRUE	1.0846626476688874e-4	-0.39890426563572023	TRUE	660	91	2.585466212485807
ENSG00000187954	chr8:145575133-145575434	276	36102	TRUE	4.488059443969652e-4	-0.3985092919128933	TRUE	660	91	0.6038105357459087
ENSG00000104529	chr8:145575133-145575434	659	92623	TRUE	1.6004640017118464e-15	-0.5348686903951396	TRUE	660	92	27.036844901403168
ENSG00000178719	chr8:145575133-145575434	636	88657	TRUE	1.0183779795591206e-12	-0.6262356030794294	TRUE	660	92	6.4488786107899205
ENSG00000179632	chr8:145575133-145575434	550	77034	TRUE	1.4648307842680563e-12	-0.6223478309464564	TRUE	660	92	2.585466212485807
ENSG00000178896	chr8:145575133-145575434	593	79970	TRUE	5.747817256313577e-12	-0.6363605112849828	TRUE	660	92	3.7259601862558207
ENSG00000160948	chr8:145575133-145575434	660	92435	TRUE	6.431592194675392e-12	-0.4528417608997213	TRUE	660	92	14.774670041772138
ENSG00000185803	chr8:145575133-145575434	544	75701	TRUE	4.771921562069507e-11	-0.5873338962475549	TRUE	660	92	2.5683823452816235
ENSG00000179091	chr8:145575133-145575434	659	91913	TRUE	2.3034670551993016e-9	-0.4704673239659627	TRUE	660	92	13.724376803441775
ENSG00000147804	chr8:145575133-145575434	609	84821	TRUE	4.776660298662098e-9	-0.5206321174392008	TRUE	660	92	5.086533954186068
ENSG00000179950	chr8:145575133-145575434	651	91096	TRUE	3.041655616292179e-8	-0.5616157020351578	TRUE	660	92	10.46709793014365
ENSG00000213563	chr8:145575133-145575434	190	29035	TRUE	1.542249957768669e-6	-0.6264630767519581	TRUE	660	92	0.43109680510849296
ENSG00000184428	chr8:145575133-145575434	495	65919	TRUE	6.175778069009803e-6	-0.5025723712236358	TRUE	660	92	1.730658249736971
ENSG00000197858	chr8:145575133-145575434	606	84075	TRUE	1.3898098007642619e-5	-0.41825539749096574	TRUE	660	92	4.055293394585248
ENSG00000187954	chr8:145575133-145575434	276	36102	TRUE	2.560008550611323e-5	-0.4572032861719165	TRUE	660	92	0.6038105357459087
ENSG00000185122	chr8:145575133-145575434	635	89166	TRUE	7.124766367947529e-5	-0.3158116183935724	TRUE	660	92	6.356948654645458
ENSG00000160932	chr8:145575133-145575434	657	91862	TRUE	1.1686432993853087e-4	-0.4631285497015343	TRUE	660	92	24.4127212308718
ENSG00000179526	chr8:145575133-145575434	507	68619	TRUE	2.8536941044746307e-4	-0.29829159105163394	TRUE	660	92	1.7531172849151535
ENSG00000104522	chr8:145575133-145575434	579	79230	TRUE	6.716699642891621e-4	-0.39471018719401396	TRUE	660	92	3.064064502015688
ENSG00000170619	chr8:145575133-145575434	306	41076	TRUE	7.594926018649802e-4	-0.49452564007742	TRUE	660	92	0.6836776149254664
ENSG00000160948	chr8:145575133-145575434	660	92435	TRUE	6.594930132410021e-16	-0.5157369435085162	TRUE	660	93	14.774670041772138
ENSG00000179950	chr8:145575133-145575434	651	91096	TRUE	1.0102665714339092e-14	-0.682606515006583	TRUE	660	93	10.46709793014365
ENSG00000185122	chr8:145575133-145575434	635	89166	TRUE	4.083342397810315e-13	-0.5125775075949077	TRUE	660	93	6.356948654645458
ENSG00000104522	chr8:145575133-145575434	579	79230	TRUE	8.1427792778512e-10	-0.5964748121482963	TRUE	660	93	3.064064502015688
ENSG00000147804	chr8:145575133-145575434	609	84821	TRUE	1.5333588661657204e-9	-0.5386660402694623	TRUE	660	93	5.086533954186068
ENSG00000179526	chr8:145575133-145575434	507	68619	TRUE	5.4691322155022435e-8	-0.4185206903400749	TRUE	660	93	1.7531172849151535
ENSG00000178896	chr8:145575133-145575434	593	79970	TRUE	5.902693057433477e-8	-0.5473031622777167	TRUE	660	93	3.7259601862558207
ENSG00000160932	chr8:145575133-145575434	657	91862	TRUE	5.57582257176923e-7	-0.4904094142677238	TRUE	660	93	24.4127212308718
ENSG00000178719	chr8:145575133-145575434	636	88657	TRUE	6.824045727322266e-7	-0.4941684624615563	TRUE	660	93	6.4488786107899205
ENSG00000179632	chr8:145575133-145575434	550	77034	TRUE	1.6792034839940135e-6	-0.4633689748899338	TRUE	660	93	2.585466212485807
ENSG00000185803	chr8:145575133-145575434	544	75701	TRUE	8.582756097925948e-6	-0.4892320757623797	TRUE	660	93	2.5683823452816235
ENSG00000184428	chr8:145575133-145575434	495	65919	TRUE	2.297279110968862e-5	-0.4875180255013463	TRUE	660	93	1.730658249736971
ENSG00000170619	chr8:145575133-145575434	306	41076	TRUE	3.1200571312466193e-5	-0.5584664609069272	TRUE	660	93	0.6836776149254664
ENSG00000197858	chr8:145575133-145575434	606	84075	TRUE	5.597943224890708e-5	-0.40401481377806436	TRUE	660	93	4.055293394585248
ENSG00000179091	chr8:145575133-145575434	659	91913	TRUE	6.500625049482046e-5	-0.3614122575377583	TRUE	660	93	13.724376803441775
ENSG00000104529	chr8:145575133-145575434	659	92623	TRUE	9.428763831367468e-5	-0.33540170406672676	TRUE	660	93	27.036844901403168
ENSG00000187954	chr8:145575133-145575434	276	36102	TRUE	6.04678488897302e-4	-0.3747411259799437	TRUE	660	93	0.6038105357459087
ENSG00000213563	chr8:145575133-145575434	190	29035	TRUE	0.010217330039467523	-0.35826696580238515	TRUE	660	93	0.43109680510849296
ENSG00000179091	chr8:145575133-145575434	659	91913	TRUE	1.2733382923440724e-14	-0.5868192320133963	TRUE	660	94	13.724376803441775
ENSG00000179950	chr8:145575133-145575434	651	91096	TRUE	3.10276621059621e-11	-0.6012143199307953	TRUE	660	94	10.46709793014365
ENSG00000104522	chr8:145575133-145575434	579	79230	TRUE	4.753315423534249e-11	-0.6227799385546549	TRUE	660	94	3.064064502015688
ENSG00000104529	chr8:145575133-145575434	659	92623	TRUE	7.654282927536561e-11	-0.42768886176103216	TRUE	660	94	27.036844901403168
ENSG00000160948	chr8:145575133-145575434	660	92435	TRUE	5.628537638139447e-10	-0.39747132304067767	TRUE	660	94	14.774670041772138
ENSG00000184428	chr8:145575133-145575434	495	65919	TRUE	7.190599315105576e-10	-0.6456354203154714	TRUE	660	94	1.730658249736971
ENSG00000178896	chr8:145575133-145575434	593	79970	TRUE	5.594980901871976e-9	-0.5572072861235855	TRUE	660	94	3.7259601862558207
ENSG00000179632	chr8:145575133-145575434	550	77034	TRUE	8.877541972351075e-8	-0.5091372204984653	TRUE	660	94	2.585466212485807
ENSG00000179526	chr8:145575133-145575434	507	68619	TRUE	1.3767497775887924e-6	-0.3641935279507179	TRUE	660	94	1.7531172849151535
ENSG00000213563	chr8:145575133-145575434	190	29035	TRUE	1.6968719420512547e-6	-0.6187274279723527	TRUE	660	94	0.43109680510849296
ENSG00000185122	chr8:145575133-145575434	635	89166	TRUE	2.9643076071177773e-6	-0.3051522715046442	TRUE	660	94	6.356948654645458
ENSG00000197858	chr8:145575133-145575434	606	84075	TRUE	6.120939264698329e-6	-0.42371757170486357	TRUE	660	94	4.055293394585248
ENSG00000147804	chr8:145575133-145575434	609	84821	TRUE	1.966913813186851e-5	-0.4158092924839287	TRUE	660	94	5.086533954186068
ENSG00000170619	chr8:145575133-145575434	306	41076	TRUE	4.3091279041790906e-5	-0.5760070422160624	TRUE	660	94	0.6836776149254664
ENSG00000178719	chr8:145575133-145575434	636	88657	TRUE	5.188823984629337e-5	-0.4224723645859272	TRUE	660	94	6.4488786107899205
ENSG00000187954	chr8:145575133-145575434	276	36102	TRUE	3.8501601649966466e-4	-0.38895498519964444	TRUE	660	94	0.6038105357459087
ENSG00000185803	chr8:145575133-145575434	544	75701	TRUE	5.574897152249795e-4	-0.41528728406863924	TRUE	660	94	2.5683823452816235
ENSG00000160932	chr8:145575133-145575434	657	91862	TRUE	0.0012611921891055172	-0.34850443012056775	TRUE	660	94	24.4127212308718
ENSG00000179091	chr8:145575133-145575434	659	91913	TRUE	3.688288859130628e-14	-0.527247879209582	TRUE	660	95	13.724376803441775
ENSG00000104529	chr8:145575133-145575434	659	92623	TRUE	1.6526596646640294e-12	-0.4540299318010117	TRUE	660	95	27.036844901403168
ENSG00000178719	chr8:145575133-145575434	636	88657	TRUE	2.3568691247013556e-12	-0.5607766714526918	TRUE	660	95	6.4488786107899205
ENSG00000197858	chr8:145575133-145575434	606	84075	TRUE	7.014472620403436e-11	-0.5390237827782602	TRUE	660	95	4.055293394585248
ENSG00000160932	chr8:145575133-145575434	657	91862	TRUE	1.5994079270633538e-10	-0.5336564716696888	TRUE	660	95	24.4127212308718
ENSG00000179950	chr8:145575133-145575434	651	91096	TRUE	4.71938043695606e-9	-0.5495826797496486	TRUE	660	95	10.46709793014365
ENSG00000147804	chr8:145575133-145575434	609	84821	TRUE	1.2316294724080924e-8	-0.4794094547126877	TRUE	660	95	5.086533954186068
ENSG00000104522	chr8:145575133-145575434	579	79230	TRUE	1.365474060007637e-8	-0.5260377437237651	TRUE	660	95	3.064064502015688
ENSG00000184428	chr8:145575133-145575434	495	65919	TRUE	1.5132777791775597e-7	-0.552177917227431	TRUE	660	95	1.730658249736971
ENSG00000187954	chr8:145575133-145575434	276	36102	TRUE	1.547815480878209e-6	-0.5288411602605735	TRUE	660	95	0.6038105357459087
ENSG00000178896	chr8:145575133-145575434	593	79970	TRUE	4.328590809545441e-6	-0.4719871533063926	TRUE	660	95	3.7259601862558207
ENSG00000185803	chr8:145575133-145575434	544	75701	TRUE	4.3937849327753496e-6	-0.4583238843258064	TRUE	660	95	2.5683823452816235
ENSG00000185122	chr8:145575133-145575434	635	89166	TRUE	4.611367701783803e-6	-0.2880979801116199	TRUE	660	95	6.356948654645458
ENSG00000160948	chr8:145575133-145575434	660	92435	TRUE	3.4658841901749615e-5	-0.28211988731258275	TRUE	660	95	14.774670041772138
ENSG00000179632	chr8:145575133-145575434	550	77034	TRUE	7.952199936727723e-5	-0.3968042724834362	TRUE	660	95	2.585466212485807
ENSG00000213563	chr8:145575133-145575434	190	29035	TRUE	1.1016177279271188e-4	-0.5145701966810605	TRUE	660	95	0.43109680510849296
ENSG00000179526	chr8:145575133-145575434	507	68619	TRUE	0.002956608638024147	-0.23526898908956628	TRUE	660	95	1.7531172849151535
ENSG00000170619	chr8:145575133-145575434	306	41076	TRUE	0.044	-0.37456501603650744	TRUE	660	95	0.6836776149254664
ENSG00000104529	chr8:145575133-145575434	659	92623	TRUE	1.413559856065531e-26	-0.6670423888798416	TRUE	660	96	27.036844901403168
ENSG00000160948	chr8:145575133-145575434	660	92435	TRUE	1.998615965655534e-14	-0.5068902472801682	TRUE	660	96	14.774670041772138
ENSG00000185803	chr8:145575133-145575434	544	75701	TRUE	8.411095256500114e-10	-0.5945174548614485	TRUE	660	96	2.5683823452816235
ENSG00000179091	chr8:145575133-145575434	659	91913	TRUE	1.2637449394341585e-9	-0.4711099021255971	TRUE	660	96	13.724376803441775
ENSG00000160932	chr8:145575133-145575434	657	91862	TRUE	2.7887228144270063e-9	-0.5554066691141601	TRUE	660	96	24.4127212308718
ENSG00000179950	chr8:145575133-145575434	651	91096	TRUE	8.520275475022818e-9	-0.549025439479728	TRUE	660	96	10.46709793014365
ENSG00000179632	chr8:145575133-145575434	550	77034	TRUE	9.839966532515873e-9	-0.544732775652464	TRUE	660	96	2.585466212485807
ENSG00000104522	chr8:145575133-145575434	579	79230	TRUE	7.173203322847457e-8	-0.5260377437237651	TRUE	660	96	3.064064502015688
ENSG00000178719	chr8:145575133-145575434	636	88657	TRUE	2.4697507251385817e-7	-0.4884233069042958	TRUE	660	96	6.4488786107899205
ENSG00000178896	chr8:145575133-145575434	593	79970	TRUE	8.228855569762054e-7	-0.49718770743153495	TRUE	660	96	3.7259601862558207
ENSG00000179526	chr8:145575133-145575434	507	68619	TRUE	3.184124635907757e-6	-0.3720556457236883	TRUE	660	96	1.7531172849151535
ENSG00000184428	chr8:145575133-145575434	495	65919	TRUE	1.6747568436056804e-5	-0.5076255989499212	TRUE	660	96	1.730658249736971
ENSG00000197858	chr8:145575133-145575434	606	84075	TRUE	4.140971704929379e-4	-0.35819003721894105	TRUE	660	96	4.055293394585248
ENSG00000147804	chr8:145575133-145575434	609	84821	TRUE	6.796360496084813e-4	-0.3379529783365611	TRUE	660	96	5.086533954186068
ENSG00000170619	chr8:145575133-145575434	306	41076	TRUE	0.006361033155655324	-0.4213592275154486	TRUE	660	96	0.6836776149254664
ENSG00000187954	chr8:145575133-145575434	276	36102	TRUE	0.028	-0.2614415618653778	TRUE	660	96	0.6038105357459087
ENSG00000213563	chr8:145575133-145575434	190	29035	TRUE	0.032	-0.3014357432057091	TRUE	660	96	0.43109680510849296
ENSG00000185122	chr8:145575133-145575434	635	89166	TRUE	0.044	-0.1680944137339182	TRUE	660	96	6.356948654645458
ENSG00000160948	chr8:145575133-145575434	660	92435	TRUE	3.5398041795601133e-14	-0.47261022359287574	TRUE	660	97	14.774670041772138
ENSG00000197858	chr8:145575133-145575434	606	84075	TRUE	1.5971942495590938e-12	-0.5872436668843268	TRUE	660	97	4.055293394585248
ENSG00000178896	chr8:145575133-145575434	593	79970	TRUE	4.143378046721604e-9	-0.5763823652443889	TRUE	660	97	3.7259601862558207
ENSG00000179091	chr8:145575133-145575434	659	91913	TRUE	2.482196314798545e-8	-0.46427044615925483	TRUE	660	97	13.724376803441775
ENSG00000179526	chr8:145575133-145575434	507	68619	TRUE	4.629996243550999e-8	-0.43819410939449494	TRUE	660	97	1.7531172849151535
ENSG00000104522	chr8:145575133-145575434	579	79230	TRUE	6.140892410880533e-8	-0.5442938686333565	TRUE	660	97	3.064064502015688
ENSG00000178719	chr8:145575133-145575434	636	88657	TRUE	2.2115154439158172e-7	-0.5012709754695326	TRUE	660	97	6.4488786107899205
ENSG00000147804	chr8:145575133-145575434	609	84821	TRUE	3.682232482718355e-7	-0.4643932778908364	TRUE	660	97	5.086533954186068
ENSG00000185122	chr8:145575133-145575434	635	89166	TRUE	4.223908351309897e-7	-0.35628901501316435	TRUE	660	97	6.356948654645458
ENSG00000104529	chr8:145575133-145575434	659	92623	TRUE	2.4149705357739748e-6	-0.37416315037663406	TRUE	660	97	27.036844901403168
ENSG00000170619	chr8:145575133-145575434	306	41076	TRUE	4.871686742854682e-6	-0.6072257728267825	TRUE	660	97	0.6836776149254664
ENSG00000179632	chr8:145575133-145575434	550	77034	TRUE	6.1687873360836715e-6	-0.43507993045851023	TRUE	660	97	2.585466212485807
ENSG00000187954	chr8:145575133-145575434	276	36102	TRUE	2.056246522741086e-5	-0.4823818491679134	TRUE	660	97	0.6038105357459087
ENSG00000184428	chr8:145575133-145575434	495	65919	TRUE	2.98611004665878e-5	-0.4908498861990945	TRUE	660	97	1.730658249736971
ENSG00000185803	chr8:145575133-145575434	544	75701	TRUE	3.204674697202458e-5	-0.45287357546004614	TRUE	660	97	2.5683823452816235
ENSG00000160932	chr8:145575133-145575434	657	91862	TRUE	1.593170105242299e-4	-0.3976531355764248	TRUE	660	97	24.4127212308718
ENSG00000213563	chr8:145575133-145575434	190	29035	TRUE	5.973210768949119e-4	-0.45137637019386667	TRUE	660	97	0.43109680510849296
ENSG00000179950	chr8:145575133-145575434	651	91096	TRUE	0.005526974767105813	-0.37968864241187994	TRUE	660	97	10.46709793014365
ENSG00000104529	chr8:145575133-145575434	659	92623	TRUE	4.552061661446053e-18	-0.5282365978163686	TRUE	660	98	27.036844901403168
ENSG00000178719	chr8:145575133-145575434	636	88657	TRUE	5.512723116563465e-15	-0.6301229615537078	TRUE	660	98	6.4488786107899205
ENSG00000147804	chr8:145575133-145575434	609	84821	TRUE	4.107276166697163e-11	-0.5581539859380389	TRUE	660	98	5.086533954186068
ENSG00000197858	chr8:145575133-145575434	606	84075	TRUE	8.887971171848712e-11	-0.5486888720217138	TRUE	660	98	4.055293394585248
ENSG00000160948	chr8:145575133-145575434	660	92435	TRUE	7.595688683061097e-10	-0.3848096754627188	TRUE	660	98	14.774670041772138
ENSG00000178896	chr8:145575133-145575434	593	79970	TRUE	8.118455209150331e-10	-0.5831121502330368	TRUE	660	98	3.7259601862558207
ENSG00000179526	chr8:145575133-145575434	507	68619	TRUE	1.0214921390581868e-8	-0.43489651929391976	TRUE	660	98	1.7531172849151535
ENSG00000160932	chr8:145575133-145575434	657	91862	TRUE	4.812176198764218e-8	-0.4818432222793838	TRUE	660	98	24.4127212308718
ENSG00000179632	chr8:145575133-145575434	550	77034	TRUE	5.006120641285047e-8	-0.4888648254722042	TRUE	660	98	2.585466212485807
ENSG00000185803	chr8:145575133-145575434	544	75701	TRUE	1.106493315192555e-7	-0.5368725614068142	TRUE	660	98	2.5683823452816235
ENSG00000185122	chr8:145575133-145575434	635	89166	TRUE	1.272201974505992e-7	-0.3512195103852105	TRUE	660	98	6.356948654645458
ENSG00000179091	chr8:145575133-145575434	659	91913	TRUE	2.686883653950855e-7	-0.40331419317351935	TRUE	660	98	13.724376803441775
ENSG00000104522	chr8:145575133-145575434	579	79230	TRUE	4.3716051771801e-7	-0.4986110533063304	TRUE	660	98	3.064064502015688
ENSG00000184428	chr8:145575133-145575434	495	65919	TRUE	1.312696777546092e-6	-0.49921335913372117	TRUE	660	98	1.730658249736971
ENSG00000170619	chr8:145575133-145575434	306	41076	TRUE	2.883728451221028e-4	-0.4903620151358839	TRUE	660	98	0.6836776149254664
ENSG00000179950	chr8:145575133-145575434	651	91096	TRUE	9.213278150420542e-4	-0.41276333608409344	TRUE	660	98	10.46709793014365
ENSG00000213563	chr8:145575133-145575434	190	29035	TRUE	0.03146455536318557	-0.30764089273241724	TRUE	660	98	0.43109680510849296
ENSG00000187954	chr8:145575133-145575434	276	36102	TRUE	0.14	-0.18091785684026662	FALSE	660	98	0.6038105357459087
ENSG00000178719	chr8:145575133-145575434	636	88657	TRUE	2.55726327688782e-12	-0.6238113124049742	TRUE	660	99	6.4488786107899205
ENSG00000185122	chr8:145575133-145575434	635	89166	TRUE	2.6242136755276642e-11	-0.43544403666616827	TRUE	660	99	6.356948654645458
ENSG00000184428	chr8:145575133-145575434	495	65919	TRUE	1.3968570036672622e-10	-0.6605664207613551	TRUE	660	99	1.730658249736971
ENSG00000179950	chr8:145575133-145575434	651	91096	TRUE	9.105294112444877e-10	-0.5723337203542758	TRUE	660	99	10.46709793014365
ENSG00000179632	chr8:145575133-145575434	550	77034	TRUE	4.317910775560377e-9	-0.5296985429807819	TRUE	660	99	2.585466212485807
ENSG00000179091	chr8:145575133-145575434	659	91913	TRUE	6.271608915166344e-9	-0.4583124050740426	TRUE	660	99	13.724376803441775
ENSG00000185803	chr8:145575133-145575434	544	75701	TRUE	1.8126285238289255e-8	-0.5507781634320325	TRUE	660	99	2.5683823452816235
ENSG00000160932	chr8:145575133-145575434	657	91862	TRUE	7.427978422418994e-8	-0.5347483655424377	TRUE	660	99	24.4127212308718
ENSG00000197858	chr8:145575133-145575434	606	84075	TRUE	5.712834658476288e-7	-0.45623233413044684	TRUE	660	99	4.055293394585248
ENSG00000160948	chr8:145575133-145575434	660	92435	TRUE	1.0684747982918396e-6	-0.33925362983178475	TRUE	660	99	14.774670041772138
ENSG00000104522	chr8:145575133-145575434	579	79230	TRUE	1.2877961780705105e-6	-0.4883427178525035	TRUE	660	99	3.064064502015688
ENSG00000104529	chr8:145575133-145575434	659	92623	TRUE	2.1784045192087438e-5	-0.3473134517858725	TRUE	660	99	27.036844901403168
ENSG00000179526	chr8:145575133-145575434	507	68619	TRUE	3.725961225985782e-5	-0.31032665597198217	TRUE	660	99	1.7531172849151535
ENSG00000213563	chr8:145575133-145575434	190	29035	TRUE	4.114069448694522e-5	-0.5362652677803796	TRUE	660	99	0.43109680510849296
ENSG00000170619	chr8:145575133-145575434	306	41076	TRUE	6.756149323575676e-5	-0.5454495752400925	TRUE	660	99	0.6836776149254664
ENSG00000178896	chr8:145575133-145575434	593	79970	TRUE	1.7832721706538632e-4	-0.43043466386188656	TRUE	660	99	3.7259601862558207
ENSG00000147804	chr8:145575133-145575434	609	84821	TRUE	2.668871073000455e-4	-0.39704405799644715	TRUE	660	99	5.086533954186068
ENSG00000187954	chr8:145575133-145575434	276	36102	TRUE	0.104	-0.2100642024997832	FALSE	660	99	0.6038105357459087
ENSG00000160948	chr8:145575133-145575434	660	92435	TRUE	2.208472422926314e-13	-0.4735674892645765	TRUE	660	100	14.774670041772138
ENSG00000160932	chr8:145575133-145575434	657	91862	TRUE	3.049500437129864e-8	-0.5250714949137878	TRUE	660	100	24.4127212308718
ENSG00000178719	chr8:145575133-145575434	636	88657	TRUE	6.121340984803942e-8	-0.5110943779850947	TRUE	660	100	6.4488786107899205
ENSG00000147804	chr8:145575133-145575434	609	84821	TRUE	3.5719654051019536e-7	-0.44953178709839703	TRUE	660	100	5.086533954186068
ENSG00000179526	chr8:145575133-145575434	507	68619	TRUE	6.473990017657593e-7	-0.38154709470098624	TRUE	660	100	1.7531172849151535
ENSG00000179091	chr8:145575133-145575434	659	91913	TRUE	9.380934149723959e-7	-0.395364316950527	TRUE	660	100	13.724376803441775
ENSG00000104522	chr8:145575133-145575434	579	79230	TRUE	1.2380826882983512e-6	-0.4986110533063304	TRUE	660	100	3.064064502015688
ENSG00000178896	chr8:145575133-145575434	593	79970	TRUE	3.53865801076326e-6	-0.4948063670709637	TRUE	660	100	3.7259601862558207
ENSG00000104529	chr8:145575133-145575434	659	92623	TRUE	4.0505402464420005e-6	-0.35152989994154904	TRUE	660	100	27.036844901403168
ENSG00000179632	chr8:145575133-145575434	550	77034	TRUE	7.943276405397378e-6	-0.4448096453942687	TRUE	660	100	2.585466212485807
ENSG00000213563	chr8:145575133-145575434	190	29035	TRUE	1.1618623133177785e-5	-0.5806593871388332	TRUE	660	100	0.43109680510849296
ENSG00000179950	chr8:145575133-145575434	651	91096	TRUE	1.440521318537202e-5	-0.4746488424913027	TRUE	660	100	10.46709793014365
ENSG00000185122	chr8:145575133-145575434	635	89166	TRUE	5.752750081297001e-5	-0.2905219992328054	TRUE	660	100	6.356948654645458
ENSG00000184428	chr8:145575133-145575434	495	65919	TRUE	4.8376173656140137e-4	-0.43362501750614446	TRUE	660	100	1.730658249736971
ENSG00000185803	chr8:145575133-145575434	544	75701	TRUE	9.401346477059015e-4	-0.3931967351843755	TRUE	660	100	2.5683823452816235
ENSG00000197858	chr8:145575133-145575434	606	84075	TRUE	0.010759522099471383	-0.3150444126063072	TRUE	660	100	4.055293394585248
ENSG00000170619	chr8:145575133-145575434	306	41076	TRUE	0.023035794897095688	-0.3669114434930721	TRUE	660	100	0.6836776149254664
ENSG00000187954	chr8:145575133-145575434	276	36102	TRUE	0.076	-0.2100642024997832	TRUE	660	100	0.6038105357459087
ENSG00000109083	RPL23A_TSS	536	78410	TRUE	8.265454900967592e-13	-0.4771822226058319	TRUE	627	1	2.616060918570372
ENSG00000004142	RPL23A_TSS	558	82797	TRUE	1.474596498505815e-8	-0.5460246239997006	TRUE	627	1	3.543714907757534
ENSG00000109084	RPL23A_TSS	582	86290	TRUE	7.607956567003217e-8	-0.4870100993892106	TRUE	627	1	5.063397814515037
ENSG00000132581	RPL23A_TSS	529	78651	TRUE	1.4217213052830928e-7	-0.44222797156112703	TRUE	627	1	2.5055262143608656
ENSG00000076604	RPL23A_TSS	477	65407	TRUE	1.5173668191942205e-6	-0.5740930895857967	TRUE	627	1	1.6950738043897204
ENSG00000108256	RPL23A_TSS	132	17362	TRUE	8.722007778594124e-4	-0.5352325592518317	TRUE	627	1	0.21985062033188538
ENSG00000109046	RPL23A_TSS	291	39113	TRUE	0.04	-0.35605619838368285	TRUE	627	1	0.6483431773909601
ENSG00000109084	RPL23A_TSS	582	86290	TRUE	1.7469420539481078e-10	-0.5198000345068803	TRUE	627	2	5.063397814515037
ENSG00000109083	RPL23A_TSS	536	78410	TRUE	2.1437081897143057e-10	-0.4448386252903196	TRUE	627	2	2.616060918570372
ENSG00000076604	RPL23A_TSS	477	65407	TRUE	3.2786756542392204e-10	-0.708986074873347	TRUE	627	2	1.6950738043897204
ENSG00000132581	RPL23A_TSS	529	78651	TRUE	1.4830721956125923e-8	-0.43754769157354445	TRUE	627	2	2.5055262143608656
ENSG00000004142	RPL23A_TSS	558	82797	TRUE	1.074581926137374e-7	-0.5214675197557219	TRUE	627	2	3.543714907757534
ENSG00000109046	RPL23A_TSS	291	39113	TRUE	1.607005266591431e-4	-0.5013557515326563	TRUE	627	2	0.6483431773909601
ENSG00000108256	RPL23A_TSS	132	17362	TRUE	0.08	-0.2942244597480368	TRUE	627	2	0.21985062033188538
ENSG00000132581	RPL23A_TSS	529	78651	TRUE	4.0701039333173155e-8	-0.45636060742537243	TRUE	627	3	2.5055262143608656
ENSG00000076604	RPL23A_TSS	477	65407	TRUE	1.4564556661288358e-5	-0.5155727205086648	TRUE	627	3	1.6950738043897204
ENSG00000109084	RPL23A_TSS	582	86290	TRUE	3.973538307909416e-5	-0.37555636451993823	TRUE	627	3	5.063397814515037
ENSG00000109083	RPL23A_TSS	536	78410	TRUE	6.753942041565252e-5	-0.24663566952094262	TRUE	627	3	2.616060918570372
ENSG00000004142	RPL23A_TSS	558	82797	TRUE	9.465793123633126e-5	-0.4321132225530424	TRUE	627	3	3.543714907757534
ENSG00000109046	RPL23A_TSS	291	39113	TRUE	0.010349825411639521	-0.3690730840505174	TRUE	627	3	0.6483431773909601
ENSG00000108256	RPL23A_TSS	132	17362	TRUE	0.020512643110731726	-0.3572342572738374	TRUE	627	3	0.21985062033188538
ENSG00000132581	RPL23A_TSS	529	78651	TRUE	3.349242011632029e-15	-0.6032442644812156	TRUE	627	4	2.5055262143608656
ENSG00000004142	RPL23A_TSS	558	82797	TRUE	6.634189836028668e-15	-0.6881351365654342	TRUE	627	4	3.543714907757534
ENSG00000109083	RPL23A_TSS	536	78410	TRUE	2.1119276648879476e-9	-0.39212645265305945	TRUE	627	4	2.616060918570372
ENSG00000076604	RPL23A_TSS	477	65407	TRUE	4.713858056476993e-9	-0.6389871393644933	TRUE	627	4	1.6950738043897204
ENSG00000109046	RPL23A_TSS	291	39113	TRUE	3.2227534052744507e-7	-0.6844780553565455	TRUE	627	4	0.6483431773909601
ENSG00000109084	RPL23A_TSS	582	86290	TRUE	1.479965072559604e-6	-0.39345048590033604	TRUE	627	4	5.063397814515037
ENSG00000108256	RPL23A_TSS	132	17362	TRUE	2.2263434048760272e-4	-0.5947335710004937	TRUE	627	4	0.21985062033188538
ENSG00000004142	RPL23A_TSS	558	82797	TRUE	6.65651483094639e-8	-0.5416086577698365	TRUE	627	5	3.543714907757534
ENSG00000132581	RPL23A_TSS	529	78651	TRUE	2.992276086390133e-7	-0.44692348438267937	TRUE	627	5	2.5055262143608656
ENSG00000109084	RPL23A_TSS	582	86290	TRUE	4.304417879200974e-7	-0.42646033319721655	TRUE	627	5	5.063397814515037
ENSG00000076604	RPL23A_TSS	477	65407	TRUE	1.5844669259871256e-5	-0.5191615159933297	TRUE	627	5	1.6950738043897204
ENSG00000109083	RPL23A_TSS	536	78410	TRUE	0.0016823038953484928	-0.2034790989433306	TRUE	627	5	2.616060918570372
ENSG00000109046	RPL23A_TSS	291	39113	TRUE	0.0017278909571616314	-0.45435827199548684	TRUE	627	5	0.6483431773909601
ENSG00000108256	RPL23A_TSS	132	17362	TRUE	0.028	-0.34441021691625373	TRUE	627	5	0.21985062033188538
ENSG00000132581	RPL23A_TSS	529	78651	TRUE	1.1057648939425064e-9	-0.4983896524166347	TRUE	627	6	2.5055262143608656
ENSG00000076604	RPL23A_TSS	477	65407	TRUE	4.442748935314924e-8	-0.6331423168898407	TRUE	627	6	1.6950738043897204
ENSG00000109083	RPL23A_TSS	536	78410	TRUE	1.004458697816922e-4	-0.26971928263398404	TRUE	627	6	2.616060918570372
ENSG00000004142	RPL23A_TSS	558	82797	TRUE	1.5088496134819484e-4	-0.4337489313914036	TRUE	627	6	3.543714907757534
ENSG00000109084	RPL23A_TSS	582	86290	TRUE	3.000603088797113e-4	-0.34422207229038104	TRUE	627	6	5.063397814515037
ENSG00000108256	RPL23A_TSS	132	17362	TRUE	0.014203353013597902	-0.4097016771679729	TRUE	627	6	0.21985062033188538
ENSG00000109046	RPL23A_TSS	291	39113	TRUE	0.04	-0.3690730840505174	TRUE	627	6	0.6483431773909601
ENSG00000132581	RPL23A_TSS	529	78651	TRUE	3.8786308847444016e-10	-0.5118557200170759	TRUE	627	7	2.5055262143608656
ENSG00000076604	RPL23A_TSS	477	65407	TRUE	1.9392673204956916e-7	-0.6004616180951778	TRUE	627	7	1.6950738043897204
ENSG00000109083	RPL23A_TSS	536	78410	TRUE	3.9850570949725994e-7	-0.344465525502875	TRUE	627	7	2.616060918570372
ENSG00000004142	RPL23A_TSS	558	82797	TRUE	8.265194000553499e-7	-0.5058987171472389	TRUE	627	7	3.543714907757534
ENSG00000109084	RPL23A_TSS	582	86290	TRUE	9.11869529040464e-7	-0.4351217262782403	TRUE	627	7	5.063397814515037
ENSG00000109046	RPL23A_TSS	291	39113	TRUE	0.003893536818963657	-0.4359797426806322	TRUE	627	7	0.6483431773909601
ENSG00000108256	RPL23A_TSS	132	17362	TRUE	0.04	-0.33169916516669984	TRUE	627	7	0.21985062033188538
ENSG00000132581	RPL23A_TSS	529	78651	TRUE	7.274357332882778e-13	-0.5824295475622696	TRUE	627	8	2.5055262143608656
ENSG00000076604	RPL23A_TSS	477	65407	TRUE	1.6975719410113098e-6	-0.5703651933490441	TRUE	627	8	1.6950738043897204
ENSG00000004142	RPL23A_TSS	558	82797	TRUE	3.510178208965893e-5	-0.45934247598486033	TRUE	627	8	3.543714907757534
ENSG00000109084	RPL23A_TSS	582	86290	TRUE	9.430722047711754e-4	-0.33122960887829933	TRUE	627	8	5.063397814515037
ENSG00000109083	RPL23A_TSS	536	78410	TRUE	0.0032693080093300214	-0.1881004585511885	TRUE	627	8	2.616060918570372
ENSG00000108256	RPL23A_TSS	132	17362	TRUE	0.0037538582250454325	-0.4503436616653187	TRUE	627	8	0.21985062033188538
ENSG00000109046	RPL23A_TSS	291	39113	TRUE	0.005669691140155322	-0.4088436127431181	TRUE	627	8	0.6483431773909601
ENSG00000109083	RPL23A_TSS	536	78410	TRUE	1.748713622839245e-8	-0.3855337753426302	TRUE	627	9	2.616060918570372
ENSG00000132581	RPL23A_TSS	529	78651	TRUE	1.978171813600538e-7	-0.4445738176729228	TRUE	627	9	2.5055262143608656
ENSG00000076604	RPL23A_TSS	477	65407	TRUE	8.26973890696354e-6	-0.5537078493954359	TRUE	627	9	1.6950738043897204
ENSG00000004142	RPL23A_TSS	558	82797	TRUE	0.0017260594791464468	-0.3744297796002358	TRUE	627	9	3.543714907757534
ENSG00000109084	RPL23A_TSS	582	86290	TRUE	0.0037414993859635967	-0.3290755285365159	TRUE	627	9	5.063397814515037
ENSG00000109046	RPL23A_TSS	291	39113	TRUE	0.012484739781232934	-0.37343827661191953	TRUE	627	9	0.6483431773909601
ENSG00000108256	RPL23A_TSS	132	17362	TRUE	0.12	-0.26977141602349786	FALSE	627	9	0.21985062033188538
ENSG00000132581	RPL23A_TSS	529	78651	TRUE	3.7435981863011194e-10	-0.4862558967807795	TRUE	627	10	2.5055262143608656
ENSG00000109084	RPL23A_TSS	582	86290	TRUE	5.650098570924157e-7	-0.43396386502757633	TRUE	627	10	5.063397814515037
ENSG00000109083	RPL23A_TSS	536	78410	TRUE	4.773485229656038e-5	-0.28395317580669155	TRUE	627	10	2.616060918570372
ENSG00000076604	RPL23A_TSS	477	65407	TRUE	1.6068015257316576e-4	-0.4627853061492295	TRUE	627	10	1.6950738043897204
ENSG00000004142	RPL23A_TSS	558	82797	TRUE	2.4680774160451297e-4	-0.4134346695282676	TRUE	627	10	3.543714907757534
ENSG00000108256	RPL23A_TSS	132	17362	TRUE	5.144127196914754e-4	-0.5796266786102855	TRUE	627	10	0.21985062033188538
ENSG00000109046	RPL23A_TSS	291	39113	TRUE	0.0331915051168413	-0.33888105457555084	TRUE	627	10	0.6483431773909601
ENSG00000109084	RPL23A_TSS	582	86290	TRUE	7.65551808211873e-14	-0.5483323367262314	TRUE	627	11	5.063397814515037
ENSG00000109083	RPL23A_TSS	536	78410	TRUE	1.2304411087563603e-9	-0.39985618050973737	TRUE	627	11	2.616060918570372
ENSG00000076604	RPL23A_TSS	477	65407	TRUE	1.551018974932654e-8	-0.6157485959963723	TRUE	627	11	1.6950738043897204
ENSG00000132581	RPL23A_TSS	529	78651	TRUE	1.3577040405092218e-7	-0.4293935598251031	TRUE	627	11	2.5055262143608656
ENSG00000004142	RPL23A_TSS	558	82797	TRUE	4e-4	-0.5504541486365575	TRUE	627	11	3.543714907757534
ENSG00000109046	RPL23A_TSS	291	39113	TRUE	0.007121576411543276	-0.37343827661191953	TRUE	627	11	0.6483431773909601
ENSG00000108256	RPL23A_TSS	132	17362	TRUE	0.017101697741709387	-0.39640485455451513	TRUE	627	11	0.21985062033188538
ENSG00000004142	RPL23A_TSS	558	82797	TRUE	7.205088692314166e-12	-0.6139393457253932	TRUE	627	12	3.543714907757534
ENSG00000109083	RPL23A_TSS	536	78410	TRUE	5.277562389440068e-6	-0.2666873479820555	TRUE	627	12	2.616060918570372
ENSG00000076604	RPL23A_TSS	477	65407	TRUE	2.826384489679971e-5	-0.5119928302328638	TRUE	627	12	1.6950738043897204
ENSG00000109084	RPL23A_TSS	582	86290	TRUE	6.915062230331177e-5	-0.3744453170711961	TRUE	627	12	5.063397814515037
ENSG00000132581	RPL23A_TSS	529	78651	TRUE	7.799954206374853e-5	-0.3404282667987568	TRUE	627	12	2.5055262143608656
ENSG00000109046	RPL23A_TSS	291	39113	TRUE	1.871624685260637e-4	-0.5157588166596301	TRUE	627	12	0.6483431773909601
ENSG00000108256	RPL23A_TSS	132	17362	TRUE	0.004797483971999111	-0.4503436616653187	TRUE	627	12	0.21985062033188538
ENSG00000004142	RPL23A_TSS	558	82797	TRUE	2.155468129575274e-12	-0.6102353769619744	TRUE	627	13	3.543714907757534
ENSG00000109084	RPL23A_TSS	582	86290	TRUE	3.376837203012948e-11	-0.5278064736390597	TRUE	627	13	5.063397814515037
ENSG00000132581	RPL23A_TSS	529	78651	TRUE	6.814424620190328e-11	-0.5530249089934804	TRUE	627	13	2.5055262143608656
ENSG00000076604	RPL23A_TSS	477	65407	TRUE	2.3869084193685916e-8	-0.6138288418330069	TRUE	627	13	1.6950738043897204
ENSG00000109083	RPL23A_TSS	536	78410	TRUE	1.0312600706264088e-6	-0.3191173763735806	TRUE	627	13	2.616060918570372
ENSG00000109046	RPL23A_TSS	291	39113	TRUE	1.1944713198790992e-5	-0.5849423818056312	TRUE	627	13	0.6483431773909601
ENSG00000108256	RPL23A_TSS	132	17362	TRUE	0.001736205670393301	-0.4503436616653187	TRUE	627	13	0.21985062033188538
ENSG00000132581	RPL23A_TSS	529	78651	TRUE	1.8650981191738914e-10	-0.5204909448450881	TRUE	627	14	2.5055262143608656
ENSG00000109084	RPL23A_TSS	582	86290	TRUE	3.8981175885048603e-10	-0.5093966741792886	TRUE	627	14	5.063397814515037
ENSG00000109046	RPL23A_TSS	291	39113	TRUE	1.9986454373834613e-8	-0.7173926778292805	TRUE	627	14	0.6483431773909601
ENSG00000109083	RPL23A_TSS	536	78410	TRUE	2.810984864184572e-6	-0.32016470494290794	TRUE	627	14	2.616060918570372
ENSG00000004142	RPL23A_TSS	558	82797	TRUE	3.6099534895127263e-6	-0.48455036902562254	TRUE	627	14	3.543714907757534
ENSG00000076604	RPL23A_TSS	477	65407	TRUE	0.0026825862985969014	-0.4303254338901537	TRUE	627	14	1.6950738043897204
ENSG00000108256	RPL23A_TSS	132	17362	TRUE	0.012381247865473732	-0.4097016771679729	TRUE	627	14	0.21985062033188538
ENSG00000132581	RPL23A_TSS	529	78651	TRUE	2.679960303467143e-6	-0.4178241711129662	TRUE	627	15	2.5055262143608656
ENSG00000004142	RPL23A_TSS	558	82797	TRUE	2.2074206161103345e-5	-0.45186520306048417	TRUE	627	15	3.543714907757534
ENSG00000109084	RPL23A_TSS	582	86290	TRUE	3.473311931682845e-5	-0.365035801384773	TRUE	627	15	5.063397814515037
ENSG00000109083	RPL23A_TSS	536	78410	TRUE	4.338905083263282e-5	-0.27073134513840547	TRUE	627	15	2.616060918570372
ENSG00000076604	RPL23A_TSS	477	65407	TRUE	5.940286231308056e-4	-0.44561016234109757	TRUE	627	15	1.6950738043897204
ENSG00000108256	RPL23A_TSS	132	17362	TRUE	0.048	-0.34441021691625373	TRUE	627	15	0.21985062033188538
ENSG00000109046	RPL23A_TSS	291	39113	TRUE	0.26	-0.24390546397056412	FALSE	627	15	0.6483431773909601
ENSG00000109083	RPL23A_TSS	536	78410	TRUE	2.3508088740158118e-8	-0.3508727678960135	TRUE	627	16	2.616060918570372
ENSG00000076604	RPL23A_TSS	477	65407	TRUE	1.0619867381465224e-7	-0.6004616180951778	TRUE	627	16	1.6950738043897204
ENSG00000109084	RPL23A_TSS	582	86290	TRUE	4.105387401394725e-7	-0.45143012002011584	TRUE	627	16	5.063397814515037
ENSG00000132581	RPL23A_TSS	529	78651	TRUE	5.324997411776862e-6	-0.39609470304062566	TRUE	627	16	2.5055262143608656
ENSG00000004142	RPL23A_TSS	558	82797	TRUE	5.8639999103349185e-6	-0.47189136670945087	TRUE	627	16	3.543714907757534
ENSG00000109046	RPL23A_TSS	291	39113	TRUE	6.07611276313199e-6	-0.5849423818056312	TRUE	627	16	0.6483431773909601
ENSG00000108256	RPL23A_TSS	132	17362	TRUE	0.009862022298851358	-0.4231221929302946	TRUE	627	16	0.21985062033188538
ENSG00000109083	RPL23A_TSS	536	78410	TRUE	8.549964478254478e-9	-0.41208719438394703	TRUE	627	17	2.616060918570372
ENSG00000132581	RPL23A_TSS	529	78651	TRUE	2.89897214746451e-7	-0.4235972682159145	TRUE	627	17	2.5055262143608656
ENSG00000004142	RPL23A_TSS	558	82797	TRUE	2.3897547063361562e-6	-0.47694164622217183	TRUE	627	17	3.543714907757534
ENSG00000076604	RPL23A_TSS	477	65407	TRUE	6.41873764993979e-5	-0.48893759400519804	TRUE	627	17	1.6950738043897204
ENSG00000109084	RPL23A_TSS	582	86290	TRUE	4.155504075231721e-4	-0.3661396231990559	TRUE	627	17	5.063397814515037
ENSG00000109046	RPL23A_TSS	291	39113	TRUE	0.009794635472240243	-0.3647210595108106	TRUE	627	17	0.6483431773909601
ENSG00000108256	RPL23A_TSS	132	17362	TRUE	0.268	-0.2103928689445662	FALSE	627	17	0.21985062033188538
ENSG00000132581	RPL23A_TSS	529	78651	TRUE	4.362197556518748e-10	-0.48988532018147046	TRUE	627	18	2.5055262143608656
ENSG00000004142	RPL23A_TSS	558	82797	TRUE	2.486848476275422e-9	-0.5602472411302979	TRUE	627	18	3.543714907757534
ENSG00000109084	RPL23A_TSS	582	86290	TRUE	2.0988771827127163e-8	-0.449089032218954	TRUE	627	18	5.063397814515037
ENSG00000109083	RPL23A_TSS	536	78410	TRUE	1.6980589858965264e-6	-0.3149356486896133	TRUE	627	18	2.616060918570372
ENSG00000076604	RPL23A_TSS	477	65407	TRUE	1.274947920675961e-4	-0.4766741743393695	TRUE	627	18	1.6950738043897204
ENSG00000109046	RPL23A_TSS	291	39113	TRUE	3.130236223729925e-4	-0.4682974629533605	TRUE	627	18	0.6483431773909601
ENSG00000108256	RPL23A_TSS	132	17362	TRUE	0.001239679910815368	-0.5352325592518317	TRUE	627	18	0.21985062033188538
ENSG00000132581	RPL23A_TSS	529	78651	TRUE	4.017336992230147e-15	-0.6045552096335626	TRUE	627	19	2.5055262143608656
ENSG00000004142	RPL23A_TSS	558	82797	TRUE	2.0122959740494914e-13	-0.6735672405770439	TRUE	627	19	3.543714907757534
ENSG00000109084	RPL23A_TSS	582	86290	TRUE	7.462651443804789e-12	-0.5710623567782911	TRUE	627	19	5.063397814515037
ENSG00000076604	RPL23A_TSS	477	65407	TRUE	4.490589821369052e-8	-0.6195957850518932	TRUE	627	19	1.6950738043897204
ENSG00000109083	RPL23A_TSS	536	78410	TRUE	9.744111592421834e-6	-0.28702165276823544	TRUE	627	19	2.616060918570372
ENSG00000109046	RPL23A_TSS	291	39113	TRUE	0.0026284901401196284	-0.4359797426806322	TRUE	627	19	0.6483431773909601
ENSG00000108256	RPL23A_TSS	132	17362	TRUE	0.00781887218678642	-0.43666872476824237	TRUE	627	19	0.21985062033188538
ENSG00000076604	RPL23A_TSS	477	65407	TRUE	6.087350339390742e-9	-0.6409406874502482	TRUE	627	20	1.6950738043897204
ENSG00000109083	RPL23A_TSS	536	78410	TRUE	1.4567601573344251e-8	-0.37897108757018017	TRUE	627	20	2.616060918570372
ENSG00000132581	RPL23A_TSS	529	78651	TRUE	1.9760997794253983e-8	-0.46466903457263353	TRUE	627	20	2.5055262143608656
ENSG00000109084	RPL23A_TSS	582	86290	TRUE	4.269803815981979e-6	-0.42243607663842164	TRUE	627	20	5.063397814515037
ENSG00000004142	RPL23A_TSS	558	82797	TRUE	0.009874038132109603	-0.35415373176994747	TRUE	627	20	3.543714907757534
ENSG00000109046	RPL23A_TSS	291	39113	TRUE	0.012169875379105147	-0.37781671712249365	TRUE	627	20	0.6483431773909601
ENSG00000108256	RPL23A_TSS	132	17362	TRUE	0.16	-0.23385184176855534	FALSE	627	20	0.21985062033188538
ENSG00000109083	RPL23A_TSS	536	78410	TRUE	1.821184668667455e-11	-0.4597651695284225	TRUE	627	21	2.616060918570372
ENSG00000109084	RPL23A_TSS	582	86290	TRUE	1.0935909142792285e-9	-0.5228741780968291	TRUE	627	21	5.063397814515037
ENSG00000004142	RPL23A_TSS	558	82797	TRUE	1.3421249728771956e-8	-0.552229773526409	TRUE	627	21	3.543714907757534
ENSG00000076604	RPL23A_TSS	477	65407	TRUE	3.4012935335765585e-8	-0.6234532607214069	TRUE	627	21	1.6950738043897204
ENSG00000132581	RPL23A_TSS	529	78651	TRUE	2.4336822818995954e-5	-0.3758064696839336	TRUE	627	21	2.5055262143608656
ENSG00000109046	RPL23A_TSS	291	39113	TRUE	0.009490601403212909	-0.3866136653596528	TRUE	627	21	0.6483431773909601
ENSG00000108256	RPL23A_TSS	132	17362	TRUE	0.108	-0.28194612996960045	FALSE	627	21	0.21985062033188538
ENSG00000109084	RPL23A_TSS	582	86290	TRUE	5.1869555759499796e-12	-0.5352366791145482	TRUE	627	22	5.063397814515037
ENSG00000132581	RPL23A_TSS	529	78651	TRUE	5.519380717295227e-9	-0.48022707463136094	TRUE	627	22	2.5055262143608656
ENSG00000076604	RPL23A_TSS	477	65407	TRUE	1.716245525000982e-5	-0.5245615037359194	TRUE	627	22	1.6950738043897204
ENSG00000109046	RPL23A_TSS	291	39113	TRUE	3.1013818239569724e-5	-0.5598514008428008	TRUE	627	22	0.6483431773909601
ENSG00000004142	RPL23A_TSS	558	82797	TRUE	1.9671327862839233e-4	-0.4174747030865902	TRUE	627	22	3.543714907757534
ENSG00000109083	RPL23A_TSS	536	78410	TRUE	0.01739836158102384	-0.15876291349560812	TRUE	627	22	2.616060918570372
ENSG00000108256	RPL23A_TSS	132	17362	TRUE	0.044	-0.34441021691625373	TRUE	627	22	0.21985062033188538
ENSG00000004142	RPL23A_TSS	558	82797	TRUE	4.728093244006542e-14	-0.689111579946796	TRUE	627	23	3.543714907757534
ENSG00000109084	RPL23A_TSS	582	86290	TRUE	3.058022753190591e-10	-0.5106167123415446	TRUE	627	23	5.063397814515037
ENSG00000109083	RPL23A_TSS	536	78410	TRUE	6.018438994864544e-9	-0.36593459789328686	TRUE	627	23	2.616060918570372
ENSG00000132581	RPL23A_TSS	529	78651	TRUE	1.2353649580192202e-6	-0.4120740836250767	TRUE	627	23	2.5055262143608656
ENSG00000109046	RPL23A_TSS	291	39113	TRUE	7.963226180625425e-5	-0.5061408140980332	TRUE	627	23	0.6483431773909601
ENSG00000076604	RPL23A_TSS	477	65407	TRUE	1.429078536176083e-4	-0.4524557032555	TRUE	627	23	1.6950738043897204
ENSG00000108256	RPL23A_TSS	132	17362	TRUE	0.136	-0.24572594205684695	FALSE	627	23	0.21985062033188538
ENSG00000109084	RPL23A_TSS	582	86290	TRUE	2.9854241180749894e-8	-0.4864098518078914	TRUE	627	24	5.063397814515037
ENSG00000132581	RPL23A_TSS	529	78651	TRUE	4.8493518637438915e-8	-0.4539955330581812	TRUE	627	24	2.5055262143608656
ENSG00000076604	RPL23A_TSS	477	65407	TRUE	2.3821762878847809e-7	-0.5759606562425639	TRUE	627	24	1.6950738043897204
ENSG00000004142	RPL23A_TSS	558	82797	TRUE	1.3638099536539581e-6	-0.49988926764518915	TRUE	627	24	3.543714907757534
ENSG00000109083	RPL23A_TSS	536	78410	TRUE	0.0010414514178133938	-0.2141478167720381	TRUE	627	24	2.616060918570372
ENSG00000108256	RPL23A_TSS	132	17362	TRUE	0.001255970191175973	-0.5063776965796469	TRUE	627	24	0.21985062033188538
ENSG00000109046	RPL23A_TSS	291	39113	TRUE	0.0224460415060323	-0.3647210595108106	TRUE	627	24	0.6483431773909601
ENSG00000004142	RPL23A_TSS	558	82797	TRUE	3.4456201075730796e-9	-0.5773207544892394	TRUE	627	25	3.543714907757534
ENSG00000109084	RPL23A_TSS	582	86290	TRUE	5.2845827418364875e-9	-0.46733261461274456	TRUE	627	25	5.063397814515037
ENSG00000132581	RPL23A_TSS	529	78651	TRUE	6.299434823640637e-8	-0.46824448879646097	TRUE	627	25	2.5055262143608656
ENSG00000076604	RPL23A_TSS	477	65407	TRUE	1.2137408137757785e-6	-0.5722279373662339	TRUE	627	25	1.6950738043897204
ENSG00000109083	RPL23A_TSS	536	78410	TRUE	1.8553275783874182e-6	-0.32331126025977164	TRUE	627	25	2.616060918570372
ENSG00000109046	RPL23A_TSS	291	39113	TRUE	0.0010506629365181052	-0.47766564548755586	TRUE	627	25	0.6483431773909601
ENSG00000108256	RPL23A_TSS	132	17362	TRUE	0.036	-0.30660818420386926	TRUE	627	25	0.21985062033188538
ENSG00000109083	RPL23A_TSS	536	78410	TRUE	3.2315809088214834e-11	-0.445981354095323	TRUE	627	26	2.616060918570372
ENSG00000004142	RPL23A_TSS	558	82797	TRUE	4.150378650470576e-11	-0.5945987459210749	TRUE	627	26	3.543714907757534
ENSG00000076604	RPL23A_TSS	477	65407	TRUE	8.087389512393808e-10	-0.6846019162463877	TRUE	627	26	1.6950738043897204
ENSG00000132581	RPL23A_TSS	529	78651	TRUE	8.80034509096188e-8	-0.44927698415565154	TRUE	627	26	2.5055262143608656
ENSG00000109046	RPL23A_TSS	291	39113	TRUE	4.066089656972166e-6	-0.6053341706368089	TRUE	627	26	0.6483431773909601
ENSG00000109084	RPL23A_TSS	582	86290	TRUE	1.5714286926913875e-5	-0.413850284341974	TRUE	627	26	5.063397814515037
ENSG00000108256	RPL23A_TSS	132	17362	TRUE	0.0031575408259861826	-0.49216383735994595	TRUE	627	26	0.21985062033188538
ENSG00000004142	RPL23A_TSS	558	82797	TRUE	1.2380025201471915e-10	-0.603776226239005	TRUE	627	27	3.543714907757534
ENSG00000109084	RPL23A_TSS	582	86290	TRUE	9.753897025265048e-8	-0.4450012475427074	TRUE	627	27	5.063397814515037
ENSG00000076604	RPL23A_TSS	477	65407	TRUE	1.776941544210319e-7	-0.5685048513235164	TRUE	627	27	1.6950738043897204
ENSG00000132581	RPL23A_TSS	529	78651	TRUE	4.4126933758961663e-7	-0.4201306384961351	TRUE	627	27	2.5055262143608656
ENSG00000109083	RPL23A_TSS	536	78410	TRUE	1.3181352488847876e-4	-0.2546229289031243	TRUE	627	27	2.616060918570372
ENSG00000109046	RPL23A_TSS	291	39113	TRUE	0.064	-0.3219079759718375	TRUE	627	27	0.6483431773909601
ENSG00000108256	RPL23A_TSS	132	17362	TRUE	0.12	-0.24572594205684695	FALSE	627	27	0.21985062033188538
ENSG00000132581	RPL23A_TSS	529	78651	TRUE	1.6703528345615989e-12	-0.5734166978246583	TRUE	627	28	2.5055262143608656
ENSG00000109083	RPL23A_TSS	536	78410	TRUE	5.803251422361385e-12	-0.4748477641015022	TRUE	627	28	2.616060918570372
ENSG00000004142	RPL23A_TSS	558	82797	TRUE	3.969964267185036e-6	-0.4853982650482003	TRUE	627	28	3.543714907757534
ENSG00000109084	RPL23A_TSS	582	86290	TRUE	4.298268019442488e-6	-0.41556335999255767	TRUE	627	28	5.063397814515037
ENSG00000109046	RPL23A_TSS	291	39113	TRUE	2.0977726100503656e-5	-0.5648348083570565	TRUE	627	28	0.6483431773909601
ENSG00000076604	RPL23A_TSS	477	65407	TRUE	0.0010943765887699054	-0.43370807328480593	TRUE	627	28	1.6950738043897204
ENSG00000108256	RPL23A_TSS	132	17362	TRUE	0.076	-0.2942244597480368	TRUE	627	28	0.21985062033188538
ENSG00000004142	RPL23A_TSS	558	82797	TRUE	1.099910027915421e-14	-0.6668189053283418	TRUE	627	29	3.543714907757534
ENSG00000109084	RPL23A_TSS	582	86290	TRUE	4.045389215832137e-8	-0.4485043533696591	TRUE	627	29	5.063397814515037
ENSG00000109083	RPL23A_TSS	536	78410	TRUE	3.4260397700625403e-4	-0.22882439340448202	TRUE	627	29	2.616060918570372
ENSG00000132581	RPL23A_TSS	529	78651	TRUE	0.001957921833271585	-0.3016380126267304	TRUE	627	29	2.5055262143608656
ENSG00000076604	RPL23A_TSS	477	65407	TRUE	0.0022870381538335413	-0.44219953417844554	TRUE	627	29	1.6950738043897204
ENSG00000109046	RPL23A_TSS	291	39113	TRUE	0.056	-0.3303695547200335	TRUE	627	29	0.6483431773909601
ENSG00000108256	RPL23A_TSS	132	17362	TRUE	0.096	-0.30660818420386926	TRUE	627	29	0.21985062033188538
ENSG00000132581	RPL23A_TSS	529	78651	TRUE	4.992238929140469e-11	-0.5291781670391128	TRUE	627	30	2.5055262143608656
ENSG00000109083	RPL23A_TSS	536	78410	TRUE	4.880215636452245e-10	-0.4632317992482019	TRUE	627	30	2.616060918570372
ENSG00000109084	RPL23A_TSS	582	86290	TRUE	1.3257545527177168e-6	-0.4310732709111196	TRUE	627	30	5.063397814515037
ENSG00000004142	RPL23A_TSS	558	82797	TRUE	1.5707795532604043e-6	-0.4820096668000504	TRUE	627	30	3.543714907757534
ENSG00000076604	RPL23A_TSS	477	65407	TRUE	1.941223335903035e-6	-0.5592389553686647	TRUE	627	30	1.6950738043897204
ENSG00000109046	RPL23A_TSS	291	39113	TRUE	0.013339178516938624	-0.37781671712249365	TRUE	627	30	0.6483431773909601
ENSG00000108256	RPL23A_TSS	132	17362	TRUE	0.028	-0.31909912838706633	TRUE	627	30	0.21985062033188538
ENSG00000109084	RPL23A_TSS	582	86290	TRUE	5.294575395900118e-17	-0.667102126988522	TRUE	627	31	5.063397814515037
ENSG00000004142	RPL23A_TSS	558	82797	TRUE	9.133415732257048e-16	-0.7008807414019751	TRUE	627	31	3.543714907757534
ENSG00000109083	RPL23A_TSS	536	78410	TRUE	1.0404010700784108e-10	-0.44141585964953056	TRUE	627	31	2.616060918570372
ENSG00000132581	RPL23A_TSS	529	78651	TRUE	3.799794836942841e-10	-0.5057191942151237	TRUE	627	31	2.5055262143608656
ENSG00000076604	RPL23A_TSS	477	65407	TRUE	2.3738425957763997e-5	-0.5119928302328638	TRUE	627	31	1.6950738043897204
ENSG00000109046	RPL23A_TSS	291	39113	TRUE	2.887777163001538e-5	-0.5400881460213709	TRUE	627	31	0.6483431773909601
ENSG00000108256	RPL23A_TSS	132	17362	TRUE	0.648	0.005335822110871025	FALSE	627	31	0.21985062033188538
ENSG00000109083	RPL23A_TSS	536	78410	TRUE	1.358792544841659e-7	-0.36485352250295544	TRUE	627	32	2.616060918570372
ENSG00000076604	RPL23A_TSS	477	65407	TRUE	7.716444593693084e-6	-0.5209592670557239	TRUE	627	32	1.6950738043897204
ENSG00000109084	RPL23A_TSS	582	86290	TRUE	2.7659743288940895e-5	-0.366691850972646	TRUE	627	32	5.063397814515037
ENSG00000004142	RPL23A_TSS	558	82797	TRUE	3.2406921239145747e-5	-0.4452511167899327	TRUE	627	32	3.543714907757534
ENSG00000109046	RPL23A_TSS	291	39113	TRUE	0.001391133496297733	-0.46363608558349756	TRUE	627	32	0.6483431773909601
ENSG00000132581	RPL23A_TSS	529	78651	TRUE	0.032	-0.2545723840349612	TRUE	627	32	2.5055262143608656
ENSG00000108256	RPL23A_TSS	132	17362	TRUE	0.12	-0.24572594205684695	FALSE	627	32	0.21985062033188538
ENSG00000109084	RPL23A_TSS	582	86290	TRUE	5.0758250840866935e-17	-0.6248738915992247	TRUE	627	33	5.063397814515037
ENSG00000004142	RPL23A_TSS	558	82797	TRUE	2.684875465059281e-12	-0.6307259027497587	TRUE	627	33	3.543714907757534
ENSG00000132581	RPL23A_TSS	529	78651	TRUE	2.4561749586271943e-8	-0.46110241955244125	TRUE	627	33	2.5055262143608656
ENSG00000109083	RPL23A_TSS	536	78410	TRUE	2.9588701444397455e-7	-0.33279231327065695	TRUE	627	33	2.616060918570372
ENSG00000076604	RPL23A_TSS	477	65407	TRUE	8.746324462321261e-5	-0.506639595738657	TRUE	627	33	1.6950738043897204
ENSG00000109046	RPL23A_TSS	291	39113	TRUE	1.131333039584119e-4	-0.5205919703955737	TRUE	627	33	0.6483431773909601
ENSG00000108256	RPL23A_TSS	132	17362	TRUE	0.048	-0.34441021691625373	TRUE	627	33	0.21985062033188538
ENSG00000076604	RPL23A_TSS	477	65407	TRUE	2.802456160481341e-7	-0.5685048513235164	TRUE	627	34	1.6950738043897204
ENSG00000004142	RPL23A_TSS	558	82797	TRUE	5.771468797546311e-6	-0.4727318532120395	TRUE	627	34	3.543714907757534
ENSG00000132581	RPL23A_TSS	529	78651	TRUE	2.0539781216135375e-5	-0.38029037396434395	TRUE	627	34	2.5055262143608656
ENSG00000109083	RPL23A_TSS	536	78410	TRUE	5.2276279141002385e-5	-0.2596375152548207	TRUE	627	34	2.616060918570372
ENSG00000109084	RPL23A_TSS	582	86290	TRUE	6.692344142120426e-5	-0.35349637751102536	TRUE	627	34	5.063397814515037
ENSG00000109046	RPL23A_TSS	291	39113	TRUE	0.004971371580263312	-0.39546458294191844	TRUE	627	34	0.6483431773909601
ENSG00000108256	RPL23A_TSS	132	17362	TRUE	0.116	-0.26977141602349786	FALSE	627	34	0.21985062033188538
ENSG00000004142	RPL23A_TSS	558	82797	TRUE	1.511232210908015e-11	-0.6241745679198483	TRUE	627	35	3.543714907757534
ENSG00000132581	RPL23A_TSS	529	78651	TRUE	2.189142835252837e-6	-0.40863499965830585	TRUE	627	35	2.5055262143608656
ENSG00000109046	RPL23A_TSS	291	39113	TRUE	3.072916023904963e-5	-0.5303071252287854	TRUE	627	35	0.6483431773909601
ENSG00000109083	RPL23A_TSS	536	78410	TRUE	4.004587599144285e-5	-0.28702165276823544	TRUE	627	35	2.616060918570372
ENSG00000109084	RPL23A_TSS	582	86290	TRUE	0.001412956723294674	-0.30930129175168597	TRUE	627	35	5.063397814515037
ENSG00000076604	RPL23A_TSS	477	65407	TRUE	0.0030354714326773224	-0.4252662993981443	TRUE	627	35	1.6950738043897204
ENSG00000108256	RPL23A_TSS	132	17362	TRUE	0.009662919206318718	-0.4231221929302946	TRUE	627	35	0.21985062033188538
ENSG00000132581	RPL23A_TSS	529	78651	TRUE	2.247135516376001e-13	-0.5593664358673072	TRUE	627	36	2.5055262143608656
ENSG00000004142	RPL23A_TSS	558	82797	TRUE	6.764059351537145e-10	-0.5683095131942708	TRUE	627	36	3.543714907757534
ENSG00000109083	RPL23A_TSS	536	78410	TRUE	5.4620561770898045e-9	-0.3605373037535615	TRUE	627	36	2.616060918570372
ENSG00000109046	RPL23A_TSS	291	39113	TRUE	2.689770140105525e-7	-0.6629448938069042	TRUE	627	36	0.6483431773909601
ENSG00000109084	RPL23A_TSS	582	86290	TRUE	4.460173472007993e-7	-0.40986100062837405	TRUE	627	36	5.063397814515037
ENSG00000076604	RPL23A_TSS	477	65407	TRUE	9.859944387612032e-6	-0.5048595892933713	TRUE	627	36	1.6950738043897204
ENSG00000108256	RPL23A_TSS	132	17362	TRUE	0.94	-0.05606472255327244	FALSE	627	36	0.21985062033188538
ENSG00000109084	RPL23A_TSS	582	86290	TRUE	3.008292750066756e-11	-0.5539813565032521	TRUE	627	37	5.063397814515037
ENSG00000076604	RPL23A_TSS	477	65407	TRUE	1.3692550927467882e-9	-0.6507483053768324	TRUE	627	37	1.6950738043897204
ENSG00000004142	RPL23A_TSS	558	82797	TRUE	1.3563326507854898e-6	-0.4904961326878787	TRUE	627	37	3.543714907757534
ENSG00000109083	RPL23A_TSS	536	78410	TRUE	2.2088966716989848e-5	-0.28191114426847297	TRUE	627	37	2.616060918570372
ENSG00000108256	RPL23A_TSS	132	17362	TRUE	9.676224301204128e-5	-0.6254303682234101	TRUE	627	37	0.21985062033188538
ENSG00000132581	RPL23A_TSS	529	78651	TRUE	1.0537728670481031e-4	-0.34919181715269754	TRUE	627	37	2.5055262143608656
ENSG00000109046	RPL23A_TSS	291	39113	TRUE	5.406200027972454e-4	-0.4870950584074867	TRUE	627	37	0.6483431773909601
ENSG00000132581	RPL23A_TSS	529	78651	TRUE	3.381200566860104e-11	-0.5279339280306501	TRUE	627	38	2.5055262143608656
ENSG00000004142	RPL23A_TSS	558	82797	TRUE	3.0758592403928327e-9	-0.5692081087019196	TRUE	627	38	3.543714907757534
ENSG00000109084	RPL23A_TSS	582	86290	TRUE	3.4652190653852114e-9	-0.494836129650966	TRUE	627	38	5.063397814515037
ENSG00000108256	RPL23A_TSS	132	17362	TRUE	1.766605663630627e-7	-0.8791869604691933	TRUE	627	38	0.21985062033188538
ENSG00000076604	RPL23A_TSS	477	65407	TRUE	2.773664577696445e-7	-0.6023636553395525	TRUE	627	38	1.6950738043897204
ENSG00000109083	RPL23A_TSS	536	78410	TRUE	8.990669363349532e-7	-0.3412725436590178	TRUE	627	38	2.616060918570372
ENSG00000109046	RPL23A_TSS	291	39113	TRUE	0.0019812433513659543	-0.4359797426806322	TRUE	627	38	0.6483431773909601
ENSG00000004142	RPL23A_TSS	558	82797	TRUE	1.1281860225590764e-14	-0.6745338704563473	TRUE	627	39	3.543714907757534
ENSG00000109084	RPL23A_TSS	582	86290	TRUE	1.0826047984078754e-8	-0.46083264643968747	TRUE	627	39	5.063397814515037
ENSG00000109083	RPL23A_TSS	536	78410	TRUE	1.1581094279808281e-8	-0.37897108757018017	TRUE	627	39	2.616060918570372
ENSG00000076604	RPL23A_TSS	477	65407	TRUE	5.279613853141022e-6	-0.5390610734310346	TRUE	627	39	1.6950738043897204
ENSG00000132581	RPL23A_TSS	529	78651	TRUE	9.860714599742651e-6	-0.38029037396434395	TRUE	627	39	2.5055262143608656
ENSG00000109046	RPL23A_TSS	291	39113	TRUE	9.142937453550035e-4	-0.44974164392511695	TRUE	627	39	0.6483431773909601
ENSG00000108256	RPL23A_TSS	132	17362	TRUE	0.010845329341045776	-0.43666872476824237	TRUE	627	39	0.21985062033188538
ENSG00000076604	RPL23A_TSS	477	65407	TRUE	1.7816310070459051e-9	-0.6906594270667562	TRUE	627	40	1.6950738043897204
ENSG00000109084	RPL23A_TSS	582	86290	TRUE	1.6575164098295726e-7	-0.449089032218954	TRUE	627	40	5.063397814515037
ENSG00000004142	RPL23A_TSS	558	82797	TRUE	4.555880873858718e-7	-0.4973214324240194	TRUE	627	40	3.543714907757534
ENSG00000109083	RPL23A_TSS	536	78410	TRUE	1.5234531776811642e-6	-0.3243616389307713	TRUE	627	40	2.616060918570372
ENSG00000132581	RPL23A_TSS	529	78651	TRUE	2.507648913114462e-5	-0.3746876677349682	TRUE	627	40	2.5055262143608656
ENSG00000108256	RPL23A_TSS	132	17362	TRUE	6.200078867531558e-5	-0.6567945391327452	TRUE	627	40	0.21985062033188538
ENSG00000109046	RPL23A_TSS	291	39113	TRUE	0.0014502670930795283	-0.46363608558349756	TRUE	627	40	0.6483431773909601
ENSG00000076604	RPL23A_TSS	477	65407	TRUE	1.068962266325306e-9	-0.6906594270667562	TRUE	627	41	1.6950738043897204
ENSG00000109083	RPL23A_TSS	536	78410	TRUE	2.9467247410497343e-9	-0.40985564708536426	TRUE	627	41	2.616060918570372
ENSG00000109084	RPL23A_TSS	582	86290	TRUE	1.165107654493196e-6	-0.4144210835743021	TRUE	627	41	5.063397814515037
ENSG00000132581	RPL23A_TSS	529	78651	TRUE	1.3557025470685219e-5	-0.39156148629936416	TRUE	627	41	2.5055262143608656
ENSG00000004142	RPL23A_TSS	558	82797	TRUE	8.04872237388744e-5	-0.4362059771869258	TRUE	627	41	3.543714907757534
ENSG00000109046	RPL23A_TSS	291	39113	TRUE	0.028	-0.3517432055126005	TRUE	627	41	0.6483431773909601
ENSG00000108256	RPL23A_TSS	132	17362	TRUE	0.416	-0.16458917933144157	FALSE	627	41	0.21985062033188538
ENSG00000109083	RPL23A_TSS	536	78410	TRUE	8.026142095128504e-9	-0.3976434576206249	TRUE	627	42	2.616060918570372
ENSG00000076604	RPL23A_TSS	477	65407	TRUE	9.473323969576449e-7	-0.5722279373662339	TRUE	627	42	1.6950738043897204
ENSG00000109046	RPL23A_TSS	291	39113	TRUE	7.036303479727134e-5	-0.5205919703955737	TRUE	627	42	0.6483431773909601
ENSG00000004142	RPL23A_TSS	558	82797	TRUE	1.8574347291736622e-4	-0.419904164857825	TRUE	627	42	3.543714907757534
ENSG00000109084	RPL23A_TSS	582	86290	TRUE	4.7662409662185476e-4	-0.32961374717394243	TRUE	627	42	5.063397814515037
ENSG00000132581	RPL23A_TSS	529	78651	TRUE	0.014134274044976664	-0.2545723840349612	TRUE	627	42	2.5055262143608656
ENSG00000108256	RPL23A_TSS	132	17362	TRUE	0.292	-0.18730925583152525	FALSE	627	42	0.21985062033188538
ENSG00000004142	RPL23A_TSS	558	82797	TRUE	1.104456944271424e-11	-0.6093108687336763	TRUE	627	43	3.543714907757534
ENSG00000132581	RPL23A_TSS	529	78651	TRUE	6.302016623382081e-11	-0.5441933420297594	TRUE	627	43	2.5055262143608656
ENSG00000109083	RPL23A_TSS	536	78410	TRUE	2.0658773854035286e-9	-0.4020723023600765	TRUE	627	43	2.616060918570372
ENSG00000109084	RPL23A_TSS	582	86290	TRUE	2.6660729731279383e-9	-0.48821134428866064	TRUE	627	43	5.063397814515037
ENSG00000076604	RPL23A_TSS	477	65407	TRUE	9.799695194008182e-4	-0.46105856142976154	TRUE	627	43	1.6950738043897204
ENSG00000109046	RPL23A_TSS	291	39113	TRUE	0.002267281565457774	-0.44513974196610817	TRUE	627	43	0.6483431773909601
ENSG00000108256	RPL23A_TSS	132	17362	TRUE	0.013243639432018464	-0.39640485455451513	TRUE	627	43	0.21985062033188538
ENSG00000132581	RPL23A_TSS	529	78651	TRUE	3.750228195688272e-9	-0.5032718737963808	TRUE	627	44	2.5055262143608656
ENSG00000109084	RPL23A_TSS	582	86290	TRUE	2.4617044699628356e-7	-0.43049584643237315	TRUE	627	44	5.063397814515037
ENSG00000004142	RPL23A_TSS	558	82797	TRUE	9.5778114517724e-7	-0.4973214324240194	TRUE	627	44	3.543714907757534
ENSG00000076604	RPL23A_TSS	477	65407	TRUE	2.4413621164782735e-4	-0.48893759400519804	TRUE	627	44	1.6950738043897204
ENSG00000109083	RPL23A_TSS	536	78410	TRUE	0.001627935345963092	-0.2248960178230417	TRUE	627	44	2.616060918570372
ENSG00000108256	RPL23A_TSS	132	17362	TRUE	0.08	-0.31909912838706633	TRUE	627	44	0.21985062033188538
ENSG00000109046	RPL23A_TSS	291	39113	TRUE	0.152	-0.2559447135934787	FALSE	627	44	0.6483431773909601
ENSG00000109083	RPL23A_TSS	536	78410	TRUE	3.0464720507582686e-12	-0.4924489792591423	TRUE	627	45	2.616060918570372
ENSG00000004142	RPL23A_TSS	558	82797	TRUE	5.346342178382118e-9	-0.5656170799881388	TRUE	627	45	3.543714907757534
ENSG00000109084	RPL23A_TSS	582	86290	TRUE	5.095840061578369e-7	-0.45553618714889765	TRUE	627	45	5.063397814515037
ENSG00000076604	RPL23A_TSS	477	65407	TRUE	8.495020207131831e-6	-0.5500321912520376	TRUE	627	45	1.6950738043897204
ENSG00000132581	RPL23A_TSS	529	78651	TRUE	1.3921329086461496e-5	-0.3893002083428605	TRUE	627	45	2.5055262143608656
ENSG00000109046	RPL23A_TSS	291	39113	TRUE	3.114945087259544e-4	-0.4823726481650834	TRUE	627	45	0.6483431773909601
ENSG00000108256	RPL23A_TSS	132	17362	TRUE	0.009566597536041832	-0.39640485455451513	TRUE	627	45	0.21985062033188538
ENSG00000004142	RPL23A_TSS	558	82797	TRUE	1.3934019445716527e-7	-0.5084818781612415	TRUE	627	46	3.543714907757534
ENSG00000132581	RPL23A_TSS	529	78651	TRUE	1.3532110995439482e-6	-0.4224407991833362	TRUE	627	46	2.5055262143608656
ENSG00000109046	RPL23A_TSS	291	39113	TRUE	3.2796440245218836e-6	-0.6053341706368089	TRUE	627	46	0.6483431773909601
ENSG00000109084	RPL23A_TSS	582	86290	TRUE	3.645823782179383e-4	-0.33284728242572426	TRUE	627	46	5.063397814515037
ENSG00000109083	RPL23A_TSS	536	78410	TRUE	5.823465491262038e-4	-0.2219567399828022	TRUE	627	46	2.616060918570372
ENSG00000076604	RPL23A_TSS	477	65407	TRUE	8.087882809778464e-4	-0.45074127044424805	TRUE	627	46	1.6950738043897204
ENSG00000108256	RPL23A_TSS	132	17362	TRUE	0.006952358198836189	-0.47808865214822305	TRUE	627	46	0.21985062033188538
ENSG00000132581	RPL23A_TSS	529	78651	TRUE	7.56264447342149e-10	-0.5044950150658218	TRUE	627	47	2.5055262143608656
ENSG00000004142	RPL23A_TSS	558	82797	TRUE	3.979037810755758e-9	-0.5566784204090192	TRUE	627	47	3.543714907757534
ENSG00000109083	RPL23A_TSS	536	78410	TRUE	4.56778971803562e-9	-0.38334289406982025	TRUE	627	47	2.616060918570372
ENSG00000109084	RPL23A_TSS	582	86290	TRUE	1.2687501195852503e-7	-0.45612372331702167	TRUE	627	47	5.063397814515037
ENSG00000076604	RPL23A_TSS	477	65407	TRUE	2.9399733341804187e-6	-0.5740930895857967	TRUE	627	47	1.6950738043897204
ENSG00000109046	RPL23A_TSS	291	39113	TRUE	3.1382266155521865e-4	-0.49658650738478416	TRUE	627	47	0.6483431773909601
ENSG00000108256	RPL23A_TSS	132	17362	TRUE	0.696	-0.10930674383025174	FALSE	627	47	0.21985062033188538
ENSG00000132581	RPL23A_TSS	529	78651	TRUE	1.2399119364090295e-9	-0.49473879840367774	TRUE	627	48	2.5055262143608656
ENSG00000004142	RPL23A_TSS	558	82797	TRUE	3.1544358613193714e-7	-0.5058987171472389	TRUE	627	48	3.543714907757534
ENSG00000109046	RPL23A_TSS	291	39113	TRUE	3.3357087514646164e-6	-0.6053341706368089	TRUE	627	48	0.6483431773909601
ENSG00000109084	RPL23A_TSS	582	86290	TRUE	2.214656194888913e-5	-0.40986100062837405	TRUE	627	48	5.063397814515037
ENSG00000076604	RPL23A_TSS	477	65407	TRUE	8.559935298245187e-5	-0.4977614443922042	TRUE	627	48	1.6950738043897204
ENSG00000109083	RPL23A_TSS	536	78410	TRUE	5.014585760655162e-4	-0.23869238701335949	TRUE	627	48	2.616060918570372
ENSG00000108256	RPL23A_TSS	132	17362	TRUE	0.013569868996184134	-0.39640485455451513	TRUE	627	48	0.21985062033188538
ENSG00000132581	RPL23A_TSS	529	78651	TRUE	2.698548826372266e-14	-0.6243636907137428	TRUE	627	49	2.5055262143608656
ENSG00000004142	RPL23A_TSS	558	82797	TRUE	1.5581521515360358e-13	-0.6620179190645208	TRUE	627	49	3.543714907757534
ENSG00000109084	RPL23A_TSS	582	86290	TRUE	2.0614822965803106e-11	-0.5502128866873395	TRUE	627	49	5.063397814515037
ENSG00000109083	RPL23A_TSS	536	78410	TRUE	9.663765992347926e-7	-0.3107660069406579	TRUE	627	49	2.616060918570372
ENSG00000076604	RPL23A_TSS	477	65407	TRUE	2.887388755162313e-6	-0.5537078493954359	TRUE	627	49	1.6950738043897204
ENSG00000108256	RPL23A_TSS	132	17362	TRUE	1.8613266701457583e-5	-0.7216456834827132	TRUE	627	49	0.21985062033188538
ENSG00000109046	RPL23A_TSS	291	39113	TRUE	0.012012795998639574	-0.37343827661191953	TRUE	627	49	0.6483431773909601
ENSG00000132581	RPL23A_TSS	529	78651	TRUE	2.1505582370279447e-11	-0.5167838035139282	TRUE	627	50	2.5055262143608656
ENSG00000109083	RPL23A_TSS	536	78410	TRUE	2.5232474956833877e-11	-0.4255494541905096	TRUE	627	50	2.616060918570372
ENSG00000004142	RPL23A_TSS	558	82797	TRUE	1.5060284454604956e-7	-0.519729332749209	TRUE	627	50	3.543714907757534
ENSG00000109084	RPL23A_TSS	582	86290	TRUE	4.2181685335328386e-6	-0.37889464994516064	TRUE	627	50	5.063397814515037
ENSG00000109046	RPL23A_TSS	291	39113	TRUE	5.010469276062754e-5	-0.5400881460213709	TRUE	627	50	0.6483431773909601
ENSG00000076604	RPL23A_TSS	477	65407	TRUE	7.861771861447534e-5	-0.4959923515391486	TRUE	627	50	1.6950738043897204
ENSG00000108256	RPL23A_TSS	132	17362	TRUE	0.048	-0.34441021691625373	TRUE	627	50	0.21985062033188538
ENSG00000132581	RPL23A_TSS	529	78651	TRUE	1.950007660624269e-19	-0.7106635371079633	TRUE	627	51	2.5055262143608656
ENSG00000076604	RPL23A_TSS	477	65407	TRUE	2.280087482887808e-11	-0.7069382462244883	TRUE	627	51	1.6950738043897204
ENSG00000004142	RPL23A_TSS	558	82797	TRUE	5.728466345235733e-9	-0.5692081087019196	TRUE	627	51	3.543714907757534
ENSG00000109083	RPL23A_TSS	536	78410	TRUE	1.7439429518587262e-8	-0.3855337753426302	TRUE	627	51	2.616060918570372
ENSG00000109084	RPL23A_TSS	582	86290	TRUE	3.4128605390058853e-6	-0.40361432861771895	TRUE	627	51	5.063397814515037
ENSG00000109046	RPL23A_TSS	291	39113	TRUE	7.814719360570502e-5	-0.5205919703955737	TRUE	627	51	0.6483431773909601
ENSG00000108256	RPL23A_TSS	132	17362	TRUE	0.124	-0.25769858372292287	FALSE	627	51	0.21985062033188538
ENSG00000132581	RPL23A_TSS	529	78651	TRUE	2.951304290231262e-15	-0.6190547793286776	TRUE	627	52	2.5055262143608656
ENSG00000004142	RPL23A_TSS	558	82797	TRUE	1.3398400186902446e-9	-0.5782249820593535	TRUE	627	52	3.543714907757534
ENSG00000109083	RPL23A_TSS	536	78410	TRUE	2.2208442753306526e-8	-0.37897108757018017	TRUE	627	52	2.616060918570372
ENSG00000109084	RPL23A_TSS	582	86290	TRUE	3.576151552403305e-4	-0.33284728242572426	TRUE	627	52	5.063397814515037
ENSG00000076604	RPL23A_TSS	477	65407	TRUE	0.002432005582260331	-0.4185482661138002	TRUE	627	52	1.6950738043897204
ENSG00000108256	RPL23A_TSS	132	17362	TRUE	0.019950847835578378	-0.3572342572738374	TRUE	627	52	0.21985062033188538
ENSG00000109046	RPL23A_TSS	291	39113	TRUE	0.084	-0.29681699500900693	TRUE	627	52	0.6483431773909601
ENSG00000076604	RPL23A_TSS	477	65407	TRUE	1.3865637076405078e-11	-0.7358757931223856	TRUE	627	53	1.6950738043897204
ENSG00000004142	RPL23A_TSS	558	82797	TRUE	6.73682368561619e-11	-0.5964295774369441	TRUE	627	53	3.543714907757534
ENSG00000109083	RPL23A_TSS	536	78410	TRUE	7.62399507712113e-10	-0.4199249049966314	TRUE	627	53	2.616060918570372
ENSG00000132581	RPL23A_TSS	529	78651	TRUE	2.6767567464793494e-7	-0.4201306384961351	TRUE	627	53	2.5055262143608656
ENSG00000109084	RPL23A_TSS	582	86290	TRUE	4.4101839285533295e-4	-0.3301521666766982	TRUE	627	53	5.063397814515037
ENSG00000109046	RPL23A_TSS	291	39113	TRUE	0.009968455469906691	-0.38220848623965153	TRUE	627	53	0.6483431773909601
ENSG00000108256	RPL23A_TSS	132	17362	TRUE	0.011009550871833834	-0.4097016771679729	TRUE	627	53	0.21985062033188538
ENSG00000109083	RPL23A_TSS	536	78410	TRUE	5.973874006842667e-11	-0.4436968009007689	TRUE	627	54	2.616060918570372
ENSG00000132581	RPL23A_TSS	529	78651	TRUE	1.4474964837870225e-10	-0.5341658817421646	TRUE	627	54	2.5055262143608656
ENSG00000109084	RPL23A_TSS	582	86290	TRUE	6.66055153718747e-10	-0.48941359022564246	TRUE	627	54	5.063397814515037
ENSG00000076604	RPL23A_TSS	477	65407	TRUE	2.763278356667496e-6	-0.5647913485244522	TRUE	627	54	1.6950738043897204
ENSG00000004142	RPL23A_TSS	558	82797	TRUE	0.01126279563092595	-0.35570335065243364	TRUE	627	54	3.543714907757534
ENSG00000109046	RPL23A_TSS	291	39113	TRUE	0.02478848727447941	-0.36038212378647305	TRUE	627	54	0.6483431773909601
ENSG00000108256	RPL23A_TSS	132	17362	TRUE	0.04	-0.34441021691625373	TRUE	627	54	0.21985062033188538
ENSG00000132581	RPL23A_TSS	529	78651	TRUE	8.970193150735461e-11	-0.5329173355449056	TRUE	627	55	2.5055262143608656
ENSG00000004142	RPL23A_TSS	558	82797	TRUE	2.847999725212586e-9	-0.5737095009368605	TRUE	627	55	3.543714907757534
ENSG00000109084	RPL23A_TSS	582	86290	TRUE	4.797967412147042e-9	-0.494232617807449	TRUE	627	55	5.063397814515037
ENSG00000109046	RPL23A_TSS	291	39113	TRUE	5.515654728266602e-7	-0.6417284078972085	TRUE	627	55	0.6483431773909601
ENSG00000109083	RPL23A_TSS	536	78410	TRUE	9.482320185545071e-7	-0.3180708075638916	TRUE	627	55	2.616060918570372
ENSG00000076604	RPL23A_TSS	477	65407	TRUE	1.0754184069081235e-6	-0.5815779055488177	TRUE	627	55	1.6950738043897204
ENSG00000108256	RPL23A_TSS	132	17362	TRUE	0.0019883328597833233	-0.5063776965796469	TRUE	627	55	0.21985062033188538
ENSG00000132581	RPL23A_TSS	529	78651	TRUE	4.253255963425548e-10	-0.5057191942151237	TRUE	627	56	2.5055262143608656
ENSG00000109083	RPL23A_TSS	536	78410	TRUE	1.4713691311580538e-6	-0.31389210792737776	TRUE	627	56	2.616060918570372
ENSG00000109046	RPL23A_TSS	291	39113	TRUE	1.4689865165639238e-5	-0.5598514008428008	TRUE	627	56	0.6483431773909601
ENSG00000004142	RPL23A_TSS	558	82797	TRUE	1.1451853257260676e-4	-0.4231498243614791	TRUE	627	56	3.543714907757534
ENSG00000076604	RPL23A_TSS	477	65407	TRUE	3.7047617003421567e-4	-0.47318940201489373	TRUE	627	56	1.6950738043897204
ENSG00000108256	RPL23A_TSS	132	17362	TRUE	0.0024813725613534853	-0.5063776965796469	TRUE	627	56	0.21985062033188538
ENSG00000109084	RPL23A_TSS	582	86290	TRUE	0.004701503368943913	-0.2882242910050965	TRUE	627	56	5.063397814515037
ENSG00000109084	RPL23A_TSS	582	86290	TRUE	1.568413760454451e-7	-0.45084449182417563	TRUE	627	57	5.063397814515037
ENSG00000076604	RPL23A_TSS	477	65407	TRUE	4.390477946492879e-7	-0.5740930895857967	TRUE	627	57	1.6950738043897204
ENSG00000109083	RPL23A_TSS	536	78410	TRUE	3.499854558144423e-5	-0.2717441181114739	TRUE	627	57	2.616060918570372
ENSG00000132581	RPL23A_TSS	529	78651	TRUE	1.2768803213956438e-4	-0.35249192162077203	TRUE	627	57	2.5055262143608656
ENSG00000004142	RPL23A_TSS	558	82797	TRUE	0.020615336570453828	-0.3303450752432	TRUE	627	57	3.543714907757534
ENSG00000109046	RPL23A_TSS	291	39113	TRUE	0.072	-0.3176957246849228	TRUE	627	57	0.6483431773909601
ENSG00000108256	RPL23A_TSS	132	17362	TRUE	0.184	-0.23385184176855534	FALSE	627	57	0.21985062033188538
ENSG00000004142	RPL23A_TSS	558	82797	TRUE	3.701242387906486e-9	-0.5674114770364913	TRUE	627	58	3.543714907757534
ENSG00000109083	RPL23A_TSS	536	78410	TRUE	2.475166341781975e-6	-0.2849752764806077	TRUE	627	58	2.616060918570372
ENSG00000132581	RPL23A_TSS	529	78651	TRUE	6.633270534063497e-6	-0.39043040428071496	TRUE	627	58	2.5055262143608656
ENSG00000109084	RPL23A_TSS	582	86290	TRUE	1.7964561160616977e-5	-0.4007838489166047	TRUE	627	58	5.063397814515037
ENSG00000109046	RPL23A_TSS	291	39113	TRUE	5.4281021990460875e-5	-0.5303071252287854	TRUE	627	58	0.6483431773909601
ENSG00000076604	RPL23A_TSS	477	65407	TRUE	4.429835308995128e-4	-0.46971302674029974	TRUE	627	58	1.6950738043897204
ENSG00000108256	RPL23A_TSS	132	17362	TRUE	7.126290296975389e-4	-0.5352325592518317	TRUE	627	58	0.21985062033188538
ENSG00000004142	RPL23A_TSS	558	82797	TRUE	1.0362987641473811e-15	-0.7087805286470727	TRUE	627	59	3.543714907757534
ENSG00000132581	RPL23A_TSS	529	78651	TRUE	3.045882340333995e-11	-0.5441933420297594	TRUE	627	59	2.5055262143608656
ENSG00000109084	RPL23A_TSS	582	86290	TRUE	1.617386880500891e-9	-0.5106167123415446	TRUE	627	59	5.063397814515037
ENSG00000076604	RPL23A_TSS	477	65407	TRUE	1.1314189501406992e-8	-0.6448557374536312	TRUE	627	59	1.6950738043897204
ENSG00000109083	RPL23A_TSS	536	78410	TRUE	4.5750709686155763e-7	-0.34980291612960435	TRUE	627	59	2.616060918570372
ENSG00000109046	RPL23A_TSS	291	39113	TRUE	6.720768648812775e-7	-0.6208194181342277	TRUE	627	59	0.6483431773909601
ENSG00000108256	RPL23A_TSS	132	17362	TRUE	9.018803262598497e-5	-0.6254303682234101	TRUE	627	59	0.21985062033188538
ENSG00000109083	RPL23A_TSS	536	78410	TRUE	5.283190878689304e-14	-0.509072809752793	TRUE	627	60	2.616060918570372
ENSG00000076604	RPL23A_TSS	477	65407	TRUE	8.17820070980052e-7	-0.5685048513235164	TRUE	627	60	1.6950738043897204
ENSG00000109084	RPL23A_TSS	582	86290	TRUE	2.6614311312156825e-6	-0.4247342771099043	TRUE	627	60	5.063397814515037
ENSG00000132581	RPL23A_TSS	529	78651	TRUE	3.3012548296566585e-6	-0.3972302363860565	TRUE	627	60	2.5055262143608656
ENSG00000004142	RPL23A_TSS	558	82797	TRUE	2.8279401956164164e-4	-0.41504932559036223	TRUE	627	60	3.543714907757534
ENSG00000108256	RPL23A_TSS	132	17362	TRUE	0.001381684010072784	-0.5063776965796469	TRUE	627	60	0.21985062033188538
ENSG00000109046	RPL23A_TSS	291	39113	TRUE	0.005026843781729948	-0.40437013616381035	TRUE	627	60	0.6483431773909601
ENSG00000004142	RPL23A_TSS	558	82797	TRUE	2.3860878481393537e-15	-0.7287213442542488	TRUE	627	61	3.543714907757534
ENSG00000109083	RPL23A_TSS	536	78410	TRUE	1.1270806092386626e-7	-0.36701648398889875	TRUE	627	61	2.616060918570372
ENSG00000109084	RPL23A_TSS	582	86290	TRUE	3.3198479237048825e-7	-0.45436183214641535	TRUE	627	61	5.063397814515037
ENSG00000132581	RPL23A_TSS	529	78651	TRUE	4.751258259818854e-6	-0.3972302363860565	TRUE	627	61	2.5055262143608656
ENSG00000076604	RPL23A_TSS	477	65407	TRUE	3.492152738903189e-5	-0.5263660005826674	TRUE	627	61	1.6950738043897204
ENSG00000109046	RPL23A_TSS	291	39113	TRUE	4.428743606262747e-4	-0.49658650738478416	TRUE	627	61	0.6483431773909601
ENSG00000108256	RPL23A_TSS	132	17362	TRUE	0.044	-0.31909912838706633	TRUE	627	61	0.21985062033188538
ENSG00000004142	RPL23A_TSS	558	82797	TRUE	3.498048081654146e-10	-0.5863886350076069	TRUE	627	62	3.543714907757534
ENSG00000076604	RPL23A_TSS	477	65407	TRUE	3.0340004033904406e-9	-0.6253858732554063	TRUE	627	62	1.6950738043897204
ENSG00000109083	RPL23A_TSS	536	78410	TRUE	8.794442819943756e-9	-0.38772798875554226	TRUE	627	62	2.616060918570372
ENSG00000109084	RPL23A_TSS	582	86290	TRUE	2.7984889662194387e-8	-0.4738620005572247	TRUE	627	62	5.063397814515037
ENSG00000132581	RPL23A_TSS	529	78651	TRUE	1.7220354079710513e-6	-0.4040622698684815	TRUE	627	62	2.5055262143608656
ENSG00000109046	RPL23A_TSS	291	39113	TRUE	4.898212759535427e-4	-0.49658650738478416	TRUE	627	62	0.6483431773909601
ENSG00000108256	RPL23A_TSS	132	17362	TRUE	0.296	-0.19880489466935458	FALSE	627	62	0.21985062033188538
ENSG00000109083	RPL23A_TSS	536	78410	TRUE	5.741084911007992e-8	-0.34233608594152787	TRUE	627	63	2.616060918570372
ENSG00000109084	RPL23A_TSS	582	86290	TRUE	6.855151612271404e-6	-0.36945616498352063	TRUE	627	63	5.063397814515037
ENSG00000076604	RPL23A_TSS	477	65407	TRUE	1.4460935361336122e-5	-0.5209592670557239	TRUE	627	63	1.6950738043897204
ENSG00000004142	RPL23A_TSS	558	82797	TRUE	1.2574195956025977e-4	-0.4174747030865902	TRUE	627	63	3.543714907757534
ENSG00000109046	RPL23A_TSS	291	39113	TRUE	2.2327827059946334e-4	-0.5013557515326563	TRUE	627	63	0.6483431773909601
ENSG00000132581	RPL23A_TSS	529	78651	TRUE	0.024	-0.247387121735948	TRUE	627	63	2.5055262143608656
ENSG00000108256	RPL23A_TSS	132	17362	TRUE	0.964	-0.04564810660793395	FALSE	627	63	0.21985062033188538
ENSG00000109084	RPL23A_TSS	582	86290	TRUE	9.673461805581975e-12	-0.5093966741792886	TRUE	627	64	5.063397814515037
ENSG00000132581	RPL23A_TSS	529	78651	TRUE	1.0404165076297454e-10	-0.5106263249355323	TRUE	627	64	2.5055262143608656
ENSG00000004142	RPL23A_TSS	558	82797	TRUE	1.3531435655263414e-7	-0.5188610239412408	TRUE	627	64	3.543714907757534
ENSG00000076604	RPL23A_TSS	477	65407	TRUE	1.1090804227384616e-6	-0.5703651933490441	TRUE	627	64	1.6950738043897204
ENSG00000109046	RPL23A_TSS	291	39113	TRUE	0.001067804070073895	-0.45898972072713273	TRUE	627	64	0.6483431773909601
ENSG00000109083	RPL23A_TSS	536	78410	TRUE	0.001870176964086645	-0.19192977743080752	TRUE	627	64	2.616060918570372
ENSG00000108256	RPL23A_TSS	132	17362	TRUE	0.004092778245211218	-0.4503436616653187	TRUE	627	64	0.21985062033188538
ENSG00000109083	RPL23A_TSS	536	78410	TRUE	1.5693738851238953e-10	-0.43800119523676617	TRUE	627	65	2.616060918570372
ENSG00000132581	RPL23A_TSS	529	78651	TRUE	2.08468492484015e-10	-0.5057191942151237	TRUE	627	65	2.5055262143608656
ENSG00000076604	RPL23A_TSS	477	65407	TRUE	4.49990031900423e-10	-0.680577659687593	TRUE	627	65	1.6950738043897204
ENSG00000004142	RPL23A_TSS	558	82797	TRUE	7.220127083384345e-8	-0.5119333033501705	TRUE	627	65	3.543714907757534
ENSG00000109084	RPL23A_TSS	582	86290	TRUE	1.213250723499054e-7	-0.45143012002011584	TRUE	627	65	5.063397814515037
ENSG00000109046	RPL23A_TSS	291	39113	TRUE	0.0011711620686960245	-0.4405524724704565	TRUE	627	65	0.6483431773909601
ENSG00000108256	RPL23A_TSS	132	17362	TRUE	0.088	-0.33169916516669984	TRUE	627	65	0.21985062033188538
ENSG00000109084	RPL23A_TSS	582	86290	TRUE	1.5209743516168917e-10	-0.5371002251745947	TRUE	627	66	5.063397814515037
ENSG00000132581	RPL23A_TSS	529	78651	TRUE	1.944482249496025e-9	-0.5044950150658218	TRUE	627	66	2.5055262143608656
ENSG00000076604	RPL23A_TSS	477	65407	TRUE	3.175751644238615e-8	-0.6448557374536312	TRUE	627	66	1.6950738043897204
ENSG00000109083	RPL23A_TSS	536	78410	TRUE	4.5122740996764686e-7	-0.3370261975738773	TRUE	627	66	2.616060918570372
ENSG00000004142	RPL23A_TSS	558	82797	TRUE	4.931121056516927e-6	-0.47357282965141057	TRUE	627	66	3.543714907757534
ENSG00000109046	RPL23A_TSS	291	39113	TRUE	1.3752807790431022e-5	-0.5900133713530531	TRUE	627	66	0.6483431773909601
ENSG00000108256	RPL23A_TSS	132	17362	TRUE	0.34	-0.18730925583152525	FALSE	627	66	0.21985062033188538
ENSG00000004142	RPL23A_TSS	558	82797	TRUE	1.452511764621518e-10	-0.6167235763242842	TRUE	627	67	3.543714907757534
ENSG00000109084	RPL23A_TSS	582	86290	TRUE	3.0867048108435354e-10	-0.5179586876827127	TRUE	627	67	5.063397814515037
ENSG00000076604	RPL23A_TSS	477	65407	TRUE	1.3541526559576592e-7	-0.5928784466761137	TRUE	627	67	1.6950738043897204
ENSG00000108256	RPL23A_TSS	132	17362	TRUE	6.749664501601478e-5	-0.6567945391327452	TRUE	627	67	0.21985062033188538
ENSG00000109083	RPL23A_TSS	536	78410	TRUE	1.0523651895069305e-4	-0.2656781174121201	TRUE	627	67	2.616060918570372
ENSG00000132581	RPL23A_TSS	529	78651	TRUE	1.1046328833528261e-4	-0.35139104782383	TRUE	627	67	2.5055262143608656
ENSG00000109046	RPL23A_TSS	291	39113	TRUE	0.156	-0.280328872220438	FALSE	627	67	0.6483431773909601
ENSG00000109084	RPL23A_TSS	582	86290	TRUE	1.990853686833504e-10	-0.5247218134070644	TRUE	627	68	5.063397814515037
ENSG00000004142	RPL23A_TSS	558	82797	TRUE	2.84836184977948e-8	-0.5284412857983272	TRUE	627	68	3.543714907757534
ENSG00000132581	RPL23A_TSS	529	78651	TRUE	6.531115904887842e-8	-0.4340474188313199	TRUE	627	68	2.5055262143608656
ENSG00000109083	RPL23A_TSS	536	78410	TRUE	3.642115347515058e-6	-0.3045340532291436	TRUE	627	68	2.616060918570372
ENSG00000109046	RPL23A_TSS	291	39113	TRUE	2.173476140184434e-4	-0.49658650738478416	TRUE	627	68	0.6483431773909601
ENSG00000076604	RPL23A_TSS	477	65407	TRUE	2.413174618429506e-4	-0.4801673843774659	TRUE	627	68	1.6950738043897204
ENSG00000108256	RPL23A_TSS	132	17362	TRUE	0.0028837765712806038	-0.4503436616653187	TRUE	627	68	0.21985062033188538
ENSG00000004142	RPL23A_TSS	558	82797	TRUE	1.7478593085004785e-14	-0.6784068796035538	TRUE	627	69	3.543714907757534
ENSG00000132581	RPL23A_TSS	529	78651	TRUE	7.308680351344366e-8	-0.4742233412858825	TRUE	627	69	2.5055262143608656
ENSG00000076604	RPL23A_TSS	477	65407	TRUE	1.5766093506272073e-7	-0.611911638838716	TRUE	627	69	1.6950738043897204
ENSG00000109083	RPL23A_TSS	536	78410	TRUE	3.7906522217044224e-6	-0.31389210792737776	TRUE	627	69	2.616060918570372
ENSG00000109084	RPL23A_TSS	582	86290	TRUE	2.385412585625933e-4	-0.3595293250782299	TRUE	627	69	5.063397814515037
ENSG00000109046	RPL23A_TSS	291	39113	TRUE	0.072	-0.29681699500900693	TRUE	627	69	0.6483431773909601
ENSG00000108256	RPL23A_TSS	132	17362	TRUE	0.264	-0.18730925583152525	FALSE	627	69	0.21985062033188538
ENSG00000109084	RPL23A_TSS	582	86290	TRUE	1.1051359631196289e-16	-0.6535619521335676	TRUE	627	70	5.063397814515037
ENSG00000004142	RPL23A_TSS	558	82797	TRUE	8.88812265869648e-16	-0.7137399527158343	TRUE	627	70	3.543714907757534
ENSG00000076604	RPL23A_TSS	477	65407	TRUE	1.8910742147345028e-15	-0.8397427661826967	TRUE	627	70	1.6950738043897204
ENSG00000132581	RPL23A_TSS	529	78651	TRUE	7.159584114198665e-13	-0.5941008519963962	TRUE	627	70	2.5055262143608656
ENSG00000109083	RPL23A_TSS	536	78410	TRUE	3.240889847773906e-11	-0.45285680018624475	TRUE	627	70	2.616060918570372
ENSG00000109046	RPL23A_TSS	291	39113	TRUE	9.894696137431429e-7	-0.6208194181342277	TRUE	627	70	0.6483431773909601
ENSG00000108256	RPL23A_TSS	132	17362	TRUE	0.032	-0.30660818420386926	TRUE	627	70	0.21985062033188538
ENSG00000076604	RPL23A_TSS	477	65407	TRUE	3.918389556925199e-11	-0.723402847642221	TRUE	627	71	1.6950738043897204
ENSG00000109083	RPL23A_TSS	536	78410	TRUE	8.75495148081617e-11	-0.4667067789472693	TRUE	627	71	2.616060918570372
ENSG00000132581	RPL23A_TSS	529	78651	TRUE	1.2159893551268266e-8	-0.48746469035035656	TRUE	627	71	2.5055262143608656
ENSG00000109046	RPL23A_TSS	291	39113	TRUE	5.412191083852078e-5	-0.5351893466085316	TRUE	627	71	0.6483431773909601
ENSG00000109084	RPL23A_TSS	582	86290	TRUE	9.658616756891558e-4	-0.31568490854253994	TRUE	627	71	5.063397814515037
ENSG00000004142	RPL23A_TSS	558	82797	TRUE	0.008729732767559	-0.3518324198598264	TRUE	627	71	3.543714907757534
ENSG00000108256	RPL23A_TSS	132	17362	TRUE	0.1	-0.2942244597480368	FALSE	627	71	0.21985062033188538
ENSG00000109084	RPL23A_TSS	582	86290	TRUE	6.81631062193623e-10	-0.5191859910667149	TRUE	627	72	5.063397814515037
ENSG00000132581	RPL23A_TSS	529	78651	TRUE	1.0575522666305933e-6	-0.4040622698684815	TRUE	627	72	2.5055262143608656
ENSG00000076604	RPL23A_TSS	477	65407	TRUE	3.507128530349482e-6	-0.5372406378066658	TRUE	627	72	1.6950738043897204
ENSG00000109083	RPL23A_TSS	536	78410	TRUE	9.420933956090283e-6	-0.29215032877331115	TRUE	627	72	2.616060918570372
ENSG00000004142	RPL23A_TSS	558	82797	TRUE	2.2296992299754292e-4	-0.4134346695282676	TRUE	627	72	3.543714907757534
ENSG00000109046	RPL23A_TSS	291	39113	TRUE	2.3266228171590474e-4	-0.5061408140980332	TRUE	627	72	0.6483431773909601
ENSG00000108256	RPL23A_TSS	132	17362	TRUE	0.0043491049292778555	-0.4503436616653187	TRUE	627	72	0.21985062033188538
ENSG00000004142	RPL23A_TSS	558	82797	TRUE	3.3128920768355266e-10	-0.5800351391862755	TRUE	627	73	3.543714907757534
ENSG00000109083	RPL23A_TSS	536	78410	TRUE	1.2037931479098252e-9	-0.404291833629991	TRUE	627	73	2.616060918570372
ENSG00000109084	RPL23A_TSS	582	86290	TRUE	2.479353128945032e-9	-0.4738620005572247	TRUE	627	73	5.063397814515037
ENSG00000076604	RPL23A_TSS	477	65407	TRUE	4.704007960496274e-5	-0.5084218010806665	TRUE	627	73	1.6950738043897204
ENSG00000132581	RPL23A_TSS	529	78651	TRUE	8.95667257238184e-5	-0.3580089265883375	TRUE	627	73	2.5055262143608656
ENSG00000108256	RPL23A_TSS	132	17362	TRUE	1.1737104428378997e-4	-0.6410272232744285	TRUE	627	73	0.21985062033188538
ENSG00000109046	RPL23A_TSS	291	39113	TRUE	0.004469701715481722	-0.4133310037354321	TRUE	627	73	0.6483431773909601
ENSG00000004142	RPL23A_TSS	558	82797	TRUE	2.2905575376629627e-9	-0.5504541486365575	TRUE	627	74	3.543714907757534
ENSG00000109084	RPL23A_TSS	582	86290	TRUE	1.7778546784654858e-7	-0.4461680046147023	TRUE	627	74	5.063397814515037
ENSG00000109083	RPL23A_TSS	536	78410	TRUE	2.94975874291282e-7	-0.358384027173398	TRUE	627	74	2.616060918570372
ENSG00000076604	RPL23A_TSS	477	65407	TRUE	9.878135602331612e-7	-0.5685048513235164	TRUE	627	74	1.6950738043897204
ENSG00000132581	RPL23A_TSS	529	78651	TRUE	3.42147184029919e-5	-0.36465730259770357	TRUE	627	74	2.5055262143608656
ENSG00000109046	RPL23A_TSS	291	39113	TRUE	0.0021263712634144796	-0.42687753557337993	TRUE	627	74	0.6483431773909601
ENSG00000108256	RPL23A_TSS	132	17362	TRUE	0.013547420927349715	-0.4097016771679729	TRUE	627	74	0.21985062033188538
ENSG00000109084	RPL23A_TSS	582	86290	TRUE	1.9629968763175905e-11	-0.5452035238735946	TRUE	627	75	5.063397814515037
ENSG00000004142	RPL23A_TSS	558	82797	TRUE	6.548586390831717e-10	-0.5809410701679365	TRUE	627	75	3.543714907757534
ENSG00000109046	RPL23A_TSS	291	39113	TRUE	4.5096962281361043e-7	-0.6260183248085469	TRUE	627	75	0.6483431773909601
ENSG00000076604	RPL23A_TSS	477	65407	TRUE	9.446027606852762e-5	-0.48893759400519804	TRUE	627	75	1.6950738043897204
ENSG00000109083	RPL23A_TSS	536	78410	TRUE	7.199057457773529e-4	-0.21317466662324125	TRUE	627	75	2.616060918570372
ENSG00000132581	RPL23A_TSS	529	78651	TRUE	0.0013766613523720564	-0.3069635817634002	TRUE	627	75	2.5055262143608656
ENSG00000108256	RPL23A_TSS	132	17362	TRUE	0.048	-0.3572342572738374	TRUE	627	75	0.21985062033188538
ENSG00000109084	RPL23A_TSS	582	86290	TRUE	4.347321453254075e-8	-0.456711498856172	TRUE	627	76	5.063397814515037
ENSG00000132581	RPL23A_TSS	529	78651	TRUE	3.2208833320345793e-7	-0.4352132330692148	TRUE	627	76	2.5055262143608656
ENSG00000109083	RPL23A_TSS	536	78410	TRUE	2.2488268753484073e-6	-0.308685696499611	TRUE	627	76	2.616060918570372
ENSG00000004142	RPL23A_TSS	558	82797	TRUE	5.370027469818288e-6	-0.4727318532120395	TRUE	627	76	3.543714907757534
ENSG00000076604	RPL23A_TSS	477	65407	TRUE	1.0057631246015476e-5	-0.5227592611019342	TRUE	627	76	1.6950738043897204
ENSG00000109046	RPL23A_TSS	291	39113	TRUE	0.007893815793788173	-0.39991048797311035	TRUE	627	76	0.6483431773909601
ENSG00000108256	RPL23A_TSS	132	17362	TRUE	0.184	-0.23385184176855534	FALSE	627	76	0.21985062033188538
ENSG00000132581	RPL23A_TSS	529	78651	TRUE	1.6851949804442302e-12	-0.5504960826827416	TRUE	627	77	2.5055262143608656
ENSG00000109083	RPL23A_TSS	536	78410	TRUE	1.7972121754290634e-8	-0.3943307235797895	TRUE	627	77	2.616060918570372
ENSG00000109046	RPL23A_TSS	291	39113	TRUE	1.7008581408165858e-6	-0.6260183248085469	TRUE	627	77	0.6483431773909601
ENSG00000076604	RPL23A_TSS	477	65407	TRUE	2.6480639161360073e-6	-0.5500321912520376	TRUE	627	77	1.6950738043897204
ENSG00000004142	RPL23A_TSS	558	82797	TRUE	2.4689046741774995e-5	-0.4394885611762269	TRUE	627	77	3.543714907757534
ENSG00000108256	RPL23A_TSS	132	17362	TRUE	9.336121876547879e-4	-0.5207329895567168	TRUE	627	77	0.21985062033188538
ENSG00000109084	RPL23A_TSS	582	86290	TRUE	0.020682163571246026	-0.24951614614097872	TRUE	627	77	5.063397814515037
ENSG00000132581	RPL23A_TSS	529	78651	TRUE	5.8091873904245765e-12	-0.5555581757390025	TRUE	627	78	2.5055262143608656
ENSG00000109084	RPL23A_TSS	582	86290	TRUE	2.1593708390991653e-9	-0.4792262931939981	TRUE	627	78	5.063397814515037
ENSG00000004142	RPL23A_TSS	558	82797	TRUE	6.412675661946062e-9	-0.5486807064453381	TRUE	627	78	3.543714907757534
ENSG00000109083	RPL23A_TSS	536	78410	TRUE	1.3389543266744677e-8	-0.3735248937076785	TRUE	627	78	2.616060918570372
ENSG00000109046	RPL23A_TSS	291	39113	TRUE	1.5012889183344588e-5	-0.5748535641820474	TRUE	627	78	0.6483431773909601
ENSG00000076604	RPL23A_TSS	477	65407	TRUE	1.0688124471820715e-4	-0.4749307360113189	TRUE	627	78	1.6950738043897204
ENSG00000108256	RPL23A_TSS	132	17362	TRUE	0.16	-0.2103928689445662	FALSE	627	78	0.21985062033188538
ENSG00000109083	RPL23A_TSS	536	78410	TRUE	5.268174222141736e-10	-0.41097098926761766	TRUE	627	79	2.616060918570372
ENSG00000132581	RPL23A_TSS	529	78651	TRUE	1.2481617750666862e-9	-0.49473879840367774	TRUE	627	79	2.5055262143608656
ENSG00000109084	RPL23A_TSS	582	86290	TRUE	2.981860615876284e-8	-0.48580985386167264	TRUE	627	79	5.063397814515037
ENSG00000076604	RPL23A_TSS	477	65407	TRUE	2.9741061954006607e-7	-0.5966650500070987	TRUE	627	79	1.6950738043897204
ENSG00000004142	RPL23A_TSS	558	82797	TRUE	2.7714040999420302e-6	-0.466021631622487	TRUE	627	79	3.543714907757534
ENSG00000108256	RPL23A_TSS	132	17362	TRUE	0.004560801851451482	-0.4503436616653187	TRUE	627	79	0.21985062033188538
ENSG00000109046	RPL23A_TSS	291	39113	TRUE	0.023076966368125645	-0.34315570967587683	TRUE	627	79	0.6483431773909601
ENSG00000109084	RPL23A_TSS	582	86290	TRUE	3.147931376974909e-16	-0.609760118239463	TRUE	627	80	5.063397814515037
ENSG00000132581	RPL23A_TSS	529	78651	TRUE	9.350687283035019e-11	-0.4983896524166347	TRUE	627	80	2.5055262143608656
ENSG00000109083	RPL23A_TSS	536	78410	TRUE	1.1817144939202471e-7	-0.32857081781997244	TRUE	627	80	2.616060918570372
ENSG00000004142	RPL23A_TSS	558	82797	TRUE	2.2334394000222578e-6	-0.47357282965141057	TRUE	627	80	3.543714907757534
ENSG00000109046	RPL23A_TSS	291	39113	TRUE	5.732728915401608e-5	-0.5205919703955737	TRUE	627	80	0.6483431773909601
ENSG00000076604	RPL23A_TSS	477	65407	TRUE	0.024	-0.3723780846808742	TRUE	627	80	1.6950738043897204
ENSG00000108256	RPL23A_TSS	132	17362	TRUE	0.128	-0.25769858372292287	FALSE	627	80	0.21985062033188538
ENSG00000132581	RPL23A_TSS	529	78651	TRUE	2.078719567238082e-16	-0.6744200165081342	TRUE	627	81	2.5055262143608656
ENSG00000109084	RPL23A_TSS	582	86290	TRUE	5.725760099662807e-11	-0.5142830295393144	TRUE	627	81	5.063397814515037
ENSG00000109083	RPL23A_TSS	536	78410	TRUE	3.840929514624603e-9	-0.39102557885611744	TRUE	627	81	2.616060918570372
ENSG00000004142	RPL23A_TSS	558	82797	TRUE	2.7988200464853163e-7	-0.5102065586307025	TRUE	627	81	3.543714907757534
ENSG00000076604	RPL23A_TSS	477	65407	TRUE	3.674281432071284e-6	-0.5573928962032919	TRUE	627	81	1.6950738043897204
ENSG00000109046	RPL23A_TSS	291	39113	TRUE	0.003269549879149132	-0.43142146071832776	TRUE	627	81	0.6483431773909601
ENSG00000108256	RPL23A_TSS	132	17362	TRUE	0.004207235873527497	-0.47808865214822305	TRUE	627	81	0.21985062033188538
ENSG00000076604	RPL23A_TSS	477	65407	TRUE	9.50166321732099e-7	-0.5537078493954359	TRUE	627	82	1.6950738043897204
ENSG00000109083	RPL23A_TSS	536	78410	TRUE	1.0714195246662038e-6	-0.3380866129401703	TRUE	627	82	2.616060918570372
ENSG00000004142	RPL23A_TSS	558	82797	TRUE	3.4031969221515667e-6	-0.46937284112212496	TRUE	627	82	3.543714907757534
ENSG00000132581	RPL23A_TSS	529	78651	TRUE	1.6061061311046457e-5	-0.3724526633516596	TRUE	627	82	2.5055262143608656
ENSG00000109084	RPL23A_TSS	582	86290	TRUE	4.93161526842336e-4	-0.3350070059441608	TRUE	627	82	5.063397814515037
ENSG00000109046	RPL23A_TSS	291	39113	TRUE	0.006611886097492206	-0.39546458294191844	TRUE	627	82	0.6483431773909601
ENSG00000108256	RPL23A_TSS	132	17362	TRUE	0.03144963682047311	-0.3572342572738374	TRUE	627	82	0.21985062033188538
ENSG00000132581	RPL23A_TSS	529	78651	TRUE	2.565794442319697e-12	-0.5657359607430344	TRUE	627	83	2.5055262143608656
ENSG00000004142	RPL23A_TSS	558	82797	TRUE	3.2422369811916694e-12	-0.638249753131571	TRUE	627	83	3.543714907757534
ENSG00000109083	RPL23A_TSS	536	78410	TRUE	3.815370780669788e-8	-0.36918269316598007	TRUE	627	83	2.616060918570372
ENSG00000076604	RPL23A_TSS	477	65407	TRUE	1.7851500237232865e-7	-0.5797030579283804	TRUE	627	83	1.6950738043897204
ENSG00000109084	RPL23A_TSS	582	86290	TRUE	6.499493016777231e-6	-0.4002184187542075	TRUE	627	83	5.063397814515037
ENSG00000109046	RPL23A_TSS	291	39113	TRUE	2.2438883903488829e-4	-0.5061408140980332	TRUE	627	83	0.6483431773909601
ENSG00000108256	RPL23A_TSS	132	17362	TRUE	0.00485517659083276	-0.4503436616653187	TRUE	627	83	0.21985062033188538
ENSG00000132581	RPL23A_TSS	529	78651	TRUE	2.5073174051751885e-10	-0.5192541723382363	TRUE	627	84	2.5055262143608656
ENSG00000004142	RPL23A_TSS	558	82797	TRUE	1.675448420389613e-7	-0.5249501890170052	TRUE	627	84	3.543714907757534
ENSG00000076604	RPL23A_TSS	477	65407	TRUE	1.6254931526719094e-6	-0.5537078493954359	TRUE	627	84	1.6950738043897204
ENSG00000109083	RPL23A_TSS	536	78410	TRUE	2.1602645451897565e-6	-0.3045340532291436	TRUE	627	84	2.616060918570372
ENSG00000109084	RPL23A_TSS	582	86290	TRUE	4.086346198692043e-6	-0.40986100062837405	TRUE	627	84	5.063397814515037
ENSG00000108256	RPL23A_TSS	132	17362	TRUE	0.006970290203737843	-0.43666872476824237	TRUE	627	84	0.21985062033188538
ENSG00000109046	RPL23A_TSS	291	39113	TRUE	0.008249591713732185	-0.38220848623965153	TRUE	627	84	0.6483431773909601
ENSG00000109083	RPL23A_TSS	536	78410	TRUE	5.5205037411869e-15	-0.5380241834489221	TRUE	627	85	2.616060918570372
ENSG00000109084	RPL23A_TSS	582	86290	TRUE	1.485906301986854e-14	-0.59480303771141	TRUE	627	85	5.063397814515037
ENSG00000004142	RPL23A_TSS	558	82797	TRUE	7.513417339779749e-14	-0.6668189053283418	TRUE	627	85	3.543714907757534
ENSG00000132581	RPL23A_TSS	529	78651	TRUE	8.509846715776528e-13	-0.583721706216397	TRUE	627	85	2.5055262143608656
ENSG00000109046	RPL23A_TSS	291	39113	TRUE	4.946461859958512e-7	-0.6260183248085469	TRUE	627	85	0.6483431773909601
ENSG00000076604	RPL23A_TSS	477	65407	TRUE	4.4131528185050155e-6	-0.5390610734310346	TRUE	627	85	1.6950738043897204
ENSG00000108256	RPL23A_TSS	132	17362	TRUE	0.336	-0.1533619239081876	FALSE	627	85	0.21985062033188538
ENSG00000004142	RPL23A_TSS	558	82797	TRUE	9.224519367476728e-9	-0.5575697982816075	TRUE	627	86	3.543714907757534
ENSG00000109084	RPL23A_TSS	582	86290	TRUE	1.7692874821733642e-7	-0.4230102836274501	TRUE	627	86	5.063397814515037
ENSG00000132581	RPL23A_TSS	529	78651	TRUE	1.2241567255932189e-5	-0.37916809071763713	TRUE	627	86	2.5055262143608656
ENSG00000108256	RPL23A_TSS	132	17362	TRUE	2.964841621622507e-5	-0.7216456834827132	TRUE	627	86	0.21985062033188538
ENSG00000109083	RPL23A_TSS	536	78410	TRUE	3.279176597941087e-5	-0.28293179874393237	TRUE	627	86	2.616060918570372
ENSG00000076604	RPL23A_TSS	477	65407	TRUE	8.010616223869029e-5	-0.48366907308901846	TRUE	627	86	1.6950738043897204
ENSG00000109046	RPL23A_TSS	291	39113	TRUE	0.14	-0.2680852764656908	FALSE	627	86	0.6483431773909601
ENSG00000109084	RPL23A_TSS	582	86290	TRUE	1.3686402696455884e-10	-0.5284241979220528	TRUE	627	87	5.063397814515037
ENSG00000109083	RPL23A_TSS	536	78410	TRUE	1.6134032724038192e-8	-0.35730859287768846	TRUE	627	87	2.616060918570372
ENSG00000109046	RPL23A_TSS	291	39113	TRUE	3.7716200187161257e-6	-0.6002091384589416	TRUE	627	87	0.6483431773909601
ENSG00000004142	RPL23A_TSS	558	82797	TRUE	1.3269226002561932e-5	-0.4493813659346588	TRUE	627	87	3.543714907757534
ENSG00000076604	RPL23A_TSS	477	65407	TRUE	2.3752981849132528e-4	-0.4766741743393695	TRUE	627	87	1.6950738043897204
ENSG00000132581	RPL23A_TSS	529	78651	TRUE	6.837685502405731e-4	-0.31982573270044967	TRUE	627	87	2.5055262143608656
ENSG00000108256	RPL23A_TSS	132	17362	TRUE	0.00722378926676609	-0.4231221929302946	TRUE	627	87	0.21985062033188538
ENSG00000132581	RPL23A_TSS	529	78651	TRUE	5.129281046480317e-13	-0.5967073478108775	TRUE	627	88	2.5055262143608656
ENSG00000109083	RPL23A_TSS	536	78410	TRUE	6.355309724662139e-12	-0.4482695306905933	TRUE	627	88	2.616060918570372
ENSG00000004142	RPL23A_TSS	558	82797	TRUE	4.997034843331406e-10	-0.5927702348513482	TRUE	627	88	3.543714907757534
ENSG00000109046	RPL23A_TSS	291	39113	TRUE	9.915499070684251e-4	-0.47297395016283383	TRUE	627	88	0.6483431773909601
ENSG00000076604	RPL23A_TSS	477	65407	TRUE	0.002598098597209317	-0.42358385601109855	TRUE	627	88	1.6950738043897204
ENSG00000108256	RPL23A_TSS	132	17362	TRUE	0.0028759353435161422	-0.47808865214822305	TRUE	627	88	0.21985062033188538
ENSG00000109084	RPL23A_TSS	582	86290	TRUE	0.014431201458853002	-0.271581625802527	TRUE	627	88	5.063397814515037
ENSG00000004142	RPL23A_TSS	558	82797	TRUE	6.368387258992442e-11	-0.6046971934205445	TRUE	627	89	3.543714907757534
ENSG00000109084	RPL23A_TSS	582	86290	TRUE	1.5297189843791728e-8	-0.456711498856172	TRUE	627	89	5.063397814515037
ENSG00000132581	RPL23A_TSS	529	78651	TRUE	3.0908616505157752e-6	-0.4063468230630356	TRUE	627	89	2.5055262143608656
ENSG00000076604	RPL23A_TSS	477	65407	TRUE	1.4176489833056028e-5	-0.5227592611019342	TRUE	627	89	1.6950738043897204
ENSG00000109046	RPL23A_TSS	291	39113	TRUE	4.346687638389127e-5	-0.5648348083570565	TRUE	627	89	0.6483431773909601
ENSG00000109083	RPL23A_TSS	536	78410	TRUE	0.0013056902392462148	-0.204445728822634	TRUE	627	89	2.616060918570372
ENSG00000108256	RPL23A_TSS	132	17362	TRUE	0.044	-0.31909912838706633	TRUE	627	89	0.21985062033188538
ENSG00000004142	RPL23A_TSS	558	82797	TRUE	1.0093288354027924e-14	-0.6706712308239484	TRUE	627	90	3.543714907757534
ENSG00000076604	RPL23A_TSS	477	65407	TRUE	3.5882006336489025e-8	-0.6273210781611203	TRUE	627	90	1.6950738043897204
ENSG00000109084	RPL23A_TSS	582	86290	TRUE	4.2347346498769435e-8	-0.477435978539152	TRUE	627	90	5.063397814515037
ENSG00000132581	RPL23A_TSS	529	78651	TRUE	2.795222599703911e-6	-0.4224407991833362	TRUE	627	90	2.5055262143608656
ENSG00000109083	RPL23A_TSS	536	78410	TRUE	0.002377353095764187	-0.19288869740023462	TRUE	627	90	2.616060918570372
ENSG00000109046	RPL23A_TSS	291	39113	TRUE	0.008370493823650835	-0.3866136653596528	TRUE	627	90	0.6483431773909601
ENSG00000108256	RPL23A_TSS	132	17362	TRUE	0.564	-0.12019505997298818	FALSE	627	90	0.21985062033188538
ENSG00000132581	RPL23A_TSS	529	78651	TRUE	4.292400118358102e-12	-0.5441933420297594	TRUE	627	91	2.5055262143608656
ENSG00000109083	RPL23A_TSS	536	78410	TRUE	1.2904490243251661e-11	-0.4760145211734973	TRUE	627	91	2.616060918570372
ENSG00000076604	RPL23A_TSS	477	65407	TRUE	1.3784405648572969e-10	-0.7008121434276469	TRUE	627	91	1.6950738043897204
ENSG00000109084	RPL23A_TSS	582	86290	TRUE	9.316102061639674e-10	-0.5063510850370692	TRUE	627	91	5.063397814515037
ENSG00000004142	RPL23A_TSS	558	82797	TRUE	1.6666051361924783e-7	-0.5284412857983272	TRUE	627	91	3.543714907757534
ENSG00000109046	RPL23A_TSS	291	39113	TRUE	1.1719817508984952e-4	-0.5061408140980332	TRUE	627	91	0.6483431773909601
ENSG00000108256	RPL23A_TSS	132	17362	TRUE	0.46	-0.14222136630298676	FALSE	627	91	0.21985062033188538
ENSG00000004142	RPL23A_TSS	558	82797	TRUE	2.904924543507453e-11	-0.6148668256936203	TRUE	627	92	3.543714907757534
ENSG00000109083	RPL23A_TSS	536	78410	TRUE	3.0935598977740035e-8	-0.36593459789328686	TRUE	627	92	2.616060918570372
ENSG00000132581	RPL23A_TSS	529	78651	TRUE	3.444877101985025e-8	-0.45163432951819793	TRUE	627	92	2.5055262143608656
ENSG00000109084	RPL23A_TSS	582	86290	TRUE	1.3801017192930807e-6	-0.41842301413179817	TRUE	627	92	5.063397814515037
ENSG00000076604	RPL23A_TSS	477	65407	TRUE	4.349783595717998e-5	-0.5263660005826674	TRUE	627	92	1.6950738043897204
ENSG00000109046	RPL23A_TSS	291	39113	TRUE	9.06973856116761e-5	-0.5205919703955737	TRUE	627	92	0.6483431773909601
ENSG00000108256	RPL23A_TSS	132	17362	TRUE	0.01031831063311614	-0.39640485455451513	TRUE	627	92	0.21985062033188538
ENSG00000132581	RPL23A_TSS	529	78651	TRUE	5.6581769422177585e-11	-0.524207636572366	TRUE	627	93	2.5055262143608656
ENSG00000109084	RPL23A_TSS	582	86290	TRUE	2.230595177195774e-10	-0.5124487062904344	TRUE	627	93	5.063397814515037
ENSG00000004142	RPL23A_TSS	558	82797	TRUE	3.1303668119523324e-7	-0.5033201730454624	TRUE	627	93	3.543714907757534
ENSG00000109083	RPL23A_TSS	536	78410	TRUE	3.35317856178601e-6	-0.31597994481982106	TRUE	627	93	2.616060918570372
ENSG00000076604	RPL23A_TSS	477	65407	TRUE	1.2222368440972364e-4	-0.47841972209119893	TRUE	627	93	1.6950738043897204
ENSG00000108256	RPL23A_TSS	132	17362	TRUE	5.40265028217933e-4	-0.5646763371443138	TRUE	627	93	0.21985062033188538
ENSG00000109046	RPL23A_TSS	291	39113	TRUE	0.0019149649648237121	-0.44513974196610817	TRUE	627	93	0.6483431773909601
ENSG00000109083	RPL23A_TSS	536	78410	TRUE	1.1090789925848442e-12	-0.48186250259341445	TRUE	627	94	2.616060918570372
ENSG00000004142	RPL23A_TSS	558	82797	TRUE	2.70783776023869e-12	-0.6148668256936203	TRUE	627	94	3.543714907757534
ENSG00000132581	RPL23A_TSS	529	78651	TRUE	7.188131408997002e-10	-0.5341658817421646	TRUE	627	94	2.5055262143608656
ENSG00000109084	RPL23A_TSS	582	86290	TRUE	9.702874876429436e-7	-0.4149921087315249	TRUE	627	94	5.063397814515037
ENSG00000076604	RPL23A_TSS	477	65407	TRUE	2.057164686384075e-6	-0.5759606562425639	TRUE	627	94	1.6950738043897204
ENSG00000109046	RPL23A_TSS	291	39113	TRUE	3.6258237124160014e-4	-0.49183297741414966	TRUE	627	94	0.6483431773909601
ENSG00000108256	RPL23A_TSS	132	17362	TRUE	4.805697944379409e-4	-0.5646763371443138	TRUE	627	94	0.21985062033188538
ENSG00000109083	RPL23A_TSS	536	78410	TRUE	4.24623520684847e-12	-0.48186250259341445	TRUE	627	95	2.616060918570372
ENSG00000132581	RPL23A_TSS	529	78651	TRUE	1.2773472977283688e-9	-0.5229676751373007	TRUE	627	95	2.5055262143608656
ENSG00000076604	RPL23A_TSS	477	65407	TRUE	1.817838363949646e-8	-0.6138288418330069	TRUE	627	95	1.6950738043897204
ENSG00000004142	RPL23A_TSS	558	82797	TRUE	1.0772879108437696e-7	-0.52756771929214	TRUE	627	95	3.543714907757534
ENSG00000109084	RPL23A_TSS	582	86290	TRUE	1.4426252393981692e-6	-0.4328069322944541	TRUE	627	95	5.063397814515037
ENSG00000108256	RPL23A_TSS	132	17362	TRUE	1.1723807132186202e-4	-0.6254303682234101	TRUE	627	95	0.21985062033188538
ENSG00000109046	RPL23A_TSS	291	39113	TRUE	5.919579336038996e-4	-0.4823726481650834	TRUE	627	95	0.6483431773909601
ENSG00000132581	RPL23A_TSS	529	78651	TRUE	5.447318990331332e-10	-0.48867449758342285	TRUE	627	96	2.5055262143608656
ENSG00000076604	RPL23A_TSS	477	65407	TRUE	1.6697767959874925e-7	-0.5740930895857967	TRUE	627	96	1.6950738043897204
ENSG00000004142	RPL23A_TSS	558	82797	TRUE	4.281495113283197e-7	-0.5345711070299024	TRUE	627	96	3.543714907757534
ENSG00000109084	RPL23A_TSS	582	86290	TRUE	1.048174648017651e-5	-0.40474807723472184	TRUE	627	96	5.063397814515037
ENSG00000109083	RPL23A_TSS	536	78410	TRUE	2.1151919346543407e-5	-0.29215032877331115	TRUE	627	96	2.616060918570372
ENSG00000109046	RPL23A_TSS	291	39113	TRUE	0.04	-0.3134957361556372	TRUE	627	96	0.6483431773909601
ENSG00000108256	RPL23A_TSS	132	17362	TRUE	0.116	-0.25769858372292287	FALSE	627	96	0.21985062033188538
ENSG00000076604	RPL23A_TSS	477	65407	TRUE	1.0098095459624821e-7	-0.6023636553395525	TRUE	627	97	1.6950738043897204
ENSG00000109084	RPL23A_TSS	582	86290	TRUE	2.0921344818805934e-4	-0.34150564324290267	TRUE	627	97	5.063397814515037
ENSG00000108256	RPL23A_TSS	132	17362	TRUE	2.414890093472618e-4	-0.5796266786102855	TRUE	627	97	0.21985062033188538
ENSG00000004142	RPL23A_TSS	558	82797	TRUE	0.001644382630307591	-0.38546684467245074	TRUE	627	97	3.543714907757534
ENSG00000109046	RPL23A_TSS	291	39113	TRUE	0.024	-0.38220848623965153	TRUE	627	97	0.6483431773909601
ENSG00000109083	RPL23A_TSS	536	78410	TRUE	0.04	-0.13829881093589247	TRUE	627	97	2.616060918570372
ENSG00000132581	RPL23A_TSS	529	78651	TRUE	0.08	-0.2321095870791865	TRUE	627	97	2.5055262143608656
ENSG00000004142	RPL23A_TSS	558	82797	TRUE	2.195594577134264e-8	-0.5389655516121263	TRUE	627	98	3.543714907757534
ENSG00000109083	RPL23A_TSS	536	78410	TRUE	3.97639028378808e-6	-0.28907093584133925	TRUE	627	98	2.616060918570372
ENSG00000109046	RPL23A_TSS	291	39113	TRUE	2.1357791299399763e-5	-0.5648348083570565	TRUE	627	98	0.6483431773909601
ENSG00000109084	RPL23A_TSS	582	86290	TRUE	4.620503614431899e-5	-0.4030477882448822	TRUE	627	98	5.063397814515037
ENSG00000132581	RPL23A_TSS	529	78651	TRUE	2.7159451291270667e-4	-0.32630006686099944	TRUE	627	98	2.5055262143608656
ENSG00000076604	RPL23A_TSS	477	65407	TRUE	0.0012272955163955199	-0.43540237182468156	TRUE	627	98	1.6950738043897204
ENSG00000108256	RPL23A_TSS	132	17362	TRUE	0.096	-0.33169916516669984	TRUE	627	98	0.21985062033188538
ENSG00000109084	RPL23A_TSS	582	86290	TRUE	1.103908394723435e-6	-0.4351217262782403	TRUE	627	99	5.063397814515037
ENSG00000004142	RPL23A_TSS	558	82797	TRUE	5.720637345301349e-5	-0.4419554099520471	TRUE	627	99	3.543714907757534
ENSG00000108256	RPL23A_TSS	132	17362	TRUE	0.0013139733991865167	-0.5207329895567168	TRUE	627	99	0.21985062033188538
ENSG00000076604	RPL23A_TSS	477	65407	TRUE	0.004151026797594264	-0.41353019134717556	TRUE	627	99	1.6950738043897204
ENSG00000132581	RPL23A_TSS	529	78651	TRUE	0.004159762977254913	-0.2836767292274842	TRUE	627	99	2.5055262143608656
ENSG00000109083	RPL23A_TSS	536	78410	TRUE	0.028	-0.1336880846052917	TRUE	627	99	2.616060918570372
ENSG00000109046	RPL23A_TSS	291	39113	TRUE	0.032	-0.32613256183356265	TRUE	627	99	0.6483431773909601
ENSG00000109083	RPL23A_TSS	536	78410	TRUE	2.656487634326259e-12	-0.46554752212242856	TRUE	627	100	2.616060918570372
ENSG00000132581	RPL23A_TSS	529	78651	TRUE	7.61749818658197e-10	-0.5044950150658218	TRUE	627	100	2.5055262143608656
ENSG00000109084	RPL23A_TSS	582	86290	TRUE	1.1660403549134708e-8	-0.48341235428060636	TRUE	627	100	5.063397814515037
ENSG00000004142	RPL23A_TSS	558	82797	TRUE	5.90890545119953e-8	-0.5214675197557219	TRUE	627	100	3.543714907757534
ENSG00000076604	RPL23A_TSS	477	65407	TRUE	9.433170117388373e-5	-0.5102062107588494	TRUE	627	100	1.6950738043897204
ENSG00000109046	RPL23A_TSS	291	39113	TRUE	2.7973718334922335e-4	-0.47766564548755586	TRUE	627	100	0.6483431773909601
ENSG00000108256	RPL23A_TSS	132	17362	TRUE	0.003692504499894181	-0.47808865214822305	TRUE	627	100	0.21985062033188538
