response_id	grna_target	n_nonzero_trt	n_nonzero_cntrl	pass_qc	p_value	log_2_fold_change	significant	num_pert_cells	rep	average_expression_all_cells
ENSG00000168275	chr1:234659375-234659676	709	91425	TRUE	4.153968692902489e-6	-0.38706010511184097	TRUE	713	1	10.90694500869819
ENSG00000135778	chr1:234659375-234659676	379	47893	TRUE	6.799409394580777e-6	-0.4930756458812533	TRUE	713	1	0.8487348562975926
ENSG00000168264	chr1:234659375-234659676	325	39551	TRUE	6.55955271601557e-5	-0.5040505313913126	TRUE	713	1	0.6821671510568038
ENSG00000135750	chr1:234659375-234659676	339	40158	TRUE	0.664	-0.17811507466698384	FALSE	713	1	0.7022719459983124
ENSG00000168275	chr1:234659375-234659676	709	91425	TRUE	2.6764371054021998e-9	-0.46584073195559883	TRUE	713	2	10.90694500869819
ENSG00000135778	chr1:234659375-234659676	379	47893	TRUE	9.381672748747536e-6	-0.508982036790614	TRUE	713	2	0.8487348562975926
ENSG00000168264	chr1:234659375-234659676	325	39551	TRUE	5.190807925847037e-5	-0.5121103011852641	TRUE	713	2	0.6821671510568038
ENSG00000135750	chr1:234659375-234659676	339	40158	TRUE	0.0015188475366276662	-0.4216368240890259	TRUE	713	2	0.7022719459983124
ENSG00000135778	chr1:234659375-234659676	379	47893	TRUE	1.3839098224051154e-10	-0.6535403180744994	TRUE	713	3	0.8487348562975926
ENSG00000135750	chr1:234659375-234659676	339	40158	TRUE	2.81646429546676e-6	-0.5587769943448128	TRUE	713	3	0.7022719459983124
ENSG00000168275	chr1:234659375-234659676	709	91425	TRUE	3.108249691363314e-4	-0.3283592473749479	TRUE	713	3	10.90694500869819
ENSG00000168264	chr1:234659375-234659676	325	39551	TRUE	0.012512562971832036	-0.3552659446707149	TRUE	713	3	0.6821671510568038
ENSG00000168275	chr1:234659375-234659676	709	91425	TRUE	8.85413213429307e-6	-0.38591283265305965	TRUE	713	4	10.90694500869819
ENSG00000135778	chr1:234659375-234659676	379	47893	TRUE	7.02698099470201e-4	-0.401153156440214	TRUE	713	4	0.8487348562975926
ENSG00000168264	chr1:234659375-234659676	325	39551	TRUE	0.0014660164885177684	-0.42964814099329113	TRUE	713	4	0.6821671510568038
ENSG00000135750	chr1:234659375-234659676	339	40158	TRUE	0.028	-0.3233129902069195	TRUE	713	4	0.7022719459983124
ENSG00000168275	chr1:234659375-234659676	709	91425	TRUE	1.1914317615478699e-9	-0.47435079732064356	TRUE	713	5	10.90694500869819
ENSG00000168264	chr1:234659375-234659676	325	39551	TRUE	3.784285930995557e-4	-0.4566151885935607	TRUE	713	5	0.6821671510568038
ENSG00000135778	chr1:234659375-234659676	379	47893	TRUE	4.3857127619171404e-4	-0.4341819568276848	TRUE	713	5	0.8487348562975926
ENSG00000135750	chr1:234659375-234659676	339	40158	TRUE	0.328	-0.23126478118574856	FALSE	713	5	0.7022719459983124
ENSG00000168275	chr1:234659375-234659676	709	91425	TRUE	1.5238939054294277e-5	-0.3822476797363765	TRUE	713	6	10.90694500869819
ENSG00000135778	chr1:234659375-234659676	379	47893	TRUE	4.851360223441445e-4	-0.4071024227714004	TRUE	713	6	0.8487348562975926
ENSG00000168264	chr1:234659375-234659676	325	39551	TRUE	0.0014220786567728412	-0.41824337772104175	TRUE	713	6	0.6821671510568038
ENSG00000135750	chr1:234659375-234659676	339	40158	TRUE	0.0033892199093431205	-0.396420538480189	TRUE	713	6	0.7022719459983124
ENSG00000168275	chr1:234659375-234659676	709	91425	TRUE	9.116931663077435e-4	-0.3237383945176089	TRUE	713	7	10.90694500869819
ENSG00000135778	chr1:234659375-234659676	379	47893	TRUE	0.024	-0.2925426585085447	TRUE	713	7	0.8487348562975926
ENSG00000168264	chr1:234659375-234659676	325	39551	TRUE	0.024	-0.323005580948117	TRUE	713	7	0.6821671510568038
ENSG00000135750	chr1:234659375-234659676	339	40158	TRUE	0.12	-0.2602161548818779	FALSE	713	7	0.7022719459983124
ENSG00000168275	chr1:234659375-234659676	709	91425	TRUE	1.1402603979282326e-4	-0.3460993422936256	TRUE	713	8	10.90694500869819
ENSG00000168264	chr1:234659375-234659676	325	39551	TRUE	0.028	-0.3625339451347543	TRUE	713	8	0.6821671510568038
ENSG00000135778	chr1:234659375-234659676	379	47893	TRUE	0.048	-0.3035978470175405	TRUE	713	8	0.8487348562975926
ENSG00000135750	chr1:234659375-234659676	339	40158	TRUE	0.272	-0.22808353394106862	FALSE	713	8	0.7022719459983124
ENSG00000135750	chr1:234659375-234659676	339	40158	TRUE	2.6159224417076493e-5	-0.507737561344347	TRUE	713	9	0.7022719459983124
ENSG00000168275	chr1:234659375-234659676	709	91425	TRUE	5.490482148468728e-5	-0.3584234410387439	TRUE	713	9	10.90694500869819
ENSG00000135778	chr1:234659375-234659676	379	47893	TRUE	8.027519746105541e-5	-0.4679846649184227	TRUE	713	9	0.8487348562975926
ENSG00000168264	chr1:234659375-234659676	325	39551	TRUE	9.727428221045949e-5	-0.47619072693032133	TRUE	713	9	0.6821671510568038
ENSG00000168275	chr1:234659375-234659676	709	91425	TRUE	1.549002357085225e-6	-0.4094996529706756	TRUE	713	10	10.90694500869819
ENSG00000135778	chr1:234659375-234659676	379	47893	TRUE	2.9812263136936874e-6	-0.5121844688289579	TRUE	713	10	0.8487348562975926
ENSG00000135750	chr1:234659375-234659676	339	40158	TRUE	0.004996191569166156	-0.36463404981253833	TRUE	713	10	0.7022719459983124
ENSG00000168264	chr1:234659375-234659676	325	39551	TRUE	0.024	-0.3124104657089177	TRUE	713	10	0.6821671510568038
ENSG00000168275	chr1:234659375-234659676	709	91425	TRUE	3.030206917045621e-7	-0.4315833497332253	TRUE	713	11	10.90694500869819
ENSG00000135778	chr1:234659375-234659676	379	47893	TRUE	8.967482217172446e-5	-0.43722241114773575	TRUE	713	11	0.8487348562975926
ENSG00000135750	chr1:234659375-234659676	339	40158	TRUE	0.056	-0.31653976161149344	TRUE	713	11	0.7022719459983124
ENSG00000168264	chr1:234659375-234659676	325	39551	TRUE	0.784	-0.10314731631610469	FALSE	713	11	0.6821671510568038
ENSG00000168275	chr1:234659375-234659676	709	91425	TRUE	4.348134878836933e-9	-0.4702110669597195	TRUE	713	12	10.90694500869819
ENSG00000135778	chr1:234659375-234659676	379	47893	TRUE	4.919376684383268e-6	-0.508982036790614	TRUE	713	12	0.8487348562975926
ENSG00000168264	chr1:234659375-234659676	325	39551	TRUE	0.006170394537114432	-0.36983874575798753	TRUE	713	12	0.6821671510568038
ENSG00000135750	chr1:234659375-234659676	339	40158	TRUE	0.028	-0.38220667926048824	TRUE	713	12	0.7022719459983124
ENSG00000135778	chr1:234659375-234659676	379	47893	TRUE	2.8781615206040483e-5	-0.47734271961665686	TRUE	713	13	0.8487348562975926
ENSG00000168275	chr1:234659375-234659676	709	91425	TRUE	3.0439572405127537e-4	-0.3570738665335109	TRUE	713	13	10.90694500869819
ENSG00000168264	chr1:234659375-234659676	325	39551	TRUE	0.408	-0.20398800582293225	FALSE	713	13	0.6821671510568038
ENSG00000135750	chr1:234659375-234659676	339	40158	TRUE	0.784	-0.15678656522647216	FALSE	713	13	0.7022719459983124
ENSG00000168275	chr1:234659375-234659676	709	91425	TRUE	0.002985050867646208	-0.30561850914379685	TRUE	713	14	10.90694500869819
ENSG00000135778	chr1:234659375-234659676	379	47893	TRUE	0.0030431691900201334	-0.3893277210434243	TRUE	713	14	0.8487348562975926
ENSG00000135750	chr1:234659375-234659676	339	40158	TRUE	0.010850566288921129	-0.36463404981253833	TRUE	713	14	0.7022719459983124
ENSG00000168264	chr1:234659375-234659676	325	39551	TRUE	0.532	-0.16216783012830543	FALSE	713	14	0.6821671510568038
ENSG00000168275	chr1:234659375-234659676	709	91425	TRUE	1.388936690290823e-7	-0.4179173464578847	TRUE	713	15	10.90694500869819
ENSG00000168264	chr1:234659375-234659676	325	39551	TRUE	3.595437930188766e-4	-0.46832860915735103	TRUE	713	15	0.6821671510568038
ENSG00000135750	chr1:234659375-234659676	339	40158	TRUE	0.0011248159586196502	-0.4399221771167755	TRUE	713	15	0.7022719459983124
ENSG00000135778	chr1:234659375-234659676	379	47893	TRUE	0.0035812592792923426	-0.365963727977914	TRUE	713	15	0.8487348562975926
ENSG00000168275	chr1:234659375-234659676	709	91425	TRUE	3.9391244982496043e-7	-0.3868305776209602	TRUE	713	16	10.90694500869819
ENSG00000168264	chr1:234659375-234659676	325	39551	TRUE	1.422581817991193e-6	-0.5740380503284659	TRUE	713	16	0.6821671510568038
ENSG00000135750	chr1:234659375-234659676	339	40158	TRUE	0.0010534492102962298	-0.4216368240890259	TRUE	713	16	0.7022719459983124
ENSG00000135778	chr1:234659375-234659676	379	47893	TRUE	0.00802790125055336	-0.3344438139702996	TRUE	713	16	0.8487348562975926
ENSG00000168275	chr1:234659375-234659676	709	91425	TRUE	2.5778622021310066e-10	-0.5056586931908322	TRUE	713	17	10.90694500869819
ENSG00000135778	chr1:234659375-234659676	379	47893	TRUE	6.346044827762118e-4	-0.401153156440214	TRUE	713	17	0.8487348562975926
ENSG00000135750	chr1:234659375-234659676	339	40158	TRUE	0.0017461565749165506	-0.44730170748237297	TRUE	713	17	0.7022719459983124
ENSG00000168264	chr1:234659375-234659676	325	39551	TRUE	0.002533180890759868	-0.41446173717861506	TRUE	713	17	0.6821671510568038
ENSG00000135778	chr1:234659375-234659676	379	47893	TRUE	4.194906498229192e-4	-0.43114789673805143	TRUE	713	18	0.8487348562975926
ENSG00000168275	chr1:234659375-234659676	709	91425	TRUE	4.233624247357154e-4	-0.3347648548033133	TRUE	713	18	10.90694500869819
ENSG00000168264	chr1:234659375-234659676	325	39551	TRUE	0.06	-0.29840360771503854	TRUE	713	18	0.6821671510568038
ENSG00000135750	chr1:234659375-234659676	339	40158	TRUE	0.116	-0.2864476964550574	FALSE	713	18	0.7022719459983124
ENSG00000168275	chr1:234659375-234659676	709	91425	TRUE	4.942537902636896e-6	-0.39142808004865737	TRUE	713	19	10.90694500869819
ENSG00000135750	chr1:234659375-234659676	339	40158	TRUE	1.1173274262947418e-5	-0.5508062832362332	TRUE	713	19	0.7022719459983124
ENSG00000168264	chr1:234659375-234659676	325	39551	TRUE	2.3191658758762675e-4	-0.49204467813115843	TRUE	713	19	0.6821671510568038
ENSG00000135778	chr1:234659375-234659676	379	47893	TRUE	0.12	-0.28704667075369256	FALSE	713	19	0.8487348562975926
ENSG00000135750	chr1:234659375-234659676	339	40158	TRUE	3.3330128913885895e-7	-0.6034209093996549	TRUE	713	20	0.7022719459983124
ENSG00000168275	chr1:234659375-234659676	709	91425	TRUE	3.695526838126033e-6	-0.39004729030450314	TRUE	713	20	10.90694500869819
ENSG00000135778	chr1:234659375-234659676	379	47893	TRUE	2.532072345557768e-5	-0.47421661862993725	TRUE	713	20	0.8487348562975926
ENSG00000168264	chr1:234659375-234659676	325	39551	TRUE	6.142263416455337e-4	-0.4069280644932077	TRUE	713	20	0.6821671510568038
ENSG00000135750	chr1:234659375-234659676	339	40158	TRUE	2.8886827809545136e-6	-0.5829568068399392	TRUE	713	21	0.7022719459983124
ENSG00000135778	chr1:234659375-234659676	379	47893	TRUE	1.2175784434524835e-5	-0.48361531663218704	TRUE	713	21	0.8487348562975926
ENSG00000168275	chr1:234659375-234659676	709	91425	TRUE	1.354488149724845e-5	-0.39858328970267864	TRUE	713	21	10.90694500869819
ENSG00000168264	chr1:234659375-234659676	325	39551	TRUE	0.0015259532969748232	-0.41824337772104175	TRUE	713	21	0.6821671510568038
ENSG00000168275	chr1:234659375-234659676	709	91425	TRUE	5.6250617604415836e-5	-0.3633827101251983	TRUE	713	22	10.90694500869819
ENSG00000135778	chr1:234659375-234659676	379	47893	TRUE	0.028	-0.3119451897310603	TRUE	713	22	0.8487348562975926
ENSG00000168264	chr1:234659375-234659676	325	39551	TRUE	0.264	-0.2270189744782734	FALSE	713	22	0.6821671510568038
ENSG00000135750	chr1:234659375-234659676	339	40158	TRUE	0.408	-0.20600908080264568	FALSE	713	22	0.7022719459983124
ENSG00000168275	chr1:234659375-234659676	709	91425	TRUE	6.842177659422272e-4	-0.3292410903369327	TRUE	713	23	10.90694500869819
ENSG00000135750	chr1:234659375-234659676	339	40158	TRUE	8.666747348756547e-4	-0.4436072239246316	TRUE	713	23	0.7022719459983124
ENSG00000135778	chr1:234659375-234659676	379	47893	TRUE	0.0036489979566740605	-0.3630696547087344	TRUE	713	23	0.8487348562975926
ENSG00000168264	chr1:234659375-234659676	325	39551	TRUE	0.108	-0.27421414214796774	FALSE	713	23	0.6821671510568038
ENSG00000168275	chr1:234659375-234659676	709	91425	TRUE	1.8084769749579691e-9	-0.4675387338811148	TRUE	713	24	10.90694500869819
ENSG00000135778	chr1:234659375-234659676	379	47893	TRUE	4.560699028437632e-5	-0.4679846649184227	TRUE	713	24	0.8487348562975926
ENSG00000135750	chr1:234659375-234659676	339	40158	TRUE	7.627074127490065e-5	-0.4885779830608922	TRUE	713	24	0.7022719459983124
ENSG00000168264	chr1:234659375-234659676	325	39551	TRUE	0.028	-0.323005580948117	TRUE	713	24	0.6821671510568038
ENSG00000168275	chr1:234659375-234659676	709	91425	TRUE	1.0641719960118035e-5	-0.3995091328539071	TRUE	713	25	10.90694500869819
ENSG00000135778	chr1:234659375-234659676	379	47893	TRUE	1.3361545690727776e-5	-0.5025984199997597	TRUE	713	25	0.8487348562975926
ENSG00000135750	chr1:234659375-234659676	339	40158	TRUE	0.005771049861095445	-0.36813149404876533	TRUE	713	25	0.7022719459983124
ENSG00000168264	chr1:234659375-234659676	325	39551	TRUE	0.008298240565138032	-0.3735050629557573	TRUE	713	25	0.6821671510568038
ENSG00000168275	chr1:234659375-234659676	709	91425	TRUE	2.2757712814760924e-10	-0.47557062916882	TRUE	713	26	10.90694500869819
ENSG00000135778	chr1:234659375-234659676	379	47893	TRUE	0.0025034313665197455	-0.386386445731302	TRUE	713	26	0.8487348562975926
ENSG00000168264	chr1:234659375-234659676	325	39551	TRUE	0.015209201204448367	-0.34803437543963917	TRUE	713	26	0.6821671510568038
ENSG00000135750	chr1:234659375-234659676	339	40158	TRUE	0.984	-0.1507501754958036	FALSE	713	26	0.7022719459983124
ENSG00000168264	chr1:234659375-234659676	325	39551	TRUE	1.2049530208516936e-5	-0.516157134247966	TRUE	713	27	0.6821671510568038
ENSG00000168275	chr1:234659375-234659676	709	91425	TRUE	5.236251011742684e-5	-0.3663212204292394	TRUE	713	27	10.90694500869819
ENSG00000135778	chr1:234659375-234659676	379	47893	TRUE	2.8552395505218337e-4	-0.4220838143098148	TRUE	713	27	0.8487348562975926
ENSG00000135750	chr1:234659375-234659676	339	40158	TRUE	0.0010525119472562447	-0.42892317816751857	TRUE	713	27	0.7022719459983124
ENSG00000168264	chr1:234659375-234659676	325	39551	TRUE	1.5779548320865588e-4	-0.47619072693032133	TRUE	713	28	0.6821671510568038
ENSG00000135778	chr1:234659375-234659676	379	47893	TRUE	0.002045435901865504	-0.3893277210434243	TRUE	713	28	0.8487348562975926
ENSG00000135750	chr1:234659375-234659676	339	40158	TRUE	0.04	-0.3369555981655876	TRUE	713	28	0.7022719459983124
ENSG00000168275	chr1:234659375-234659676	709	91425	TRUE	0.1	-0.26013349507612693	FALSE	713	28	10.90694500869819
ENSG00000168275	chr1:234659375-234659676	709	91425	TRUE	3.677627653423144e-12	-0.5222012428707421	TRUE	713	29	10.90694500869819
ENSG00000135778	chr1:234659375-234659676	379	47893	TRUE	2.4065073167134224e-5	-0.4679846649184227	TRUE	713	29	0.8487348562975926
ENSG00000135750	chr1:234659375-234659676	339	40158	TRUE	1.1295634180467744e-4	-0.4734314393070268	TRUE	713	29	0.7022719459983124
ENSG00000168264	chr1:234659375-234659676	325	39551	TRUE	0.1	-0.2776450475482412	FALSE	713	29	0.6821671510568038
ENSG00000168275	chr1:234659375-234659676	709	91425	TRUE	8.82655628743666e-5	-0.3593238592554515	TRUE	713	30	10.90694500869819
ENSG00000135778	chr1:234659375-234659676	379	47893	TRUE	0.002769547626968162	-0.36886361848370874	TRUE	713	30	0.8487348562975926
ENSG00000168264	chr1:234659375-234659676	325	39551	TRUE	0.023604505245249235	-0.3336790824625691	TRUE	713	30	0.6821671510568038
ENSG00000135750	chr1:234659375-234659676	339	40158	TRUE	0.148	-0.2634691326769655	FALSE	713	30	0.7022719459983124
ENSG00000168275	chr1:234659375-234659676	709	91425	TRUE	2.572726258949186e-4	-0.3586484929136078	TRUE	713	31	10.90694500869819
ENSG00000135778	chr1:234659375-234659676	379	47893	TRUE	0.0014145337216495673	-0.3922750050937611	TRUE	713	31	0.8487348562975926
ENSG00000135750	chr1:234659375-234659676	339	40158	TRUE	0.024	-0.3131650348308369	TRUE	713	31	0.7022719459983124
ENSG00000168264	chr1:234659375-234659676	325	39551	TRUE	0.036	-0.3265546480291875	TRUE	713	31	0.6821671510568038
ENSG00000168275	chr1:234659375-234659676	709	91425	TRUE	4.567018880943411e-13	-0.5171682880336816	TRUE	713	32	10.90694500869819
ENSG00000135778	chr1:234659375-234659676	379	47893	TRUE	1.3936510742346836e-4	-0.449448713480995	TRUE	713	32	0.8487348562975926
ENSG00000168264	chr1:234659375-234659676	325	39551	TRUE	0.0023741909156874824	-0.422034956883416	TRUE	713	32	0.6821671510568038
ENSG00000135750	chr1:234659375-234659676	339	40158	TRUE	0.024	-0.3611450637326584	TRUE	713	32	0.7022719459983124
ENSG00000168275	chr1:234659375-234659676	709	91425	TRUE	4.956735308592739e-7	-0.411599476316709	TRUE	713	33	10.90694500869819
ENSG00000135778	chr1:234659375-234659676	379	47893	TRUE	6.245719491730431e-4	-0.42812020404048334	TRUE	713	33	0.8487348562975926
ENSG00000135750	chr1:234659375-234659676	339	40158	TRUE	0.0029478791182293573	-0.3928539234599967	TRUE	713	33	0.7022719459983124
ENSG00000168264	chr1:234659375-234659676	325	39551	TRUE	0.009226355196422245	-0.3444321387594435	TRUE	713	33	0.6821671510568038
ENSG00000168275	chr1:234659375-234659676	709	91425	TRUE	4.123772833455712e-5	-0.34810882267236165	TRUE	713	34	10.90694500869819
ENSG00000135778	chr1:234659375-234659676	379	47893	TRUE	4.132289391482018e-4	-0.42812020404048334	TRUE	713	34	0.8487348562975926
ENSG00000168264	chr1:234659375-234659676	325	39551	TRUE	0.001252844735495015	-0.4031759296321001	TRUE	713	34	0.6821671510568038
ENSG00000135750	chr1:234659375-234659676	339	40158	TRUE	0.0064125290669609925	-0.38574703696573687	TRUE	713	34	0.7022719459983124
ENSG00000168275	chr1:234659375-234659676	709	91425	TRUE	2.185079883285264e-5	-0.37130775970621865	TRUE	713	35	10.90694500869819
ENSG00000135778	chr1:234659375-234659676	379	47893	TRUE	2.3441820274701592e-5	-0.47109727678575863	TRUE	713	35	0.8487348562975926
ENSG00000135750	chr1:234659375-234659676	339	40158	TRUE	0.0030543211010015357	-0.396420538480189	TRUE	713	35	0.7022719459983124
ENSG00000168264	chr1:234659375-234659676	325	39551	TRUE	0.007744782030265712	-0.3735050629557573	TRUE	713	35	0.6821671510568038
ENSG00000168275	chr1:234659375-234659676	709	91425	TRUE	1.044703305625068e-6	-0.39742682067010016	TRUE	713	36	10.90694500869819
ENSG00000135778	chr1:234659375-234659676	379	47893	TRUE	6.938452053208751e-4	-0.41907506443747644	TRUE	713	36	0.8487348562975926
ENSG00000135750	chr1:234659375-234659676	339	40158	TRUE	0.008072379935224	-0.38220667926048824	TRUE	713	36	0.7022719459983124
ENSG00000168264	chr1:234659375-234659676	325	39551	TRUE	0.052	-0.31946522324286836	TRUE	713	36	0.6821671510568038
ENSG00000168275	chr1:234659375-234659676	709	91425	TRUE	6.162992719174645e-11	-0.4789916555977958	TRUE	713	37	10.90694500869819
ENSG00000135778	chr1:234659375-234659676	379	47893	TRUE	1.1615421462082007e-7	-0.5577813352690686	TRUE	713	37	0.8487348562975926
ENSG00000135750	chr1:234659375-234659676	339	40158	TRUE	0.036	-0.30979818373243806	TRUE	713	37	0.7022719459983124
ENSG00000168264	chr1:234659375-234659676	325	39551	TRUE	0.04	-0.31593353227261495	TRUE	713	37	0.6821671510568038
ENSG00000168275	chr1:234659375-234659676	709	91425	TRUE	6.540288769928693e-10	-0.4581037867647555	TRUE	713	38	10.90694500869819
ENSG00000135778	chr1:234659375-234659676	379	47893	TRUE	2.480953516570579e-5	-0.47109727678575863	TRUE	713	38	0.8487348562975926
ENSG00000168264	chr1:234659375-234659676	325	39551	TRUE	6.244863400404164e-5	-0.4960355383271929	TRUE	713	38	0.6821671510568038
ENSG00000135750	chr1:234659375-234659676	339	40158	TRUE	0.452	-0.21228167781817586	FALSE	713	38	0.7022719459983124
ENSG00000168275	chr1:234659375-234659676	709	91425	TRUE	1.3052587166615943e-7	-0.41019925455597894	TRUE	713	39	10.90694500869819
ENSG00000135750	chr1:234659375-234659676	339	40158	TRUE	0.06	-0.2930807887875043	FALSE	713	39	0.7022719459983124
ENSG00000168264	chr1:234659375-234659676	325	39551	TRUE	0.296	-0.20398800582293225	FALSE	713	39	0.6821671510568038
ENSG00000135778	chr1:234659375-234659676	379	47893	TRUE	0.3	-0.24648087621917963	FALSE	713	39	0.8487348562975926
ENSG00000168275	chr1:234659375-234659676	709	91425	TRUE	6.885635142978236e-7	-0.41346855517362124	TRUE	713	40	10.90694500869819
ENSG00000135778	chr1:234659375-234659676	379	47893	TRUE	2.438073265200874e-4	-0.41607257627595295	TRUE	713	40	0.8487348562975926
ENSG00000135750	chr1:234659375-234659676	339	40158	TRUE	5.428214937387588e-4	-0.46966952051082755	TRUE	713	40	0.7022719459983124
ENSG00000168264	chr1:234659375-234659676	325	39551	TRUE	0.005451644988934523	-0.34803437543963917	TRUE	713	40	0.6821671510568038
ENSG00000135750	chr1:234659375-234659676	339	40158	TRUE	9.247777005559924e-8	-0.6325672550591713	TRUE	713	41	0.7022719459983124
ENSG00000168275	chr1:234659375-234659676	709	91425	TRUE	3.052204498068395e-5	-0.37176193727675333	TRUE	713	41	10.90694500869819
ENSG00000168264	chr1:234659375-234659676	325	39551	TRUE	0.00526147311275596	-0.3808657679070117	TRUE	713	41	0.6821671510568038
ENSG00000135778	chr1:234659375-234659676	379	47893	TRUE	0.04	-0.3035978470175405	TRUE	713	41	0.8487348562975926
ENSG00000168275	chr1:234659375-234659676	709	91425	TRUE	1.4385311018839703e-8	-0.4472934328218874	TRUE	713	42	10.90694500869819
ENSG00000135778	chr1:234659375-234659676	379	47893	TRUE	5.403249075090159e-6	-0.5057866976308072	TRUE	713	42	0.8487348562975926
ENSG00000135750	chr1:234659375-234659676	339	40158	TRUE	0.028	-0.36813149404876533	TRUE	713	42	0.7022719459983124
ENSG00000168264	chr1:234659375-234659676	325	39551	TRUE	0.936	-0.12461182550470201	FALSE	713	42	0.6821671510568038
ENSG00000168275	chr1:234659375-234659676	709	91425	TRUE	4.520329879696304e-9	-0.4702110669597195	TRUE	713	43	10.90694500869819
ENSG00000135750	chr1:234659375-234659676	339	40158	TRUE	2.1225433170638918e-4	-0.4885779830608922	TRUE	713	43	0.7022719459983124
ENSG00000135778	chr1:234659375-234659676	379	47893	TRUE	0.005605280162665677	-0.365963727977914	TRUE	713	43	0.8487348562975926
ENSG00000168264	chr1:234659375-234659676	325	39551	TRUE	0.010575384449048389	-0.3552659446707149	TRUE	713	43	0.6821671510568038
ENSG00000135778	chr1:234659375-234659676	379	47893	TRUE	0.007241813696482267	-0.3372809732738291	TRUE	713	44	0.8487348562975926
ENSG00000168275	chr1:234659375-234659676	709	91425	TRUE	0.032	-0.2747116315405105	TRUE	713	44	10.90694500869819
ENSG00000168264	chr1:234659375-234659676	325	39551	TRUE	0.036	-0.3336790824625691	TRUE	713	44	0.6821671510568038
ENSG00000135750	chr1:234659375-234659676	339	40158	TRUE	0.056	-0.2897604304958933	TRUE	713	44	0.7022719459983124
ENSG00000168275	chr1:234659375-234659676	709	91425	TRUE	2.995480630169989e-12	-0.484138453863431	TRUE	713	45	10.90694500869819
ENSG00000135778	chr1:234659375-234659676	379	47893	TRUE	0.014680357542747297	-0.32878617910837366	TRUE	713	45	0.8487348562975926
ENSG00000135750	chr1:234659375-234659676	339	40158	TRUE	0.024	-0.36463404981253833	TRUE	713	45	0.7022719459983124
ENSG00000168264	chr1:234659375-234659676	325	39551	TRUE	0.024	-0.3735050629557573	TRUE	713	45	0.6821671510568038
ENSG00000168275	chr1:234659375-234659676	709	91425	TRUE	3.835375737038061e-11	-0.4824208135064061	TRUE	713	46	10.90694500869819
ENSG00000168264	chr1:234659375-234659676	325	39551	TRUE	0.004594494384487474	-0.3845602514647531	TRUE	713	46	0.6821671510568038
ENSG00000135778	chr1:234659375-234659676	379	47893	TRUE	0.005931379059045616	-0.3630696547087344	TRUE	713	46	0.8487348562975926
ENSG00000135750	chr1:234659375-234659676	339	40158	TRUE	0.02772506838605429	-0.30979818373243806	TRUE	713	46	0.7022719459983124
ENSG00000168264	chr1:234659375-234659676	325	39551	TRUE	1.3609104245271807e-4	-0.4722543123711512	TRUE	713	47	0.6821671510568038
ENSG00000135778	chr1:234659375-234659676	379	47893	TRUE	2.1254644604184504e-4	-0.43722241114773575	TRUE	713	47	0.8487348562975926
ENSG00000168275	chr1:234659375-234659676	709	91425	TRUE	4.769984900129254e-4	-0.3252770349142651	TRUE	713	47	10.90694500869819
ENSG00000135750	chr1:234659375-234659676	339	40158	TRUE	0.064	-0.3030879621428857	TRUE	713	47	0.7022719459983124
ENSG00000135778	chr1:234659375-234659676	379	47893	TRUE	7.608963576522486e-6	-0.508982036790614	TRUE	713	48	0.8487348562975926
ENSG00000168264	chr1:234659375-234659676	325	39551	TRUE	1.5651986646746064e-5	-0.5530987126361029	TRUE	713	48	0.6821671510568038
ENSG00000168275	chr1:234659375-234659676	709	91425	TRUE	4.2134797230926335e-5	-0.3703998332817351	TRUE	713	48	10.90694500869819
ENSG00000135750	chr1:234659375-234659676	339	40158	TRUE	1.4831154910094346e-4	-0.4847764129010359	TRUE	713	48	0.7022719459983124
ENSG00000135778	chr1:234659375-234659676	379	47893	TRUE	1.861398880513595e-7	-0.5777728104565345	TRUE	713	49	0.8487348562975926
ENSG00000135750	chr1:234659375-234659676	339	40158	TRUE	1.2834221058223355e-6	-0.599304800927423	TRUE	713	49	0.7022719459983124
ENSG00000168264	chr1:234659375-234659676	325	39551	TRUE	4.066588757722228e-5	-0.5000374688846891	TRUE	713	49	0.6821671510568038
ENSG00000168275	chr1:234659375-234659676	709	91425	TRUE	2.339753739624209e-4	-0.3283592473749479	TRUE	713	49	10.90694500869819
ENSG00000135778	chr1:234659375-234659676	379	47893	TRUE	2.4927846569612806e-5	-0.4962429249599365	TRUE	713	50	0.8487348562975926
ENSG00000168275	chr1:234659375-234659676	709	91425	TRUE	3.165120060396546e-5	-0.35909870201100125	TRUE	713	50	10.90694500869819
ENSG00000135750	chr1:234659375-234659676	339	40158	TRUE	5.018372114175551e-4	-0.4584422650875736	TRUE	713	50	0.7022719459983124
ENSG00000168264	chr1:234659375-234659676	325	39551	TRUE	0.244	-0.23033933276988444	FALSE	713	50	0.6821671510568038
ENSG00000168275	chr1:234659375-234659676	709	91425	TRUE	1.8962058843316996e-4	-0.3429790366477241	TRUE	713	51	10.90694500869819
ENSG00000135778	chr1:234659375-234659676	379	47893	TRUE	0.012007422257682962	-0.3372809732738291	TRUE	713	51	0.8487348562975926
ENSG00000135750	chr1:234659375-234659676	339	40158	TRUE	0.036	-0.3335328325247985	TRUE	713	51	0.7022719459983124
ENSG00000168264	chr1:234659375-234659676	325	39551	TRUE	0.192	-0.21053085168970426	FALSE	713	51	0.6821671510568038
ENSG00000168264	chr1:234659375-234659676	325	39551	TRUE	0.005843743966426035	-0.36983874575798753	TRUE	713	52	0.6821671510568038
ENSG00000168275	chr1:234659375-234659676	709	91425	TRUE	0.007346583822092773	-0.3058354720798988	TRUE	713	52	10.90694500869819
ENSG00000135750	chr1:234659375-234659676	339	40158	TRUE	0.048	-0.31992240100614533	TRUE	713	52	0.7022719459983124
ENSG00000135778	chr1:234659375-234659676	379	47893	TRUE	0.112	-0.26257057875748574	FALSE	713	52	0.8487348562975926
ENSG00000168275	chr1:234659375-234659676	709	91425	TRUE	7.81296505575407e-5	-0.3579734425819172	TRUE	713	53	10.90694500869819
ENSG00000168264	chr1:234659375-234659676	325	39551	TRUE	0.036	-0.31946522324286836	TRUE	713	53	0.6821671510568038
ENSG00000135750	chr1:234659375-234659676	339	40158	TRUE	0.148	-0.2602161548818779	FALSE	713	53	0.7022719459983124
ENSG00000135778	chr1:234659375-234659676	379	47893	TRUE	0.416	-0.19410869943720205	FALSE	713	53	0.8487348562975926
ENSG00000168275	chr1:234659375-234659676	709	91425	TRUE	1.3732254170164757e-6	-0.3969644925005009	TRUE	713	54	10.90694500869819
ENSG00000135778	chr1:234659375-234659676	379	47893	TRUE	8.129697327817422e-5	-0.4648787540506012	TRUE	713	54	0.8487348562975926
ENSG00000168264	chr1:234659375-234659676	325	39551	TRUE	0.004973969449361064	-0.3957008090699537	TRUE	713	54	0.6821671510568038
ENSG00000135750	chr1:234659375-234659676	339	40158	TRUE	0.01381033710115058	-0.36813149404876533	TRUE	713	54	0.7022719459983124
ENSG00000168275	chr1:234659375-234659676	709	91425	TRUE	2.2857911500609733e-9	-0.47240120913086336	TRUE	713	55	10.90694500869819
ENSG00000135778	chr1:234659375-234659676	379	47893	TRUE	7.698158113189662e-6	-0.5153940253048479	TRUE	713	55	0.8487348562975926
ENSG00000168264	chr1:234659375-234659676	325	39551	TRUE	0.02518871121703653	-0.31593353227261495	TRUE	713	55	0.6821671510568038
ENSG00000135750	chr1:234659375-234659676	339	40158	TRUE	0.072	-0.2997445190685152	TRUE	713	55	0.7022719459983124
ENSG00000168275	chr1:234659375-234659676	709	91425	TRUE	4.6353863658243834e-10	-0.46681077404350724	TRUE	713	56	10.90694500869819
ENSG00000135778	chr1:234659375-234659676	379	47893	TRUE	4.2504429509891695e-7	-0.5348027714909767	TRUE	713	56	0.8487348562975926
ENSG00000135750	chr1:234659375-234659676	339	40158	TRUE	1.751892555144803e-4	-0.4734314393070268	TRUE	713	56	0.7022719459983124
ENSG00000168264	chr1:234659375-234659676	325	39551	TRUE	0.052	-0.323005580948117	TRUE	713	56	0.6821671510568038
ENSG00000135750	chr1:234659375-234659676	339	40158	TRUE	2.9928263602339855e-6	-0.5587769943448128	TRUE	713	57	0.7022719459983124
ENSG00000168275	chr1:234659375-234659676	709	91425	TRUE	3.1961666104298944e-6	-0.3827053149633346	TRUE	713	57	10.90694500869819
ENSG00000135778	chr1:234659375-234659676	379	47893	TRUE	2.08715938852873e-5	-0.4648787540506012	TRUE	713	57	0.8487348562975926
ENSG00000168264	chr1:234659375-234659676	325	39551	TRUE	5.132073760666725e-4	-0.45273175410633254	TRUE	713	57	0.6821671510568038
ENSG00000135778	chr1:234659375-234659676	379	47893	TRUE	6.209808623246888e-9	-0.6186065279651121	TRUE	713	58	0.8487348562975926
ENSG00000168264	chr1:234659375-234659676	325	39551	TRUE	6.006304986802763e-6	-0.565625810512266	TRUE	713	58	0.6821671510568038
ENSG00000168275	chr1:234659375-234659676	709	91425	TRUE	6.956768538641262e-4	-0.3434243816245246	TRUE	713	58	10.90694500869819
ENSG00000135750	chr1:234659375-234659676	339	40158	TRUE	0.164	-0.27327230770732414	FALSE	713	58	0.7022719459983124
ENSG00000168275	chr1:234659375-234659676	709	91425	TRUE	1.0898346467043754e-4	-0.3530327013116472	TRUE	713	59	10.90694500869819
ENSG00000135778	chr1:234659375-234659676	379	47893	TRUE	2.137069163168151e-4	-0.4341819568276848	TRUE	713	59	0.8487348562975926
ENSG00000135750	chr1:234659375-234659676	339	40158	TRUE	0.0022029101858150463	-0.42527540115237417	TRUE	713	59	0.7022719459983124
ENSG00000168264	chr1:234659375-234659676	325	39551	TRUE	0.023652774472282062	-0.3336790824625691	TRUE	713	59	0.6821671510568038
ENSG00000168275	chr1:234659375-234659676	709	91425	TRUE	3.238885442865321e-8	-0.44657561455968375	TRUE	713	60	10.90694500869819
ENSG00000135778	chr1:234659375-234659676	379	47893	TRUE	0.001722565785658211	-0.38345115470675506	TRUE	713	60	0.8487348562975926
ENSG00000168264	chr1:234659375-234659676	325	39551	TRUE	0.006207533954456376	-0.3882642202281719	TRUE	713	60	0.6821671510568038
ENSG00000135750	chr1:234659375-234659676	339	40158	TRUE	0.024	-0.35419230309089167	TRUE	713	60	0.7022719459983124
ENSG00000168275	chr1:234659375-234659676	709	91425	TRUE	0.004700884268200069	-0.31432257802465724	TRUE	713	61	10.90694500869819
ENSG00000135778	chr1:234659375-234659676	379	47893	TRUE	0.024	-0.32878617910837366	TRUE	713	61	0.8487348562975926
ENSG00000168264	chr1:234659375-234659676	325	39551	TRUE	0.028	-0.30189259379491845	TRUE	713	61	0.6821671510568038
ENSG00000135750	chr1:234659375-234659676	339	40158	TRUE	0.056	-0.32671156666878465	TRUE	713	61	0.7022719459983124
ENSG00000168275	chr1:234659375-234659676	709	91425	TRUE	0.0014505188274172402	-0.31454085399767173	TRUE	713	62	10.90694500869819
ENSG00000135778	chr1:234659375-234659676	379	47893	TRUE	0.00159273537755664	-0.386386445731302	TRUE	713	62	0.8487348562975926
ENSG00000168264	chr1:234659375-234659676	325	39551	TRUE	0.006225494249792976	-0.3625339451347543	TRUE	713	62	0.6821671510568038
ENSG00000135750	chr1:234659375-234659676	339	40158	TRUE	0.416	-0.1904458765777034	FALSE	713	62	0.7022719459983124
ENSG00000168275	chr1:234659375-234659676	709	91425	TRUE	1.21228307153054e-5	-0.37745125390486356	TRUE	713	63	10.90694500869819
ENSG00000168264	chr1:234659375-234659676	325	39551	TRUE	0.06	-0.284531433133481	FALSE	713	63	0.6821671510568038
ENSG00000135750	chr1:234659375-234659676	339	40158	TRUE	0.236	-0.24727709917437968	FALSE	713	63	0.7022719459983124
ENSG00000135778	chr1:234659375-234659676	379	47893	TRUE	0.328	-0.22005715147483745	FALSE	713	63	0.8487348562975926
ENSG00000168275	chr1:234659375-234659676	709	91425	TRUE	6.372322665213924e-8	-0.4240274828207533	TRUE	713	64	10.90694500869819
ENSG00000168264	chr1:234659375-234659676	325	39551	TRUE	4.1461146414047134e-5	-0.4722543123711512	TRUE	713	64	0.6821671510568038
ENSG00000135778	chr1:234659375-234659676	379	47893	TRUE	5.866668094824572e-4	-0.4130763238160332	TRUE	713	64	0.8487348562975926
ENSG00000135750	chr1:234659375-234659676	339	40158	TRUE	6.132508399588135e-4	-0.45471917904485604	TRUE	713	64	0.7022719459983124
ENSG00000168275	chr1:234659375-234659676	709	91425	TRUE	3.2464465645224913e-7	-0.4118329787920736	TRUE	713	65	10.90694500869819
ENSG00000168264	chr1:234659375-234659676	325	39551	TRUE	1.043528293198561e-5	-0.5406794533820349	TRUE	713	65	0.6821671510568038
ENSG00000135778	chr1:234659375-234659676	379	47893	TRUE	1.7729706547846454e-4	-0.4341819568276848	TRUE	713	65	0.8487348562975926
ENSG00000135750	chr1:234659375-234659676	339	40158	TRUE	0.064	-0.30979818373243806	TRUE	713	65	0.7022719459983124
ENSG00000168275	chr1:234659375-234659676	709	91425	TRUE	9.078686511283595e-8	-0.4287452602129309	TRUE	713	66	10.90694500869819
ENSG00000168264	chr1:234659375-234659676	325	39551	TRUE	0.032	-0.34083887403543517	TRUE	713	66	0.6821671510568038
ENSG00000135778	chr1:234659375-234659676	379	47893	TRUE	0.04	-0.3344438139702996	TRUE	713	66	0.8487348562975926
ENSG00000135750	chr1:234659375-234659676	339	40158	TRUE	0.068	-0.2864476964550574	TRUE	713	66	0.7022719459983124
ENSG00000168275	chr1:234659375-234659676	709	91425	TRUE	1.8618577611677865e-5	-0.39281019259973027	TRUE	713	67	10.90694500869819
ENSG00000135778	chr1:234659375-234659676	379	47893	TRUE	0.003106616378307798	-0.3805218236680834	TRUE	713	67	0.8487348562975926
ENSG00000135750	chr1:234659375-234659676	339	40158	TRUE	0.006281409774552153	-0.39999599270401653	TRUE	713	67	0.7022719459983124
ENSG00000168264	chr1:234659375-234659676	325	39551	TRUE	0.012316001331597576	-0.3516456289920182	TRUE	713	67	0.6821671510568038
ENSG00000168275	chr1:234659375-234659676	709	91425	TRUE	3.506278260119091e-4	-0.33299494807510177	TRUE	713	68	10.90694500869819
ENSG00000135750	chr1:234659375-234659676	339	40158	TRUE	8.786390574853781e-4	-0.41438708500963806	TRUE	713	68	0.7022719459983124
ENSG00000168264	chr1:234659375-234659676	325	39551	TRUE	0.028764674931744005	-0.3088959815326811	TRUE	713	68	0.6821671510568038
ENSG00000135778	chr1:234659375-234659676	379	47893	TRUE	0.032	-0.33161222318713696	TRUE	713	68	0.8487348562975926
ENSG00000168275	chr1:234659375-234659676	709	91425	TRUE	4.3098491596137156e-5	-0.34989738021231753	TRUE	713	69	10.90694500869819
ENSG00000168264	chr1:234659375-234659676	325	39551	TRUE	0.006478491974687431	-0.36983874575798753	TRUE	713	69	0.6821671510568038
ENSG00000135778	chr1:234659375-234659676	379	47893	TRUE	0.048	-0.2980596634761104	TRUE	713	69	0.8487348562975926
ENSG00000135750	chr1:234659375-234659676	339	40158	TRUE	0.076	-0.28314255173138536	TRUE	713	69	0.7022719459983124
ENSG00000168275	chr1:234659375-234659676	709	91425	TRUE	1.7257408186646932e-5	-0.37312532850207347	TRUE	713	70	10.90694500869819
ENSG00000135750	chr1:234659375-234659676	339	40158	TRUE	0.096	-0.2864476964550574	FALSE	713	70	0.7022719459983124
ENSG00000135778	chr1:234659375-234659676	379	47893	TRUE	0.18	-0.2438166186921233	FALSE	713	70	0.8487348562975926
ENSG00000168264	chr1:234659375-234659676	325	39551	TRUE	0.672	-0.13702218195412758	FALSE	713	70	0.6821671510568038
ENSG00000135750	chr1:234659375-234659676	339	40158	TRUE	6.160061401726431e-6	-0.534995768388771	TRUE	713	71	0.7022719459983124
ENSG00000135778	chr1:234659375-234659676	379	47893	TRUE	6.779283046658537e-6	-0.5250657601256901	TRUE	713	71	0.8487348562975926
ENSG00000168275	chr1:234659375-234659676	709	91425	TRUE	3.137162246778097e-5	-0.361802910939379	TRUE	713	71	10.90694500869819
ENSG00000168264	chr1:234659375-234659676	325	39551	TRUE	0.38	-0.21053085168970426	FALSE	713	71	0.6821671510568038
ENSG00000168275	chr1:234659375-234659676	709	91425	TRUE	6.760731674360283e-6	-0.39858328970267864	TRUE	713	72	10.90694500869819
ENSG00000168264	chr1:234659375-234659676	325	39551	TRUE	4.5931758513931276e-5	-0.5080747879501073	TRUE	713	72	0.6821671510568038
ENSG00000135778	chr1:234659375-234659676	379	47893	TRUE	0.004180248086152659	-0.3805218236680834	TRUE	713	72	0.8487348562975926
ENSG00000135750	chr1:234659375-234659676	339	40158	TRUE	0.007466892642560771	-0.37515192172653755	TRUE	713	72	0.7022719459983124
ENSG00000168275	chr1:234659375-234659676	709	91425	TRUE	2.4387033374695215e-5	-0.38706010511184097	TRUE	713	73	10.90694500869819
ENSG00000135750	chr1:234659375-234659676	339	40158	TRUE	5.167224112371544e-4	-0.4621749839639032	TRUE	713	73	0.7022719459983124
ENSG00000135778	chr1:234659375-234659676	379	47893	TRUE	0.004605251403611968	-0.3601813753839078	TRUE	713	73	0.8487348562975926
ENSG00000168264	chr1:234659375-234659676	325	39551	TRUE	0.076	-0.29840360771503854	TRUE	713	73	0.6821671510568038
ENSG00000168275	chr1:234659375-234659676	709	91425	TRUE	1.0899710631005841e-5	-0.3769952820170954	TRUE	713	74	10.90694500869819
ENSG00000135750	chr1:234659375-234659676	339	40158	TRUE	0.002259746435029346	-0.42527540115237417	TRUE	713	74	0.7022719459983124
ENSG00000135778	chr1:234659375-234659676	379	47893	TRUE	0.01928229570423705	-0.3203411108521168	TRUE	713	74	0.8487348562975926
ENSG00000168264	chr1:234659375-234659676	325	39551	TRUE	0.408	-0.18775954403104617	FALSE	713	74	0.6821671510568038
ENSG00000168275	chr1:234659375-234659676	709	91425	TRUE	4.6597726101056235e-8	-0.4285090045764597	TRUE	713	75	10.90694500869819
ENSG00000135778	chr1:234659375-234659676	379	47893	TRUE	1.940300319112631e-4	-0.43722241114773575	TRUE	713	75	0.8487348562975926
ENSG00000168264	chr1:234659375-234659676	325	39551	TRUE	0.010677604055228856	-0.3552659446707149	TRUE	713	75	0.6821671510568038
ENSG00000135750	chr1:234659375-234659676	339	40158	TRUE	0.088	-0.2930807887875043	TRUE	713	75	0.7022719459983124
ENSG00000168275	chr1:234659375-234659676	709	91425	TRUE	1.1651895886278439e-8	-0.45112784050334653	TRUE	713	76	10.90694500869819
ENSG00000135750	chr1:234659375-234659676	339	40158	TRUE	1.4096589341958555e-4	-0.4885779830608922	TRUE	713	76	0.7022719459983124
ENSG00000135778	chr1:234659375-234659676	379	47893	TRUE	2.296190849724231e-4	-0.4402692867065997	TRUE	713	76	0.8487348562975926
ENSG00000168264	chr1:234659375-234659676	325	39551	TRUE	4.800187768316949e-4	-0.4566151885935607	TRUE	713	76	0.6821671510568038
ENSG00000168275	chr1:234659375-234659676	709	91425	TRUE	2.8966369421770145e-6	-0.3969644925005009	TRUE	713	77	10.90694500869819
ENSG00000135750	chr1:234659375-234659676	339	40158	TRUE	7.409716255516764e-5	-0.5193566446111806	TRUE	713	77	0.7022719459983124
ENSG00000168264	chr1:234659375-234659676	325	39551	TRUE	2.1308950317291443e-4	-0.46832860915735103	TRUE	713	77	0.6821671510568038
ENSG00000135778	chr1:234659375-234659676	379	47893	TRUE	0.224	-0.2305686372534385	FALSE	713	77	0.8487348562975926
ENSG00000168264	chr1:234659375-234659676	325	39551	TRUE	6.261250995198394e-6	-0.5530987126361029	TRUE	713	78	0.6821671510568038
ENSG00000135778	chr1:234659375-234659676	379	47893	TRUE	1.1392565294082637e-4	-0.43114789673805143	TRUE	713	78	0.8487348562975926
ENSG00000168275	chr1:234659375-234659676	709	91425	TRUE	1.1422950477685788e-4	-0.3310063949816482	TRUE	713	78	10.90694500869819
ENSG00000135750	chr1:234659375-234659676	339	40158	TRUE	0.005644224615075133	-0.3786749882902348	TRUE	713	78	0.7022719459983124
ENSG00000168275	chr1:234659375-234659676	709	91425	TRUE	1.0876330742918237e-5	-0.3888976408366305	TRUE	713	79	10.90694500869819
ENSG00000135750	chr1:234659375-234659676	339	40158	TRUE	0.096	-0.28314255173138536	FALSE	713	79	0.7022719459983124
ENSG00000135778	chr1:234659375-234659676	379	47893	TRUE	0.096	-0.2733976092418414	FALSE	713	79	0.8487348562975926
ENSG00000168264	chr1:234659375-234659676	325	39551	TRUE	0.576	-0.17171160279917613	FALSE	713	79	0.6821671510568038
ENSG00000168275	chr1:234659375-234659676	709	91425	TRUE	4.2544067238219595e-5	-0.37130775970621865	TRUE	713	80	10.90694500869819
ENSG00000168264	chr1:234659375-234659676	325	39551	TRUE	5.971111819845672e-4	-0.4373017135367266	TRUE	713	80	0.6821671510568038
ENSG00000135778	chr1:234659375-234659676	379	47893	TRUE	0.04	-0.309157372359441	TRUE	713	80	0.8487348562975926
ENSG00000135750	chr1:234659375-234659676	339	40158	TRUE	0.068	-0.2897604304958933	TRUE	713	80	0.7022719459983124
ENSG00000168275	chr1:234659375-234659676	709	91425	TRUE	1.0497954549922549e-5	-0.3735800787157326	TRUE	713	81	10.90694500869819
ENSG00000135778	chr1:234659375-234659676	379	47893	TRUE	0.0011284567561502049	-0.3952283224831086	TRUE	713	81	0.8487348562975926
ENSG00000135750	chr1:234659375-234659676	339	40158	TRUE	0.0035078522984114957	-0.3786749882902348	TRUE	713	81	0.7022719459983124
ENSG00000168264	chr1:234659375-234659676	325	39551	TRUE	0.252	-0.23033933276988444	FALSE	713	81	0.6821671510568038
ENSG00000135750	chr1:234659375-234659676	339	40158	TRUE	4.8008300630733927e-4	-0.45471917904485604	TRUE	713	82	0.7022719459983124
ENSG00000168275	chr1:234659375-234659676	709	91425	TRUE	0.004614583111788112	-0.30042116323739165	TRUE	713	82	10.90694500869819
ENSG00000168264	chr1:234659375-234659676	325	39551	TRUE	0.024	-0.33725453668639666	TRUE	713	82	0.6821671510568038
ENSG00000135778	chr1:234659375-234659676	379	47893	TRUE	0.48	-0.1966826431010285	FALSE	713	82	0.8487348562975926
ENSG00000168275	chr1:234659375-234659676	709	91425	TRUE	1.9314721827789908e-5	-0.3708537250711923	TRUE	713	83	10.90694500869819
ENSG00000135750	chr1:234659375-234659676	339	40158	TRUE	2.666229510739685e-5	-0.5310700651749709	TRUE	713	83	0.7022719459983124
ENSG00000135778	chr1:234659375-234659676	379	47893	TRUE	0.068	-0.30082609776748676	TRUE	713	83	0.8487348562975926
ENSG00000168264	chr1:234659375-234659676	325	39551	TRUE	0.204	-0.2403465061252658	FALSE	713	83	0.6821671510568038
ENSG00000168275	chr1:234659375-234659676	709	91425	TRUE	4.677897856781351e-7	-0.4111325847136409	TRUE	713	84	10.90694500869819
ENSG00000168264	chr1:234659375-234659676	325	39551	TRUE	7.046781174983724e-4	-0.4373017135367266	TRUE	713	84	0.6821671510568038
ENSG00000135750	chr1:234659375-234659676	339	40158	TRUE	0.007790532295857189	-0.36463404981253833	TRUE	713	84	0.7022719459983124
ENSG00000135778	chr1:234659375-234659676	379	47893	TRUE	0.212	-0.24915006299516412	FALSE	713	84	0.8487348562975926
ENSG00000168264	chr1:234659375-234659676	325	39551	TRUE	9.471895542790144e-7	-0.582499629076662	TRUE	713	85	0.6821671510568038
ENSG00000168275	chr1:234659375-234659676	709	91425	TRUE	8.378296735960834e-5	-0.3640602968496176	TRUE	713	85	10.90694500869819
ENSG00000135778	chr1:234659375-234659676	379	47893	TRUE	5.894032611249555e-4	-0.4250988520652462	TRUE	713	85	0.8487348562975926
ENSG00000135750	chr1:234659375-234659676	339	40158	TRUE	0.088	-0.3064391716425233	TRUE	713	85	0.7022719459983124
ENSG00000135750	chr1:234659375-234659676	339	40158	TRUE	6.299559383864221e-4	-0.4399221771167755	TRUE	713	86	0.7022719459983124
ENSG00000168275	chr1:234659375-234659676	709	91425	TRUE	0.004549765001609862	-0.3151958801341861	TRUE	713	86	10.90694500869819
ENSG00000135778	chr1:234659375-234659676	379	47893	TRUE	0.036	-0.3344438139702996	TRUE	713	86	0.8487348562975926
ENSG00000168264	chr1:234659375-234659676	325	39551	TRUE	0.244	-0.23033933276988444	FALSE	713	86	0.6821671510568038
ENSG00000168275	chr1:234659375-234659676	709	91425	TRUE	1.5536692090923703e-8	-0.46899575643305536	TRUE	713	87	10.90694500869819
ENSG00000135778	chr1:234659375-234659676	379	47893	TRUE	1.930034853680709e-8	-0.6082892369795988	TRUE	713	87	0.8487348562975926
ENSG00000135750	chr1:234659375-234659676	339	40158	TRUE	2.5840713173190706e-4	-0.4584422650875736	TRUE	713	87	0.7022719459983124
ENSG00000168264	chr1:234659375-234659676	325	39551	TRUE	6.613821385494448e-4	-0.4373017135367266	TRUE	713	87	0.6821671510568038
ENSG00000168275	chr1:234659375-234659676	709	91425	TRUE	1.5129687036289307e-9	-0.4809501762323838	TRUE	713	88	10.90694500869819
ENSG00000135778	chr1:234659375-234659676	379	47893	TRUE	1.433676608764041e-4	-0.43114789673805143	TRUE	713	88	0.8487348562975926
ENSG00000135750	chr1:234659375-234659676	339	40158	TRUE	7.636192194569527e-4	-0.4436072239246316	TRUE	713	88	0.7022719459983124
ENSG00000168264	chr1:234659375-234659676	325	39551	TRUE	0.544	-0.197474698864258	FALSE	713	88	0.6821671510568038
ENSG00000168275	chr1:234659375-234659676	709	91425	TRUE	1.1033257576065648e-7	-0.4209691799173738	TRUE	713	89	10.90694500869819
ENSG00000135750	chr1:234659375-234659676	339	40158	TRUE	7.654379573573955e-5	-0.46591738564971996	TRUE	713	89	0.7022719459983124
ENSG00000135778	chr1:234659375-234659676	379	47893	TRUE	2.1219243039628886e-4	-0.4463824104332119	TRUE	713	89	0.8487348562975926
ENSG00000168264	chr1:234659375-234659676	325	39551	TRUE	0.0034481686747352275	-0.41824337772104175	TRUE	713	89	0.6821671510568038
ENSG00000135750	chr1:234659375-234659676	339	40158	TRUE	1.1898517301804981e-4	-0.4847764129010359	TRUE	713	90	0.7022719459983124
ENSG00000168275	chr1:234659375-234659676	709	91425	TRUE	1.7189128265479494e-4	-0.3369802960262809	TRUE	713	90	10.90694500869819
ENSG00000135778	chr1:234659375-234659676	379	47893	TRUE	0.006451165816634526	-0.35442210609522284	TRUE	713	90	0.8487348562975926
ENSG00000168264	chr1:234659375-234659676	325	39551	TRUE	0.568	-0.18131893047321684	FALSE	713	90	0.6821671510568038
ENSG00000135778	chr1:234659375-234659676	379	47893	TRUE	2.2193843215531986e-4	-0.4220838143098148	TRUE	713	91	0.8487348562975926
ENSG00000135750	chr1:234659375-234659676	339	40158	TRUE	0.0015518823175914506	-0.42892317816751857	TRUE	713	91	0.7022719459983124
ENSG00000168275	chr1:234659375-234659676	709	91425	TRUE	0.002083456228484425	-0.3237383945176089	TRUE	713	91	10.90694500869819
ENSG00000168264	chr1:234659375-234659676	325	39551	TRUE	0.216	-0.23366735048763893	FALSE	713	91	0.6821671510568038
ENSG00000168275	chr1:234659375-234659676	709	91425	TRUE	3.406826065431622e-7	-0.4202643374438364	TRUE	713	92	10.90694500869819
ENSG00000135750	chr1:234659375-234659676	339	40158	TRUE	8.712447602639908e-4	-0.4216368240890259	TRUE	713	92	0.7022719459983124
ENSG00000168264	chr1:234659375-234659676	325	39551	TRUE	0.1	-0.25042357881321703	FALSE	713	92	0.6821671510568038
ENSG00000135778	chr1:234659375-234659676	379	47893	TRUE	0.852	-0.1660943232676056	FALSE	713	92	0.8487348562975926
ENSG00000135778	chr1:234659375-234659676	379	47893	TRUE	2.396954821715395e-6	-0.5153940253048479	TRUE	713	93	0.8487348562975926
ENSG00000135750	chr1:234659375-234659676	339	40158	TRUE	0.024	-0.34382558753263226	TRUE	713	93	0.7022719459983124
ENSG00000168275	chr1:234659375-234659676	709	91425	TRUE	0.044	-0.27152991656814907	TRUE	713	93	10.90694500869819
ENSG00000168264	chr1:234659375-234659676	325	39551	TRUE	0.088	-0.2707913765071786	TRUE	713	93	0.6821671510568038
ENSG00000135750	chr1:234659375-234659676	339	40158	TRUE	2.2657275863124807e-8	-0.6494905580956397	TRUE	713	94	0.7022719459983124
ENSG00000168275	chr1:234659375-234659676	709	91425	TRUE	9.839191885491625e-7	-0.41604249883744737	TRUE	713	94	10.90694500869819
ENSG00000135778	chr1:234659375-234659676	379	47893	TRUE	1.517132849020407e-4	-0.4433226106841537	TRUE	713	94	0.8487348562975926
ENSG00000168264	chr1:234659375-234659676	325	39551	TRUE	8.645056995498328e-4	-0.41824337772104175	TRUE	713	94	0.6821671510568038
ENSG00000168275	chr1:234659375-234659676	709	91425	TRUE	1.483757759767205e-8	-0.4472934328218874	TRUE	713	95	10.90694500869819
ENSG00000168264	chr1:234659375-234659676	325	39551	TRUE	3.8989743882672165e-5	-0.4960355383271929	TRUE	713	95	0.6821671510568038
ENSG00000135750	chr1:234659375-234659676	339	40158	TRUE	2.3265608539609507e-4	-0.48098483373866163	TRUE	713	95	0.7022719459983124
ENSG00000135778	chr1:234659375-234659676	379	47893	TRUE	0.032	-0.34012372304265454	TRUE	713	95	0.8487348562975926
ENSG00000168275	chr1:234659375-234659676	709	91425	TRUE	1.1431526690059085e-7	-0.43727633327666693	TRUE	713	96	10.90694500869819
ENSG00000135750	chr1:234659375-234659676	339	40158	TRUE	0.0014372729959911939	-0.4362465189733772	TRUE	713	96	0.7022719459983124
ENSG00000168264	chr1:234659375-234659676	325	39551	TRUE	0.0019510439900679646	-0.39197772302723616	TRUE	713	96	0.6821671510568038
ENSG00000135778	chr1:234659375-234659676	379	47893	TRUE	0.024	-0.309157372359441	TRUE	713	96	0.8487348562975926
ENSG00000135778	chr1:234659375-234659676	379	47893	TRUE	4.266625657809598e-4	-0.4041247229715049	TRUE	713	97	0.8487348562975926
ENSG00000168264	chr1:234659375-234659676	325	39551	TRUE	0.002723736765996125	-0.39943352794628334	TRUE	713	97	0.6821671510568038
ENSG00000168275	chr1:234659375-234659676	709	91425	TRUE	0.010517378871973737	-0.2905116167535886	TRUE	713	97	10.90694500869819
ENSG00000135750	chr1:234659375-234659676	339	40158	TRUE	0.024	-0.35072844778732015	TRUE	713	97	0.7022719459983124
ENSG00000135778	chr1:234659375-234659676	379	47893	TRUE	6.401636722702317e-5	-0.4556009404625905	TRUE	713	98	0.8487348562975926
ENSG00000168264	chr1:234659375-234659676	325	39551	TRUE	7.828944837550283e-4	-0.4411437798311208	TRUE	713	98	0.6821671510568038
ENSG00000135750	chr1:234659375-234659676	339	40158	TRUE	0.0024967439099314107	-0.4325802017756074	TRUE	713	98	0.7022719459983124
ENSG00000168275	chr1:234659375-234659676	709	91425	TRUE	0.52	-0.19097594320267408	FALSE	713	98	10.90694500869819
ENSG00000168275	chr1:234659375-234659676	709	91425	TRUE	8.757669401620802e-5	-0.3584234410387439	TRUE	713	99	10.90694500869819
ENSG00000168264	chr1:234659375-234659676	325	39551	TRUE	0.001508847421053748	-0.41446173717861506	TRUE	713	99	0.6821671510568038
ENSG00000135750	chr1:234659375-234659676	339	40158	TRUE	0.0016626331628648364	-0.42892317816751857	TRUE	713	99	0.7022719459983124
ENSG00000135778	chr1:234659375-234659676	379	47893	TRUE	0.005023533498504068	-0.37468094507902294	TRUE	713	99	0.8487348562975926
ENSG00000168275	chr1:234659375-234659676	709	91425	TRUE	3.571368060852965e-8	-0.41463796031253564	TRUE	713	100	10.90694500869819
ENSG00000135778	chr1:234659375-234659676	379	47893	TRUE	1.0351916161392704e-5	-0.5025984199997597	TRUE	713	100	0.8487348562975926
ENSG00000135750	chr1:234659375-234659676	339	40158	TRUE	6.595048910355665e-4	-0.4325802017756074	TRUE	713	100	0.7022719459983124
ENSG00000168264	chr1:234659375-234659676	325	39551	TRUE	8.754058318302185e-4	-0.4449961053267271	TRUE	713	100	0.6821671510568038
ENSG00000092148	chr14:33408867-33409168	208	24171	TRUE	0.024	-0.4274601953575352	TRUE	760	1	0.33294790462201945
ENSG00000196792	chr14:33408867-33409168	146	15510	TRUE	0.448	-0.20722734771544982	FALSE	760	1	0.1981311915997375
ENSG00000092148	chr14:33408867-33409168	208	24171	TRUE	3.02052917380757e-5	-0.6658077223398595	TRUE	760	2	0.33294790462201945
ENSG00000196792	chr14:33408867-33409168	146	15510	TRUE	0.009439781991059729	-0.4873352669081852	TRUE	760	2	0.1981311915997375
ENSG00000196792	chr14:33408867-33409168	146	15510	TRUE	0.06	-0.4243254693823846	FALSE	760	3	0.1981311915997375
ENSG00000092148	chr14:33408867-33409168	208	24171	TRUE	0.192	-0.31480239458807335	FALSE	760	3	0.33294790462201945
ENSG00000092148	chr14:33408867-33409168	208	24171	TRUE	0.028	-0.44218170106430055	TRUE	760	4	0.33294790462201945
ENSG00000196792	chr14:33408867-33409168	146	15510	TRUE	0.144	-0.272322375937335	FALSE	760	4	0.1981311915997375
ENSG00000196792	chr14:33408867-33409168	146	15510	TRUE	0.0070717208208829485	-0.5002743226156832	TRUE	760	5	0.1981311915997375
ENSG00000092148	chr14:33408867-33409168	208	24171	TRUE	0.396	-0.24215709275630748	FALSE	760	5	0.33294790462201945
ENSG00000196792	chr14:33408867-33409168	146	15510	TRUE	0.144	-0.2834629335425354	FALSE	760	6	0.1981311915997375
ENSG00000092148	chr14:33408867-33409168	208	24171	TRUE	0.68	-0.21030822671696758	FALSE	760	6	0.33294790462201945
ENSG00000092148	chr14:33408867-33409168	208	24171	TRUE	0.0126118368818018	-0.4274601953575352	TRUE	760	7	0.33294790462201945
ENSG00000196792	chr14:33408867-33409168	146	15510	TRUE	0.524	-0.22860099850801685	FALSE	760	7	0.1981311915997375
ENSG00000196792	chr14:33408867-33409168	146	15510	TRUE	2.2955014892774364e-4	-0.6364787062139947	TRUE	760	8	0.1981311915997375
ENSG00000092148	chr14:33408867-33409168	208	24171	TRUE	0.005418272098207055	-0.47208318677816274	TRUE	760	8	0.33294790462201945
ENSG00000092148	chr14:33408867-33409168	208	24171	TRUE	0.004009032678236886	-0.49492316313627427	TRUE	760	9	0.33294790462201945
ENSG00000196792	chr14:33408867-33409168	146	15510	TRUE	0.052	-0.43670919383821705	TRUE	760	9	0.1981311915997375
ENSG00000196792	chr14:33408867-33409168	146	15510	TRUE	0.009440126503131724	-0.4618001748010476	TRUE	760	10	0.1981311915997375
ENSG00000092148	chr14:33408867-33409168	208	24171	TRUE	0.072	-0.3630114876306929	TRUE	760	10	0.33294790462201945
ENSG00000092148	chr14:33408867-33409168	208	24171	TRUE	0.104	-0.3630114876306929	FALSE	760	11	0.33294790462201945
ENSG00000196792	chr14:33408867-33409168	146	15510	TRUE	0.396	-0.22860099850801685	FALSE	760	11	0.1981311915997375
ENSG00000092148	chr14:33408867-33409168	208	24171	TRUE	0.692	-0.1306487775393168	FALSE	760	12	0.33294790462201945
ENSG00000196792	chr14:33408867-33409168	146	15510	TRUE	0.868	-0.07552166850362774	FALSE	760	12	0.1981311915997375
ENSG00000092148	chr14:33408867-33409168	208	24171	TRUE	0.032	-0.39846032363498285	TRUE	760	13	0.33294790462201945
ENSG00000196792	chr14:33408867-33409168	146	15510	TRUE	0.052	-0.3998724256578461	TRUE	760	13	0.1981311915997375
ENSG00000092148	chr14:33408867-33409168	208	24171	TRUE	1.0527864628458866e-5	-0.6831898005680954	TRUE	760	14	0.33294790462201945
ENSG00000196792	chr14:33408867-33409168	146	15510	TRUE	0.005920185593122393	-0.4873352669081852	TRUE	760	14	0.1981311915997375
ENSG00000092148	chr14:33408867-33409168	208	24171	TRUE	0.001887983495023289	-0.502617554926275	TRUE	760	15	0.33294790462201945
ENSG00000196792	chr14:33408867-33409168	146	15510	TRUE	0.024	-0.3998724256578461	TRUE	760	15	0.1981311915997375
ENSG00000196792	chr14:33408867-33409168	146	15510	TRUE	6.92353647609386e-4	-0.6081896617825708	TRUE	760	16	0.1981311915997375
ENSG00000092148	chr14:33408867-33409168	208	24171	TRUE	0.204	-0.33526649714778856	FALSE	760	16	0.33294790462201945
ENSG00000196792	chr14:33408867-33409168	146	15510	TRUE	0.0054023452276768524	-0.4745112265506015	TRUE	760	17	0.1981311915997375
ENSG00000092148	chr14:33408867-33409168	208	24171	TRUE	0.092	-0.34215288273302846	TRUE	760	17	0.33294790462201945
ENSG00000092148	chr14:33408867-33409168	208	24171	TRUE	0.068	-0.41288739427026266	FALSE	760	18	0.33294790462201945
ENSG00000196792	chr14:33408867-33409168	146	15510	TRUE	0.372	-0.2178745919149585	FALSE	760	18	0.1981311915997375
ENSG00000092148	chr14:33408867-33409168	208	24171	TRUE	0.024	-0.40565582503918685	TRUE	760	19	0.33294790462201945
ENSG00000196792	chr14:33408867-33409168	146	15510	TRUE	0.344	-0.22860099850801685	FALSE	760	19	0.1981311915997375
ENSG00000196792	chr14:33408867-33409168	146	15510	TRUE	0.0017211833861135659	-0.5804446712996665	TRUE	760	20	0.1981311915997375
ENSG00000092148	chr14:33408867-33409168	208	24171	TRUE	0.056	-0.37003191530846546	TRUE	760	20	0.33294790462201945
ENSG00000092148	chr14:33408867-33409168	208	24171	TRUE	0.013713269372857884	-0.4495991726267836	TRUE	760	21	0.33294790462201945
ENSG00000196792	chr14:33408867-33409168	146	15510	TRUE	0.028	-0.3998724256578461	TRUE	760	21	0.1981311915997375
ENSG00000196792	chr14:33408867-33409168	146	15510	TRUE	0.088	-0.3639528514029031	FALSE	760	22	0.1981311915997375
ENSG00000092148	chr14:33408867-33409168	208	24171	TRUE	0.348	-0.2681523012892517	FALSE	760	22	0.33294790462201945
ENSG00000196792	chr14:33408867-33409168	146	15510	TRUE	5.420381823920753e-4	-0.5942504708246972	TRUE	760	23	0.1981311915997375
ENSG00000092148	chr14:33408867-33409168	208	24171	TRUE	0.104	-0.33526649714778856	FALSE	760	23	0.33294790462201945
ENSG00000092148	chr14:33408867-33409168	208	24171	TRUE	0.002055489322875463	-0.5417173746152151	TRUE	760	24	0.33294790462201945
ENSG00000196792	chr14:33408867-33409168	146	15510	TRUE	0.056	-0.32890590430370237	TRUE	760	24	0.1981311915997375
ENSG00000092148	chr14:33408867-33409168	208	24171	TRUE	1.0299761539638605e-7	-0.7733876095396739	TRUE	760	25	0.33294790462201945
ENSG00000196792	chr14:33408867-33409168	146	15510	TRUE	0.0036299981347363147	-0.5133304754411299	TRUE	760	25	0.1981311915997375
ENSG00000196792	chr14:33408867-33409168	146	15510	TRUE	0.108	-0.340493878578914	FALSE	760	26	0.1981311915997375
ENSG00000092148	chr14:33408867-33409168	208	24171	TRUE	0.412	-0.24861211489360646	FALSE	760	26	0.33294790462201945
ENSG00000092148	chr14:33408867-33409168	208	24171	TRUE	0.032	-0.4495991726267836	TRUE	760	27	0.33294790462201945
ENSG00000196792	chr14:33408867-33409168	146	15510	TRUE	0.256	-0.2178745919149585	FALSE	760	27	0.1981311915997375
ENSG00000092148	chr14:33408867-33409168	208	24171	TRUE	8.051585483982888e-4	-0.5496661277307062	TRUE	760	28	0.33294790462201945
ENSG00000196792	chr14:33408867-33409168	146	15510	TRUE	0.010790092296271356	-0.4745112265506015	TRUE	760	28	0.1981311915997375
ENSG00000092148	chr14:33408867-33409168	208	24171	TRUE	0.002056170953106125	-0.51035320370588	TRUE	760	29	0.33294790462201945
ENSG00000196792	chr14:33408867-33409168	146	15510	TRUE	0.002565412849448327	-0.5667697344025902	TRUE	760	29	0.1981311915997375
ENSG00000196792	chr14:33408867-33409168	146	15510	TRUE	0.028	-0.4120471396039478	TRUE	760	30	0.1981311915997375
ENSG00000092148	chr14:33408867-33409168	208	24171	TRUE	0.08	-0.3630114876306929	TRUE	760	30	0.33294790462201945
ENSG00000196792	chr14:33408867-33409168	146	15510	TRUE	6.620400917855054e-5	-0.6653335688861799	TRUE	760	31	0.1981311915997375
ENSG00000092148	chr14:33408867-33409168	208	24171	TRUE	0.0010384483605325595	-0.5496661277307062	TRUE	760	31	0.33294790462201945
ENSG00000196792	chr14:33408867-33409168	146	15510	TRUE	0.015810317602811486	-0.4618001748010476	TRUE	760	32	0.1981311915997375
ENSG00000092148	chr14:33408867-33409168	208	24171	TRUE	0.852	-0.1853258701596312	FALSE	760	32	0.33294790462201945
ENSG00000092148	chr14:33408867-33409168	208	24171	TRUE	2.6939625799147007e-5	-0.6316594999280136	TRUE	760	33	0.33294790462201945
ENSG00000196792	chr14:33408867-33409168	146	15510	TRUE	0.62	-0.17574911624228173	FALSE	760	33	0.1981311915997375
ENSG00000196792	chr14:33408867-33409168	146	15510	TRUE	6.858556801947946e-5	-0.7097276882446333	TRUE	760	34	0.1981311915997375
ENSG00000092148	chr14:33408867-33409168	208	24171	TRUE	0.008170315873457165	-0.47208318677816274	TRUE	760	34	0.33294790462201945
ENSG00000092148	chr14:33408867-33409168	208	24171	TRUE	0.032	-0.4274601953575352	TRUE	760	35	0.33294790462201945
ENSG00000196792	chr14:33408867-33409168	146	15510	TRUE	0.052	-0.38779959335727066	TRUE	760	35	0.1981311915997375
ENSG00000092148	chr14:33408867-33409168	208	24171	TRUE	0.0013033060158773833	-0.5338121765298691	TRUE	760	36	0.33294790462201945
ENSG00000196792	chr14:33408867-33409168	146	15510	TRUE	0.14	-0.30600550219362344	FALSE	760	36	0.1981311915997375
ENSG00000196792	chr14:33408867-33409168	146	15510	TRUE	0.013754354584106232	-0.4492001380214141	TRUE	760	37	0.1981311915997375
ENSG00000092148	chr14:33408867-33409168	208	24171	TRUE	0.052	-0.3770866728424158	TRUE	760	37	0.33294790462201945
ENSG00000196792	chr14:33408867-33409168	146	15510	TRUE	0.012298954038322096	-0.5002743226156832	TRUE	760	38	0.1981311915997375
ENSG00000092148	chr14:33408867-33409168	208	24171	TRUE	0.068	-0.3560250573145862	TRUE	760	38	0.33294790462201945
ENSG00000092148	chr14:33408867-33409168	208	24171	TRUE	3.858878660352866e-4	-0.5900803961766141	TRUE	760	39	0.33294790462201945
ENSG00000196792	chr14:33408867-33409168	146	15510	TRUE	0.036	-0.3521756836265495	TRUE	760	39	0.1981311915997375
ENSG00000092148	chr14:33408867-33409168	208	24171	TRUE	3.242876661581689e-4	-0.5819064647309138	TRUE	760	40	0.33294790462201945
ENSG00000196792	chr14:33408867-33409168	146	15510	TRUE	0.104	-0.31741026546587303	FALSE	760	40	0.1981311915997375
ENSG00000196792	chr14:33408867-33409168	146	15510	TRUE	0.007054999826932307	-0.4745112265506015	TRUE	760	41	0.1981311915997375
ENSG00000092148	chr14:33408867-33409168	208	24171	TRUE	0.096	-0.3630114876306929	TRUE	760	41	0.33294790462201945
ENSG00000196792	chr14:33408867-33409168	146	15510	TRUE	0.011816806001107794	-0.4243254693823846	TRUE	760	42	0.1981311915997375
ENSG00000092148	chr14:33408867-33409168	208	24171	TRUE	0.432	-0.2681523012892517	FALSE	760	42	0.33294790462201945
ENSG00000092148	chr14:33408867-33409168	208	24171	TRUE	0.036	-0.3913005320621168	TRUE	760	43	0.33294790462201945
ENSG00000196792	chr14:33408867-33409168	146	15510	TRUE	0.184	-0.2834629335425354	FALSE	760	43	0.1981311915997375
ENSG00000092148	chr14:33408867-33409168	208	24171	TRUE	0.0032822223627183567	-0.49492316313627427	TRUE	760	44	0.33294790462201945
ENSG00000196792	chr14:33408867-33409168	146	15510	TRUE	0.2	-0.272322375937335	FALSE	760	44	0.1981311915997375
ENSG00000196792	chr14:33408867-33409168	146	15510	TRUE	0.032	-0.4120471396039478	TRUE	760	45	0.1981311915997375
ENSG00000092148	chr14:33408867-33409168	208	24171	TRUE	0.048	-0.41288739427026266	TRUE	760	45	0.33294790462201945
ENSG00000092148	chr14:33408867-33409168	208	24171	TRUE	0.416	-0.24861211489360646	FALSE	760	46	0.33294790462201945
ENSG00000196792	chr14:33408867-33409168	146	15510	TRUE	0.972	-0.10486563008577221	FALSE	760	46	0.1981311915997375
ENSG00000196792	chr14:33408867-33409168	146	15510	TRUE	0.013795955841417962	-0.4618001748010476	TRUE	760	47	0.1981311915997375
ENSG00000092148	chr14:33408867-33409168	208	24171	TRUE	0.916	-0.21030822671696758	FALSE	760	47	0.33294790462201945
ENSG00000092148	chr14:33408867-33409168	208	24171	TRUE	3.39117170823518e-5	-0.6316594999280136	TRUE	760	48	0.33294790462201945
ENSG00000196792	chr14:33408867-33409168	146	15510	TRUE	0.004886518063497394	-0.5002743226156832	TRUE	760	48	0.1981311915997375
ENSG00000092148	chr14:33408867-33409168	208	24171	TRUE	7.890005002406456e-4	-0.5417173746152151	TRUE	760	49	0.33294790462201945
ENSG00000196792	chr14:33408867-33409168	146	15510	TRUE	0.4	-0.2178745919149585	FALSE	760	49	0.1981311915997375
ENSG00000196792	chr14:33408867-33409168	146	15510	TRUE	0.036	-0.3998724256578461	TRUE	760	50	0.1981311915997375
ENSG00000092148	chr14:33408867-33409168	208	24171	TRUE	0.34	-0.3013191652244511	FALSE	760	50	0.33294790462201945
ENSG00000196792	chr14:33408867-33409168	146	15510	TRUE	0.014179799370706847	-0.4492001380214141	TRUE	760	51	0.1981311915997375
ENSG00000092148	chr14:33408867-33409168	208	24171	TRUE	0.076	-0.3560250573145862	TRUE	760	51	0.33294790462201945
ENSG00000092148	chr14:33408867-33409168	208	24171	TRUE	0.002056969337475064	-0.5338121765298691	TRUE	760	52	0.33294790462201945
ENSG00000196792	chr14:33408867-33409168	146	15510	TRUE	0.028	-0.4618001748010476	TRUE	760	52	0.1981311915997375
ENSG00000092148	chr14:33408867-33409168	208	24171	TRUE	3.571612497235699e-5	-0.6316594999280136	TRUE	760	53	0.33294790462201945
ENSG00000196792	chr14:33408867-33409168	146	15510	TRUE	0.344	-0.2178745919149585	FALSE	760	53	0.1981311915997375
ENSG00000196792	chr14:33408867-33409168	146	15510	TRUE	0.104	-0.32890590430370237	FALSE	760	54	0.1981311915997375
ENSG00000092148	chr14:33408867-33409168	208	24171	TRUE	0.896	-0.17914729523050688	FALSE	760	54	0.33294790462201945
ENSG00000196792	chr14:33408867-33409168	146	15510	TRUE	0.003832879196697128	-0.5133304754411299	TRUE	760	55	0.1981311915997375
ENSG00000092148	chr14:33408867-33409168	208	24171	TRUE	0.00806572650562068	-0.44218170106430055	TRUE	760	55	0.33294790462201945
ENSG00000196792	chr14:33408867-33409168	146	15510	TRUE	0.064	-0.38779959335727066	FALSE	760	56	0.1981311915997375
ENSG00000092148	chr14:33408867-33409168	208	24171	TRUE	0.176	-0.3080450284127645	FALSE	760	56	0.33294790462201945
ENSG00000196792	chr14:33408867-33409168	146	15510	TRUE	0.408	-0.2178745919149585	FALSE	760	57	0.1981311915997375
ENSG00000092148	chr14:33408867-33409168	208	24171	TRUE	0.852	-0.14864520683316296	FALSE	760	57	0.33294790462201945
ENSG00000092148	chr14:33408867-33409168	208	24171	TRUE	0.007886097278869658	-0.47208318677816274	TRUE	760	58	0.33294790462201945
ENSG00000196792	chr14:33408867-33409168	146	15510	TRUE	0.01665330611743389	-0.4745112265506015	TRUE	760	58	0.1981311915997375
ENSG00000092148	chr14:33408867-33409168	208	24171	TRUE	0.0046155389628217	-0.4872695905928386	TRUE	760	59	0.33294790462201945
ENSG00000196792	chr14:33408867-33409168	146	15510	TRUE	0.024	-0.4745112265506015	TRUE	760	59	0.1981311915997375
ENSG00000092148	chr14:33408867-33409168	208	24171	TRUE	0.032	-0.4495991726267836	TRUE	760	60	0.33294790462201945
ENSG00000196792	chr14:33408867-33409168	146	15510	TRUE	0.244	-0.2612671874283392	FALSE	760	60	0.1981311915997375
ENSG00000092148	chr14:33408867-33409168	208	24171	TRUE	0.124	-0.3560250573145862	FALSE	760	61	0.33294790462201945
ENSG00000196792	chr14:33408867-33409168	146	15510	TRUE	0.912	-0.1247651875234772	FALSE	760	61	0.1981311915997375
ENSG00000196792	chr14:33408867-33409168	146	15510	TRUE	0.0025989083043856526	-0.5398026868023207	TRUE	760	62	0.1981311915997375
ENSG00000092148	chr14:33408867-33409168	208	24171	TRUE	0.01180318243918943	-0.4348021706987031	TRUE	760	62	0.33294790462201945
ENSG00000092148	chr14:33408867-33409168	208	24171	TRUE	0.0010318454768298672	-0.565696237549655	TRUE	760	63	0.33294790462201945
ENSG00000196792	chr14:33408867-33409168	146	15510	TRUE	0.014158169600781145	-0.4492001380214141	TRUE	760	63	0.1981311915997375
ENSG00000092148	chr14:33408867-33409168	208	24171	TRUE	0.032	-0.42015539473430197	TRUE	760	64	0.33294790462201945
ENSG00000196792	chr14:33408867-33409168	146	15510	TRUE	0.092	-0.3639528514029031	TRUE	760	64	0.1981311915997375
ENSG00000092148	chr14:33408867-33409168	208	24171	TRUE	0.044	-0.39846032363498285	TRUE	760	65	0.33294790462201945
ENSG00000196792	chr14:33408867-33409168	146	15510	TRUE	0.156	-0.30600550219362344	FALSE	760	65	0.1981311915997375
ENSG00000092148	chr14:33408867-33409168	208	24171	TRUE	3.083276084800933e-5	-0.6571945920351512	TRUE	760	66	0.33294790462201945
ENSG00000196792	chr14:33408867-33409168	146	15510	TRUE	0.2	-0.2834629335425354	FALSE	760	66	0.1981311915997375
ENSG00000092148	chr14:33408867-33409168	208	24171	TRUE	9.089679922594275e-4	-0.5576589184842367	TRUE	760	67	0.33294790462201945
ENSG00000196792	chr14:33408867-33409168	146	15510	TRUE	0.172	-0.31741026546587303	FALSE	760	67	0.1981311915997375
ENSG00000196792	chr14:33408867-33409168	146	15510	TRUE	0.018655757030604236	-0.43670919383821705	TRUE	760	68	0.1981311915997375
ENSG00000092148	chr14:33408867-33409168	208	24171	TRUE	0.34	-0.2681523012892517	FALSE	760	68	0.33294790462201945
ENSG00000092148	chr14:33408867-33409168	208	24171	TRUE	0.0025864313682206486	-0.5338121765298691	TRUE	760	69	0.33294790462201945
ENSG00000196792	chr14:33408867-33409168	146	15510	TRUE	0.010842748572691047	-0.4745112265506015	TRUE	760	69	0.1981311915997375
ENSG00000196792	chr14:33408867-33409168	146	15510	TRUE	0.236	-0.2612671874283392	FALSE	760	70	0.1981311915997375
ENSG00000092148	chr14:33408867-33409168	208	24171	TRUE	0.544	-0.23573082359687447	FALSE	760	70	0.33294790462201945
ENSG00000196792	chr14:33408867-33409168	146	15510	TRUE	0.0038741818649059637	-0.5265058641888629	TRUE	760	71	0.1981311915997375
ENSG00000092148	chr14:33408867-33409168	208	24171	TRUE	0.036	-0.4274601953575352	TRUE	760	71	0.33294790462201945
ENSG00000196792	chr14:33408867-33409168	146	15510	TRUE	0.084	-0.31741026546587303	FALSE	760	72	0.1981311915997375
ENSG00000092148	chr14:33408867-33409168	208	24171	TRUE	0.86	-0.15469425150596816	FALSE	760	72	0.33294790462201945
ENSG00000196792	chr14:33408867-33409168	146	15510	TRUE	0.004585427646418505	-0.5002743226156832	TRUE	760	73	0.1981311915997375
ENSG00000092148	chr14:33408867-33409168	208	24171	TRUE	0.112	-0.33526649714778856	FALSE	760	73	0.33294790462201945
ENSG00000092148	chr14:33408867-33409168	208	24171	TRUE	0.019118331157697094	-0.40565582503918685	TRUE	760	74	0.33294790462201945
ENSG00000196792	chr14:33408867-33409168	146	15510	TRUE	0.024	-0.4120471396039478	TRUE	760	74	0.1981311915997375
ENSG00000092148	chr14:33408867-33409168	208	24171	TRUE	0.164	-0.3284128261067265	FALSE	760	75	0.33294790462201945
ENSG00000196792	chr14:33408867-33409168	146	15510	TRUE	0.572	-0.027903648270888315	FALSE	760	75	0.1981311915997375
ENSG00000196792	chr14:33408867-33409168	146	15510	TRUE	0.036	-0.4243254693823846	TRUE	760	76	0.1981311915997375
ENSG00000092148	chr14:33408867-33409168	208	24171	TRUE	0.18	-0.31480239458807335	FALSE	760	76	0.33294790462201945
ENSG00000092148	chr14:33408867-33409168	208	24171	TRUE	0.01429773160776189	-0.4274601953575352	TRUE	760	77	0.33294790462201945
ENSG00000196792	chr14:33408867-33409168	146	15510	TRUE	0.04	-0.4618001748010476	TRUE	760	77	0.1981311915997375
ENSG00000092148	chr14:33408867-33409168	208	24171	TRUE	5.215723060351262e-4	-0.5819064647309138	TRUE	760	78	0.33294790462201945
ENSG00000196792	chr14:33408867-33409168	146	15510	TRUE	0.46	-0.2178745919149585	FALSE	760	78	0.1981311915997375
ENSG00000092148	chr14:33408867-33409168	208	24171	TRUE	0.152	-0.31480239458807335	FALSE	760	79	0.33294790462201945
ENSG00000196792	chr14:33408867-33409168	146	15510	TRUE	0.236	-0.272322375937335	FALSE	760	79	0.1981311915997375
ENSG00000092148	chr14:33408867-33409168	208	24171	TRUE	1.4217989863898385e-6	-0.7733876095396739	TRUE	760	80	0.33294790462201945
ENSG00000196792	chr14:33408867-33409168	146	15510	TRUE	0.52	-0.037302346273137665	FALSE	760	80	0.1981311915997375
ENSG00000196792	chr14:33408867-33409168	146	15510	TRUE	0.01668724645634702	-0.43670919383821705	TRUE	760	81	0.1981311915997375
ENSG00000092148	chr14:33408867-33409168	208	24171	TRUE	0.412	-0.2681523012892517	FALSE	760	81	0.33294790462201945
ENSG00000196792	chr14:33408867-33409168	146	15510	TRUE	0.244	-0.30600550219362344	FALSE	760	82	0.1981311915997375
ENSG00000092148	chr14:33408867-33409168	208	24171	TRUE	0.976	-0.16686896545207008	FALSE	760	82	0.33294790462201945
ENSG00000196792	chr14:33408867-33409168	146	15510	TRUE	0.008415569197507286	-0.4745112265506015	TRUE	760	83	0.1981311915997375
ENSG00000092148	chr14:33408867-33409168	208	24171	TRUE	0.224	-0.274724955212738	FALSE	760	83	0.33294790462201945
ENSG00000196792	chr14:33408867-33409168	146	15510	TRUE	0.14	-0.3521756836265495	FALSE	760	84	0.1981311915997375
ENSG00000092148	chr14:33408867-33409168	208	24171	TRUE	0.664	-0.2166220006491697	FALSE	760	84	0.33294790462201945
ENSG00000196792	chr14:33408867-33409168	146	15510	TRUE	0.064	-0.38779959335727066	FALSE	760	85	0.1981311915997375
ENSG00000092148	chr14:33408867-33409168	208	24171	TRUE	0.136	-0.3560250573145862	FALSE	760	85	0.33294790462201945
ENSG00000092148	chr14:33408867-33409168	208	24171	TRUE	1.797620127163826e-4	-0.606568518965183	TRUE	760	86	0.33294790462201945
ENSG00000196792	chr14:33408867-33409168	146	15510	TRUE	0.112	-0.32890590430370237	FALSE	760	86	0.1981311915997375
ENSG00000092148	chr14:33408867-33409168	208	24171	TRUE	0.068	-0.3770866728424158	FALSE	760	87	0.33294790462201945
ENSG00000196792	chr14:33408867-33409168	146	15510	TRUE	0.124	-0.31741026546587303	FALSE	760	87	0.1981311915997375
ENSG00000092148	chr14:33408867-33409168	208	24171	TRUE	0.068	-0.37003191530846546	FALSE	760	88	0.33294790462201945
ENSG00000196792	chr14:33408867-33409168	146	15510	TRUE	0.34	-0.23940775346459997	FALSE	760	88	0.1981311915997375
ENSG00000196792	chr14:33408867-33409168	146	15510	TRUE	0.012609353481836436	-0.4618001748010476	TRUE	760	89	0.1981311915997375
ENSG00000092148	chr14:33408867-33409168	208	24171	TRUE	0.704	-0.2166220006491697	FALSE	760	89	0.33294790462201945
ENSG00000196792	chr14:33408867-33409168	146	15510	TRUE	0.244	-0.25029606960733597	FALSE	760	90	0.1981311915997375
ENSG00000092148	chr14:33408867-33409168	208	24171	TRUE	0.772	-0.2166220006491697	FALSE	760	90	0.33294790462201945
ENSG00000092148	chr14:33408867-33409168	208	24171	TRUE	0.064	-0.3913005320621168	FALSE	760	91	0.33294790462201945
ENSG00000196792	chr14:33408867-33409168	146	15510	TRUE	0.388	-0.25029606960733597	FALSE	760	91	0.1981311915997375
ENSG00000092148	chr14:33408867-33409168	208	24171	TRUE	0.08	-0.3630114876306929	FALSE	760	92	0.33294790462201945
ENSG00000196792	chr14:33408867-33409168	146	15510	TRUE	0.56	-0.18616573218762023	FALSE	760	92	0.1981311915997375
ENSG00000196792	chr14:33408867-33409168	146	15510	TRUE	0.028	-0.4492001380214141	TRUE	760	93	0.1981311915997375
ENSG00000092148	chr14:33408867-33409168	208	24171	TRUE	0.076	-0.3630114876306929	TRUE	760	93	0.33294790462201945
ENSG00000196792	chr14:33408867-33409168	146	15510	TRUE	2.7508521586348204e-5	-0.7555313778577579	TRUE	760	94	0.1981311915997375
ENSG00000092148	chr14:33408867-33409168	208	24171	TRUE	0.256	-0.281327690036985	FALSE	760	94	0.33294790462201945
ENSG00000092148	chr14:33408867-33409168	208	24171	TRUE	0.003982139938076806	-0.4872695905928386	TRUE	760	95	0.33294790462201945
ENSG00000196792	chr14:33408867-33409168	146	15510	TRUE	0.104	-0.31741026546587303	FALSE	760	95	0.1981311915997375
ENSG00000092148	chr14:33408867-33409168	208	24171	TRUE	0.112	-0.3630114876306929	FALSE	760	96	0.33294790462201945
ENSG00000196792	chr14:33408867-33409168	146	15510	TRUE	0.492	-0.037302346273137665	FALSE	760	96	0.1981311915997375
ENSG00000196792	chr14:33408867-33409168	146	15510	TRUE	0.34	-0.25029606960733597	FALSE	760	97	0.1981311915997375
ENSG00000092148	chr14:33408867-33409168	208	24171	TRUE	0.552	-0.09531570442703607	FALSE	760	97	0.33294790462201945
ENSG00000196792	chr14:33408867-33409168	146	15510	TRUE	0.008023743440966485	-0.5002743226156832	TRUE	760	98	0.1981311915997375
ENSG00000092148	chr14:33408867-33409168	208	24171	TRUE	0.009572308334630408	-0.47208318677816274	TRUE	760	98	0.33294790462201945
ENSG00000196792	chr14:33408867-33409168	146	15510	TRUE	0.004877150680023333	-0.5398026868023207	TRUE	760	99	0.1981311915997375
ENSG00000092148	chr14:33408867-33409168	208	24171	TRUE	0.012755009390387553	-0.4495991726267836	TRUE	760	99	0.33294790462201945
ENSG00000092148	chr14:33408867-33409168	208	24171	TRUE	0.002672507872146984	-0.5181305542975991	TRUE	760	100	0.33294790462201945
ENSG00000196792	chr14:33408867-33409168	146	15510	TRUE	0.088	-0.31741026546587303	TRUE	760	100	0.1981311915997375
ENSG00000109084	chr17:25417796-25418097	396	86476	TRUE	3.3811829288024793e-4	-0.36172587004790957	TRUE	414	1	5.063397814515037
ENSG00000076604	chr17:25417796-25418097	293	65591	TRUE	7.509268493410617e-4	-0.47294728910337064	TRUE	414	1	1.6950738043897204
ENSG00000109083	chr17:25417796-25418097	346	78600	TRUE	8.516347330495069e-4	-0.25407900528406935	TRUE	414	1	2.616060918570372
ENSG00000132581	chr17:25417796-25418097	348	78832	TRUE	0.003868865892741616	-0.29755640876717937	TRUE	414	1	2.5055262143608656
ENSG00000004142	chr17:25417796-25418097	375	82980	TRUE	0.016369350216858508	-0.3418129749223937	TRUE	414	1	3.543714907757534
ENSG00000109046	chr17:25417796-25418097	191	39213	TRUE	0.022440382993150765	-0.35283100680727075	TRUE	414	1	0.6483431773909601
ENSG00000076604	chr17:25417796-25418097	293	65591	TRUE	2.490811176838609e-4	-0.49216520464751173	TRUE	414	2	1.6950738043897204
ENSG00000132581	chr17:25417796-25418097	348	78832	TRUE	7.931260958770961e-4	-0.3479466895605925	TRUE	414	2	2.5055262143608656
ENSG00000109084	chr17:25417796-25418097	396	86476	TRUE	0.009728577518093112	-0.29182385681775314	TRUE	414	2	5.063397814515037
ENSG00000109083	chr17:25417796-25418097	346	78600	TRUE	0.024	-0.17753745041107605	TRUE	414	2	2.616060918570372
ENSG00000004142	chr17:25417796-25418097	375	82980	TRUE	0.088	-0.306305972532678	FALSE	414	2	3.543714907757534
ENSG00000109046	chr17:25417796-25418097	191	39213	TRUE	0.104	-0.3057458707375297	FALSE	414	2	0.6483431773909601
ENSG00000132581	chr17:25417796-25418097	348	78832	TRUE	8.965891830367036e-5	-0.38956577876233167	TRUE	414	3	2.5055262143608656
ENSG00000109084	chr17:25417796-25418097	396	86476	TRUE	8.774935975047957e-4	-0.36172587004790957	TRUE	414	3	5.063397814515037
ENSG00000004142	chr17:25417796-25418097	375	82980	TRUE	0.002327234225148578	-0.40175551537867604	TRUE	414	3	3.543714907757534
ENSG00000076604	chr17:25417796-25418097	293	65591	TRUE	0.004551779174624931	-0.4273140602975437	TRUE	414	3	1.6950738043897204
ENSG00000109083	chr17:25417796-25418097	346	78600	TRUE	0.011855909633233797	-0.17170247768098545	TRUE	414	3	2.616060918570372
ENSG00000109046	chr17:25417796-25418097	191	39213	TRUE	0.013775915366204539	-0.3734904773733638	TRUE	414	3	0.6483431773909601
ENSG00000004142	chr17:25417796-25418097	375	82980	TRUE	0.005114046521644336	-0.3769876102297336	TRUE	414	4	3.543714907757534
ENSG00000109084	chr17:25417796-25418097	396	86476	TRUE	0.028	-0.2676575456870012	TRUE	414	4	5.063397814515037
ENSG00000109083	chr17:25417796-25418097	346	78600	TRUE	0.064	-0.12444372486747368	FALSE	414	4	2.616060918570372
ENSG00000132581	chr17:25417796-25418097	348	78832	TRUE	0.332	-0.15915279449773556	FALSE	414	4	2.5055262143608656
ENSG00000076604	chr17:25417796-25418097	293	65591	TRUE	0.828	-0.1625191965993127	FALSE	414	4	1.6950738043897204
ENSG00000109046	chr17:25417796-25418097	191	39213	TRUE	0.848	-0.10814591085236902	FALSE	414	4	0.6483431773909601
ENSG00000109083	chr17:25417796-25418097	346	78600	TRUE	9.710308314682392e-7	-0.37289966577837563	TRUE	414	5	2.616060918570372
ENSG00000132581	chr17:25417796-25418097	348	78832	TRUE	1.134905217933216e-5	-0.4144098497398103	TRUE	414	5	2.5055262143608656
ENSG00000004142	chr17:25417796-25418097	375	82980	TRUE	9.876420669242131e-5	-0.4487281788389057	TRUE	414	5	3.543714907757534
ENSG00000109084	chr17:25417796-25418097	396	86476	TRUE	7.0706907364914e-4	-0.3498377918495694	TRUE	414	5	5.063397814515037
ENSG00000076604	chr17:25417796-25418097	293	65591	TRUE	0.003001986354444708	-0.41154674443922734	TRUE	414	5	1.6950738043897204
ENSG00000109046	chr17:25417796-25418097	191	39213	TRUE	0.06	-0.3123789630699767	TRUE	414	5	0.6483431773909601
ENSG00000109084	chr17:25417796-25418097	396	86476	TRUE	5.829778668846363e-7	-0.4387812967129392	TRUE	414	6	5.063397814515037
ENSG00000132581	chr17:25417796-25418097	348	78832	TRUE	4.775415336239451e-4	-0.3479466895605925	TRUE	414	6	2.5055262143608656
ENSG00000109083	chr17:25417796-25418097	346	78600	TRUE	6.316835348762345e-4	-0.26646272973990137	TRUE	414	6	2.616060918570372
ENSG00000076604	chr17:25417796-25418097	293	65591	TRUE	8.546915559787954e-4	-0.46750315041324275	TRUE	414	6	1.6950738043897204
ENSG00000109046	chr17:25417796-25418097	191	39213	TRUE	0.036	-0.3324632091133092	TRUE	414	6	0.6483431773909601
ENSG00000004142	chr17:25417796-25418097	375	82980	TRUE	0.068	-0.3016370524678311	TRUE	414	6	3.543714907757534
ENSG00000109083	chr17:25417796-25418097	346	78600	TRUE	3.3412757166140575e-7	-0.3982255655352749	TRUE	414	7	2.616060918570372
ENSG00000109084	chr17:25417796-25418097	396	86476	TRUE	5.165516456269361e-6	-0.4271357596941976	TRUE	414	7	5.063397814515037
ENSG00000132581	chr17:25417796-25418097	348	78832	TRUE	4.980674305475174e-5	-0.3948536101220942	TRUE	414	7	2.5055262143608656
ENSG00000076604	chr17:25417796-25418097	293	65591	TRUE	6.553423826619314e-5	-0.522891720279775	TRUE	414	7	1.6950738043897204
ENSG00000004142	chr17:25417796-25418097	375	82980	TRUE	1.3655106160215431e-4	-0.4564915789585884	TRUE	414	7	3.543714907757534
ENSG00000109046	chr17:25417796-25418097	191	39213	TRUE	0.456	-0.17306338753370742	FALSE	414	7	0.6483431773909601
ENSG00000004142	chr17:25417796-25418097	375	82980	TRUE	8.246215836785594e-6	-0.5079982909255738	TRUE	414	8	3.543714907757534
ENSG00000132581	chr17:25417796-25418097	348	78832	TRUE	5.114656427867778e-5	-0.3860512945860948	TRUE	414	8	2.5055262143608656
ENSG00000109083	chr17:25417796-25418097	346	78600	TRUE	0.007370201950786429	-0.19963122126169264	TRUE	414	8	2.616060918570372
ENSG00000109084	chr17:25417796-25418097	396	86476	TRUE	0.028	-0.2462486526279739	TRUE	414	8	5.063397814515037
ENSG00000109046	chr17:25417796-25418097	191	39213	TRUE	0.048	-0.3057458707375297	TRUE	414	8	0.6483431773909601
ENSG00000076604	chr17:25417796-25418097	293	65591	TRUE	0.32	-0.2697727833110638	FALSE	414	8	1.6950738043897204
ENSG00000004142	chr17:25417796-25418097	375	82980	TRUE	1.3381810314154236e-5	-0.49995350219407886	TRUE	414	9	3.543714907757534
ENSG00000109084	chr17:25417796-25418097	396	86476	TRUE	0.028	-0.25414087712872524	TRUE	414	9	5.063397814515037
ENSG00000109046	chr17:25417796-25418097	191	39213	TRUE	0.036	-0.3257373459249958	TRUE	414	9	0.6483431773909601
ENSG00000076604	chr17:25417796-25418097	293	65591	TRUE	0.044	-0.34265166322815965	TRUE	414	9	1.6950738043897204
ENSG00000109083	chr17:25417796-25418097	346	78600	TRUE	0.344	-0.059700960117217816	FALSE	414	9	2.616060918570372
ENSG00000132581	chr17:25417796-25418097	348	78832	TRUE	0.56	-0.12213960381138	FALSE	414	9	2.5055262143608656
ENSG00000004142	chr17:25417796-25418097	375	82980	TRUE	3.677935589350566e-6	-0.5160881908576709	TRUE	414	10	3.543714907757534
ENSG00000109046	chr17:25417796-25418097	191	39213	TRUE	4.395918931000874e-6	-0.6645392593767543	TRUE	414	10	0.6483431773909601
ENSG00000076604	chr17:25417796-25418097	293	65591	TRUE	3.9794449054883496e-4	-0.47022265176683486	TRUE	414	10	1.6950738043897204
ENSG00000109084	chr17:25417796-25418097	396	86476	TRUE	5.522117196662263e-4	-0.3155758302510998	TRUE	414	10	5.063397814515037
ENSG00000132581	chr17:25417796-25418097	348	78832	TRUE	0.068	-0.21729683685172008	TRUE	414	10	2.5055262143608656
ENSG00000109083	chr17:25417796-25418097	346	78600	TRUE	0.088	-0.09653772829758922	TRUE	414	10	2.616060918570372
ENSG00000109084	chr17:25417796-25418097	396	86476	TRUE	3.7975772850548737e-7	-0.48539760878055827	TRUE	414	11	5.063397814515037
ENSG00000132581	chr17:25417796-25418097	348	78832	TRUE	3.3441601424992647e-5	-0.39132623662676913	TRUE	414	11	2.5055262143608656
ENSG00000109046	chr17:25417796-25418097	191	39213	TRUE	0.00323646580271246	-0.4300740057397314	TRUE	414	11	0.6483431773909601
ENSG00000004142	chr17:25417796-25418097	375	82980	TRUE	0.016233125248902747	-0.34421147097091054	TRUE	414	11	3.543714907757534
ENSG00000076604	chr17:25417796-25418097	293	65591	TRUE	0.024	-0.36778635891081424	TRUE	414	11	1.6950738043897204
ENSG00000109083	chr17:25417796-25418097	346	78600	TRUE	0.628	-0.012004218085921448	FALSE	414	11	2.616060918570372
ENSG00000109084	chr17:25417796-25418097	396	86476	TRUE	3.000216794619981e-8	-0.5116461958302485	TRUE	414	12	5.063397814515037
ENSG00000076604	chr17:25417796-25418097	293	65591	TRUE	6.069104067468441e-7	-0.6282874979990861	TRUE	414	12	1.6950738043897204
ENSG00000004142	chr17:25417796-25418097	375	82980	TRUE	6.6577647546025e-6	-0.51744092892292	TRUE	414	12	3.543714907757534
ENSG00000109083	chr17:25417796-25418097	346	78600	TRUE	5.395544280182782e-5	-0.29155371070273195	TRUE	414	12	2.616060918570372
ENSG00000132581	chr17:25417796-25418097	348	78832	TRUE	0.024	-0.26491485708445994	TRUE	414	12	2.5055262143608656
ENSG00000109046	chr17:25417796-25418097	191	39213	TRUE	0.344	-0.20356547593105168	FALSE	414	12	0.6483431773909601
ENSG00000109083	chr17:25417796-25418097	346	78600	TRUE	8.255122115592359e-6	-0.320312703684156	TRUE	414	13	2.616060918570372
ENSG00000076604	chr17:25417796-25418097	293	65591	TRUE	1.8051853296415649e-4	-0.49493163893888803	TRUE	414	13	1.6950738043897204
ENSG00000132581	chr17:25417796-25418097	348	78832	TRUE	4.185352541243234e-4	-0.35651887782795444	TRUE	414	13	2.5055262143608656
ENSG00000109084	chr17:25417796-25418097	396	86476	TRUE	4.926190673559504e-4	-0.34730304149172	TRUE	414	13	5.063397814515037
ENSG00000004142	chr17:25417796-25418097	375	82980	TRUE	0.036	-0.33225866820914485	TRUE	414	13	3.543714907757534
ENSG00000109046	chr17:25417796-25418097	191	39213	TRUE	0.14	-0.26657527345685206	FALSE	414	13	0.6483431773909601
ENSG00000004142	chr17:25417796-25418097	375	82980	TRUE	6.800082177112286e-6	-0.5106898869318399	TRUE	414	14	3.543714907757534
ENSG00000132581	chr17:25417796-25418097	348	78832	TRUE	3.790540928676894e-5	-0.38956577876233167	TRUE	414	14	2.5055262143608656
ENSG00000109084	chr17:25417796-25418097	396	86476	TRUE	0.0024204760585064683	-0.32968340064377255	TRUE	414	14	5.063397814515037
ENSG00000076604	chr17:25417796-25418097	293	65591	TRUE	0.00493940729028898	-0.41940886221219775	TRUE	414	14	1.6950738043897204
ENSG00000109083	chr17:25417796-25418097	346	78600	TRUE	0.04	-0.16154771953021307	TRUE	414	14	2.616060918570372
ENSG00000109046	chr17:25417796-25418097	191	39213	TRUE	0.108	-0.26657527345685206	FALSE	414	14	0.6483431773909601
ENSG00000004142	chr17:25417796-25418097	375	82980	TRUE	2.2313584486489903e-9	-0.6125366463448352	TRUE	414	15	3.543714907757534
ENSG00000109084	chr17:25417796-25418097	396	86476	TRUE	5.232494271184725e-6	-0.3927527656685341	TRUE	414	15	5.063397814515037
ENSG00000132581	chr17:25417796-25418097	348	78832	TRUE	3.2801182003265594e-5	-0.38254535108455934	TRUE	414	15	2.5055262143608656
ENSG00000109046	chr17:25417796-25418097	191	39213	TRUE	1.1868373966411085e-4	-0.5503682394574432	TRUE	414	15	0.6483431773909601
ENSG00000076604	chr17:25417796-25418097	293	65591	TRUE	0.00334591884363155	-0.41940886221219775	TRUE	414	15	1.6950738043897204
ENSG00000109083	chr17:25417796-25418097	346	78600	TRUE	0.009576941933464422	-0.1586594402053867	TRUE	414	15	2.616060918570372
ENSG00000109083	chr17:25417796-25418097	346	78600	TRUE	3.011789136102023e-4	-0.27738637877613814	TRUE	414	16	2.616060918570372
ENSG00000132581	chr17:25417796-25418097	348	78832	TRUE	5.419729162288063e-4	-0.34623834709823087	TRUE	414	16	2.5055262143608656
ENSG00000004142	chr17:25417796-25418097	375	82980	TRUE	0.0011710187478873799	-0.40175551537867604	TRUE	414	16	3.543714907757534
ENSG00000076604	chr17:25417796-25418097	293	65591	TRUE	0.052	-0.350146199775084	TRUE	414	16	1.6950738043897204
ENSG00000109046	chr17:25417796-25418097	191	39213	TRUE	0.16	-0.2410401813497144	FALSE	414	16	0.6483431773909601
ENSG00000109084	chr17:25417796-25418097	396	86476	TRUE	0.452	-0.16216953758251496	FALSE	414	16	5.063397814515037
ENSG00000109083	chr17:25417796-25418097	346	78600	TRUE	1.0494870283163718e-4	-0.2726946834514161	TRUE	414	17	2.616060918570372
ENSG00000076604	chr17:25417796-25418097	293	65591	TRUE	2.237919201446177e-4	-0.5032629135308424	TRUE	414	17	1.6950738043897204
ENSG00000004142	chr17:25417796-25418097	375	82980	TRUE	0.005428956885623004	-0.37453404664365153	TRUE	414	17	3.543714907757534
ENSG00000109084	chr17:25417796-25418097	396	86476	TRUE	0.02196707415442986	-0.2660607607526715	TRUE	414	17	5.063397814515037
ENSG00000109046	chr17:25417796-25418097	191	39213	TRUE	0.052	-0.27951432916434993	TRUE	414	17	0.6483431773909601
ENSG00000132581	chr17:25417796-25418097	348	78832	TRUE	0.224	-0.16667076378175216	FALSE	414	17	2.5055262143608656
ENSG00000004142	chr17:25417796-25418097	375	82980	TRUE	1.149221281234315e-6	-0.5147367199945421	TRUE	414	18	3.543714907757534
ENSG00000109046	chr17:25417796-25418097	191	39213	TRUE	4.3761515707874815e-4	-0.5040745871835082	TRUE	414	18	0.6483431773909601
ENSG00000132581	chr17:25417796-25418097	348	78832	TRUE	0.007608818866454255	-0.28277625061931166	TRUE	414	18	2.5055262143608656
ENSG00000109083	chr17:25417796-25418097	346	78600	TRUE	0.016460982566414706	-0.17315900990050181	TRUE	414	18	2.616060918570372
ENSG00000109084	chr17:25417796-25418097	396	86476	TRUE	0.26	-0.17036034433208602	FALSE	414	18	5.063397814515037
ENSG00000076604	chr17:25417796-25418097	293	65591	TRUE	0.544	-0.23235882166794686	FALSE	414	18	1.6950738043897204
ENSG00000109084	chr17:25417796-25418097	396	86476	TRUE	2.3079736571986198e-5	-0.399739195984641	TRUE	414	19	5.063397814515037
ENSG00000109083	chr17:25417796-25418097	346	78600	TRUE	3.794226298571256e-4	-0.27738637877613814	TRUE	414	19	2.616060918570372
ENSG00000004142	chr17:25417796-25418097	375	82980	TRUE	0.007310383286884797	-0.3769876102297336	TRUE	414	19	3.543714907757534
ENSG00000109046	chr17:25417796-25418097	191	39213	TRUE	0.01438392959630419	-0.3734904773733638	TRUE	414	19	0.6483431773909601
ENSG00000132581	chr17:25417796-25418097	348	78832	TRUE	0.01800006960242674	-0.2616909562101737	TRUE	414	19	2.5055262143608656
ENSG00000076604	chr17:25417796-25418097	293	65591	TRUE	0.064	-0.33024664233737894	TRUE	414	19	1.6950738043897204
ENSG00000132581	chr17:25417796-25418097	348	78832	TRUE	1.2765171105730974e-9	-0.5751904290269552	TRUE	414	20	2.5055262143608656
ENSG00000109083	chr17:25417796-25418097	346	78600	TRUE	8.854739829543094e-6	-0.32192735974625086	TRUE	414	20	2.616060918570372
ENSG00000004142	chr17:25417796-25418097	375	82980	TRUE	6.031815562037232e-4	-0.4005069691814169	TRUE	414	20	3.543714907757534
ENSG00000109084	chr17:25417796-25418097	396	86476	TRUE	6.290529500891512e-4	-0.33720834112765585	TRUE	414	20	5.063397814515037
ENSG00000076604	chr17:25417796-25418097	293	65591	TRUE	0.0016851050033675347	-0.4432556041665654	TRUE	414	20	1.6950738043897204
ENSG00000109046	chr17:25417796-25418097	191	39213	TRUE	0.072	-0.29914313591328257	TRUE	414	20	0.6483431773909601
ENSG00000109084	chr17:25417796-25418097	396	86476	TRUE	4.873154341502055e-10	-0.5587627171074634	TRUE	414	21	5.063397814515037
ENSG00000132581	chr17:25417796-25418097	348	78832	TRUE	8.407274199011411e-4	-0.34112542370457843	TRUE	414	21	2.5055262143608656
ENSG00000076604	chr17:25417796-25418097	293	65591	TRUE	0.0011147298426696234	-0.46478876571620675	TRUE	414	21	1.6950738043897204
ENSG00000004142	chr17:25417796-25418097	375	82980	TRUE	0.01252243077285059	-0.34541221597646166	TRUE	414	21	3.543714907757534
ENSG00000109083	chr17:25417796-25418097	346	78600	TRUE	0.028	-0.1414501501731633	TRUE	414	21	2.616060918570372
ENSG00000109046	chr17:25417796-25418097	191	39213	TRUE	0.416	-0.17911243220651252	FALSE	414	21	0.6483431773909601
ENSG00000076604	chr17:25417796-25418097	293	65591	TRUE	1.116389556005638e-4	-0.5285493551417011	TRUE	414	22	1.6950738043897204
ENSG00000109084	chr17:25417796-25418097	396	86476	TRUE	0.0031112827410492774	-0.32884971380122074	TRUE	414	22	5.063397814515037
ENSG00000132581	chr17:25417796-25418097	348	78832	TRUE	0.006313257886737367	-0.27138435241401737	TRUE	414	22	2.5055262143608656
ENSG00000004142	chr17:25417796-25418097	375	82980	TRUE	0.096	-0.2842619523602352	FALSE	414	22	3.543714907757534
ENSG00000109046	chr17:25417796-25418097	191	39213	TRUE	0.096	-0.29914313591328257	FALSE	414	22	0.6483431773909601
ENSG00000109083	chr17:25417796-25418097	346	78600	TRUE	0.296	-0.07868406348479096	FALSE	414	22	2.616060918570372
ENSG00000132581	chr17:25417796-25418097	348	78832	TRUE	2.5229776862995164e-4	-0.354800360601655	TRUE	414	23	2.5055262143608656
ENSG00000109084	chr17:25417796-25418097	396	86476	TRUE	0.0034498037921095945	-0.30242296384767764	TRUE	414	23	5.063397814515037
ENSG00000109083	chr17:25417796-25418097	346	78600	TRUE	0.007128463225875958	-0.18046381052373506	TRUE	414	23	2.616060918570372
ENSG00000004142	chr17:25417796-25418097	375	82980	TRUE	0.018176919269984798	-0.334641319520139	TRUE	414	23	3.543714907757534
ENSG00000076604	chr17:25417796-25418097	293	65591	TRUE	0.056	-0.33024664233737894	TRUE	414	23	1.6950738043897204
ENSG00000109046	chr17:25417796-25418097	191	39213	TRUE	0.204	-0.23472640741751205	FALSE	414	23	0.6483431773909601
ENSG00000109083	chr17:25417796-25418097	346	78600	TRUE	3.2525859633115387e-6	-0.34308401134281397	TRUE	414	24	2.616060918570372
ENSG00000076604	chr17:25417796-25418097	293	65591	TRUE	0.0036340677316876457	-0.42203911825686946	TRUE	414	24	1.6950738043897204
ENSG00000132581	chr17:25417796-25418097	348	78832	TRUE	0.116	-0.17422811495983415	FALSE	414	24	2.5055262143608656
ENSG00000004142	chr17:25417796-25418097	375	82980	TRUE	0.132	-0.2648198700225677	FALSE	414	24	3.543714907757534
ENSG00000109046	chr17:25417796-25418097	191	39213	TRUE	0.264	-0.2159492003868838	FALSE	414	24	0.6483431773909601
ENSG00000109084	chr17:25417796-25418097	396	86476	TRUE	0.436	-0.13058981563948535	FALSE	414	24	5.063397814515037
ENSG00000132581	chr17:25417796-25418097	348	78832	TRUE	2.3612354931611178e-7	-0.49350663143324724	TRUE	414	25	2.5055262143608656
ENSG00000109046	chr17:25417796-25418097	191	39213	TRUE	1.682883604312447e-5	-0.5901144182501996	TRUE	414	25	0.6483431773909601
ENSG00000004142	chr17:25417796-25418097	375	82980	TRUE	4.28067633403929e-5	-0.46952414311093826	TRUE	414	25	3.543714907757534
ENSG00000109084	chr17:25417796-25418097	396	86476	TRUE	2.0424173937168277e-4	-0.36002156383566053	TRUE	414	25	5.063397814515037
ENSG00000076604	chr17:25417796-25418097	293	65591	TRUE	0.0034663937630306334	-0.440586417390581	TRUE	414	25	1.6950738043897204
ENSG00000109083	chr17:25417796-25418097	346	78600	TRUE	0.024	-0.15002913506194648	TRUE	414	25	2.616060918570372
ENSG00000132581	chr17:25417796-25418097	348	78832	TRUE	1.8602459756660906e-6	-0.456177380976737	TRUE	414	26	2.5055262143608656
ENSG00000076604	chr17:25417796-25418097	293	65591	TRUE	5.786674049295228e-5	-0.5285493551417011	TRUE	414	26	1.6950738043897204
ENSG00000109084	chr17:25417796-25418097	396	86476	TRUE	0.0016289813397466976	-0.31392514924620674	TRUE	414	26	5.063397814515037
ENSG00000004142	chr17:25417796-25418097	375	82980	TRUE	0.019789465280345198	-0.32987994542641363	TRUE	414	26	3.543714907757534
ENSG00000109083	chr17:25417796-25418097	346	78600	TRUE	0.052	-0.12022325854927862	TRUE	414	26	2.616060918570372
ENSG00000109046	chr17:25417796-25418097	191	39213	TRUE	0.236	-0.209744050860176	FALSE	414	26	0.6483431773909601
ENSG00000109083	chr17:25417796-25418097	346	78600	TRUE	1.2070751968106148e-6	-0.3762508752780136	TRUE	414	27	2.616060918570372
ENSG00000132581	chr17:25417796-25418097	348	78832	TRUE	7.945035163860453e-5	-0.38254535108455934	TRUE	414	27	2.5055262143608656
ENSG00000004142	chr17:25417796-25418097	375	82980	TRUE	7.951031124787695e-5	-0.4669081949039269	TRUE	414	27	3.543714907757534
ENSG00000076604	chr17:25417796-25418097	293	65591	TRUE	0.084	-0.3277783867466293	FALSE	414	27	1.6950738043897204
ENSG00000109084	chr17:25417796-25418097	396	86476	TRUE	0.084	-0.23761678273852116	FALSE	414	27	5.063397814515037
ENSG00000109046	chr17:25417796-25418097	191	39213	TRUE	0.492	-0.16703959990593742	FALSE	414	27	0.6483431773909601
ENSG00000109083	chr17:25417796-25418097	346	78600	TRUE	8.258825725257837e-8	-0.3931246938424098	TRUE	414	28	2.616060918570372
ENSG00000004142	chr17:25417796-25418097	375	82980	TRUE	0.0010281463163807417	-0.3967678006756239	TRUE	414	28	3.543714907757534
ENSG00000132581	chr17:25417796-25418097	348	78832	TRUE	0.004447407025694964	-0.30251696966891295	TRUE	414	28	2.5055262143608656
ENSG00000076604	chr17:25417796-25418097	293	65591	TRUE	0.010211293675566363	-0.39078818427242984	TRUE	414	28	1.6950738043897204
ENSG00000109084	chr17:25417796-25418097	396	86476	TRUE	0.04	-0.23605288552208492	TRUE	414	28	5.063397814515037
ENSG00000109046	chr17:25417796-25418097	191	39213	TRUE	0.292	-0.19741324894945644	FALSE	414	28	0.6483431773909601
ENSG00000004142	chr17:25417796-25418097	375	82980	TRUE	1.1465811321852148e-5	-0.49062426387773406	TRUE	414	29	3.543714907757534
ENSG00000109084	chr17:25417796-25418097	396	86476	TRUE	9.856176473015815e-5	-0.37027773291271515	TRUE	414	29	5.063397814515037
ENSG00000109083	chr17:25417796-25418097	346	78600	TRUE	1.364324920840876e-4	-0.2742568872216993	TRUE	414	29	2.616060918570372
ENSG00000132581	chr17:25417796-25418097	348	78832	TRUE	0.013163407364021537	-0.2665295131465548	TRUE	414	29	2.5055262143608656
ENSG00000076604	chr17:25417796-25418097	293	65591	TRUE	0.036	-0.36778635891081424	TRUE	414	29	1.6950738043897204
ENSG00000109046	chr17:25417796-25418097	191	39213	TRUE	0.208	-0.22218115409839845	FALSE	414	29	0.6483431773909601
ENSG00000132581	chr17:25417796-25418097	348	78832	TRUE	1.9044796866761124e-5	-0.41262101498999737	TRUE	414	30	2.5055262143608656
ENSG00000109046	chr17:25417796-25418097	191	39213	TRUE	2.5298097058727015e-4	-0.5270357356268194	TRUE	414	30	0.6483431773909601
ENSG00000109084	chr17:25417796-25418097	396	86476	TRUE	3.553908268741565e-4	-0.33135222100439066	TRUE	414	30	5.063397814515037
ENSG00000109083	chr17:25417796-25418097	346	78600	TRUE	5.923163042213173e-4	-0.25871045401571524	TRUE	414	30	2.616060918570372
ENSG00000004142	chr17:25417796-25418097	375	82980	TRUE	0.032	-0.31922396315470936	TRUE	414	30	3.543714907757534
ENSG00000076604	chr17:25417796-25418097	293	65591	TRUE	0.28	-0.26268335852474456	FALSE	414	30	1.6950738043897204
ENSG00000076604	chr17:25417796-25418097	293	65591	TRUE	5.8950013202612936e-5	-0.522891720279775	TRUE	414	31	1.6950738043897204
ENSG00000109084	chr17:25417796-25418097	396	86476	TRUE	8.997860711880065e-5	-0.3840670378023119	TRUE	414	31	5.063397814515037
ENSG00000109046	chr17:25417796-25418097	191	39213	TRUE	0.014164862366950179	-0.3804432380151308	TRUE	414	31	0.6483431773909601
ENSG00000132581	chr17:25417796-25418097	348	78832	TRUE	0.108	-0.20640852070898386	FALSE	414	31	2.5055262143608656
ENSG00000109083	chr17:25417796-25418097	346	78600	TRUE	0.112	-0.12022325854927862	FALSE	414	31	2.616060918570372
ENSG00000004142	chr17:25417796-25418097	375	82980	TRUE	0.948	-0.15969088339200543	FALSE	414	31	3.543714907757534
ENSG00000132581	chr17:25417796-25418097	348	78832	TRUE	5.653511673104628e-4	-0.32926526849451765	TRUE	414	32	2.5055262143608656
ENSG00000109084	chr17:25417796-25418097	396	86476	TRUE	6.531822457230274e-4	-0.33888589368979805	TRUE	414	32	5.063397814515037
ENSG00000076604	chr17:25417796-25418097	293	65591	TRUE	0.0010638461083469497	-0.46478876571620675	TRUE	414	32	1.6950738043897204
ENSG00000109083	chr17:25417796-25418097	346	78600	TRUE	0.005041137997303213	-0.18486451055278064	TRUE	414	32	2.616060918570372
ENSG00000004142	chr17:25417796-25418097	375	82980	TRUE	0.048	-0.3310688165615854	TRUE	414	32	3.543714907757534
ENSG00000109046	chr17:25417796-25418097	191	39213	TRUE	0.164	-0.2537512330992684	FALSE	414	32	0.6483431773909601
ENSG00000076604	chr17:25417796-25418097	293	65591	TRUE	8.322072205054604e-6	-0.5746273648394848	TRUE	414	33	1.6950738043897204
ENSG00000004142	chr17:25417796-25418097	375	82980	TRUE	8.002742361111048e-4	-0.39925950257460596	TRUE	414	33	3.543714907757534
ENSG00000109084	chr17:25417796-25418097	396	86476	TRUE	0.001604769540492268	-0.3056999556958986	TRUE	414	33	5.063397814515037
ENSG00000132581	chr17:25417796-25418097	348	78832	TRUE	0.00422688268324397	-0.2876861647431179	TRUE	414	33	2.5055262143608656
ENSG00000109083	chr17:25417796-25418097	346	78600	TRUE	0.012971178677215353	-0.17461701410836294	TRUE	414	33	2.616060918570372
ENSG00000109046	chr17:25417796-25418097	191	39213	TRUE	0.024	-0.35283100680727075	TRUE	414	33	0.6483431773909601
ENSG00000004142	chr17:25417796-25418097	375	82980	TRUE	2.092876514080751e-10	-0.6625433154521341	TRUE	414	34	3.543714907757534
ENSG00000109083	chr17:25417796-25418097	346	78600	TRUE	5.540321490107164e-7	-0.37289966577837563	TRUE	414	34	2.616060918570372
ENSG00000109084	chr17:25417796-25418097	396	86476	TRUE	1.207605821973868e-5	-0.4076395840684006	TRUE	414	34	5.063397814515037
ENSG00000109046	chr17:25417796-25418097	191	39213	TRUE	0.001204483094130196	-0.46659988176484535	TRUE	414	34	0.6483431773909601
ENSG00000132581	chr17:25417796-25418097	348	78832	TRUE	0.006983293401349788	-0.27463001191767145	TRUE	414	34	2.5055262143608656
ENSG00000076604	chr17:25417796-25418097	293	65591	TRUE	0.064	-0.32531434679514837	TRUE	414	34	1.6950738043897204
ENSG00000109084	chr17:25417796-25418097	396	86476	TRUE	8.69721338526662e-5	-0.38320133418144264	TRUE	414	35	5.063397814515037
ENSG00000132581	chr17:25417796-25418097	348	78832	TRUE	0.036	-0.22669553485396965	FALSE	414	35	2.5055262143608656
ENSG00000004142	chr17:25417796-25418097	375	82980	TRUE	0.072	-0.3028028667057261	FALSE	414	35	3.543714907757534
ENSG00000109083	chr17:25417796-25418097	346	78600	TRUE	0.264	-0.08415400384175675	FALSE	414	35	2.616060918570372
ENSG00000076604	chr17:25417796-25418097	293	65591	TRUE	0.352	-0.24860817331302176	FALSE	414	35	1.6950738043897204
ENSG00000109046	chr17:25417796-25418097	191	39213	TRUE	0.372	0.002885401536374843	FALSE	414	35	0.6483431773909601
ENSG00000109083	chr17:25417796-25418097	346	78600	TRUE	3.0951983338781193e-10	-0.5189642068058046	TRUE	414	36	2.616060918570372
ENSG00000109046	chr17:25417796-25418097	191	39213	TRUE	0.0012039097009425223	-0.46659988176484535	TRUE	414	36	0.6483431773909601
ENSG00000109084	chr17:25417796-25418097	396	86476	TRUE	0.003178820098479293	-0.29507683461284095	TRUE	414	36	5.063397814515037
ENSG00000132581	chr17:25417796-25418097	348	78832	TRUE	0.004282256395253547	-0.28932652312437357	TRUE	414	36	2.5055262143608656
ENSG00000004142	chr17:25417796-25418097	375	82980	TRUE	0.008437416391274294	-0.35505432398686776	TRUE	414	36	3.543714907757534
ENSG00000076604	chr17:25417796-25418097	293	65591	TRUE	0.08	-0.32285450810734406	TRUE	414	36	1.6950738043897204
ENSG00000109083	chr17:25417796-25418097	346	78600	TRUE	5.297559304953724e-6	-0.36955622270400523	TRUE	414	37	2.616060918570372
ENSG00000004142	chr17:25417796-25418097	375	82980	TRUE	6.543655266740087e-4	-0.41808571631925306	TRUE	414	37	3.543714907757534
ENSG00000109046	chr17:25417796-25418097	191	39213	TRUE	0.0026104790629940533	-0.4300740057397314	TRUE	414	37	0.6483431773909601
ENSG00000132581	chr17:25417796-25418097	348	78832	TRUE	0.0031732045243715312	-0.2942588186666042	TRUE	414	37	2.5055262143608656
ENSG00000109084	chr17:25417796-25418097	396	86476	TRUE	0.008707847893459297	-0.27727554824859846	TRUE	414	37	5.063397814515037
ENSG00000076604	chr17:25417796-25418097	293	65591	TRUE	0.015951529956431936	-0.39078818427242984	TRUE	414	37	1.6950738043897204
ENSG00000109083	chr17:25417796-25418097	346	78600	TRUE	2.695808709712844e-8	-0.4414491411857908	TRUE	414	38	2.616060918570372
ENSG00000109084	chr17:25417796-25418097	396	86476	TRUE	9.45965982546257e-7	-0.496588576653074	TRUE	414	38	5.063397814515037
ENSG00000132581	chr17:25417796-25418097	348	78832	TRUE	2.5930006043232935e-6	-0.4524970344887883	TRUE	414	38	2.5055262143608656
ENSG00000076604	chr17:25417796-25418097	293	65591	TRUE	1.3278207044417449e-5	-0.5629691596551101	TRUE	414	38	1.6950738043897204
ENSG00000004142	chr17:25417796-25418097	375	82980	TRUE	6.389529346948405e-4	-0.42822772673986687	TRUE	414	38	3.543714907757534
ENSG00000109046	chr17:25417796-25418097	191	39213	TRUE	0.124	-0.26014900429741905	FALSE	414	38	0.6483431773909601
ENSG00000004142	chr17:25417796-25418097	375	82980	TRUE	6.583906710125277e-7	-0.5461454247138506	TRUE	414	39	3.543714907757534
ENSG00000132581	chr17:25417796-25418097	348	78832	TRUE	9.531354594228885e-6	-0.42699418533980094	TRUE	414	39	2.5055262143608656
ENSG00000109084	chr17:25417796-25418097	396	86476	TRUE	5.191160489732491e-4	-0.37457274960351317	TRUE	414	39	5.063397814515037
ENSG00000076604	chr17:25417796-25418097	293	65591	TRUE	0.002988385960385004	-0.4486088386607721	TRUE	414	39	1.6950738043897204
ENSG00000109083	chr17:25417796-25418097	346	78600	TRUE	0.00417665522210936	-0.20260278779298346	TRUE	414	39	2.616060918570372
ENSG00000109046	chr17:25417796-25418097	191	39213	TRUE	0.128	-0.27951432916434993	FALSE	414	39	0.6483431773909601
ENSG00000004142	chr17:25417796-25418097	375	82980	TRUE	6.351585103843191e-8	-0.5726176360750419	TRUE	414	40	3.543714907757534
ENSG00000132581	chr17:25417796-25418097	348	78832	TRUE	8.221979868968288e-8	-0.5048963882820461	TRUE	414	40	2.5055262143608656
ENSG00000109084	chr17:25417796-25418097	396	86476	TRUE	5.192674254397706e-4	-0.34056539916572515	TRUE	414	40	5.063397814515037
ENSG00000076604	chr17:25417796-25418097	293	65591	TRUE	7.567719907336026e-4	-0.47294728910337064	TRUE	414	40	1.6950738043897204
ENSG00000109046	chr17:25417796-25418097	191	39213	TRUE	0.02716217702817289	-0.31904269335098756	TRUE	414	40	0.6483431773909601
ENSG00000109083	chr17:25417796-25418097	346	78600	TRUE	0.368	-0.05298136231084949	FALSE	414	40	2.616060918570372
ENSG00000132581	chr17:25417796-25418097	348	78832	TRUE	4.2514819930938005e-10	-0.5771927819381031	TRUE	414	41	2.5055262143608656
ENSG00000109084	chr17:25417796-25418097	396	86476	TRUE	2.3681876583650724e-5	-0.3901415522119964	TRUE	414	41	5.063397814515037
ENSG00000076604	chr17:25417796-25418097	293	65591	TRUE	0.028	-0.33024664233737894	TRUE	414	41	1.6950738043897204
ENSG00000109083	chr17:25417796-25418097	346	78600	TRUE	0.08	-0.10763543718091984	FALSE	414	41	2.616060918570372
ENSG00000004142	chr17:25417796-25418097	375	82980	TRUE	0.092	-0.2785164448028066	FALSE	414	41	3.543714907757534
ENSG00000109046	chr17:25417796-25418097	191	39213	TRUE	0.388	-0.18518694661619695	FALSE	414	41	0.6483431773909601
ENSG00000109084	chr17:25417796-25418097	396	86476	TRUE	1.3878303089720007e-13	-0.6578795504635679	TRUE	414	42	5.063397814515037
ENSG00000109083	chr17:25417796-25418097	346	78600	TRUE	1.1262079821425242e-6	-0.36622051014074875	TRUE	414	42	2.616060918570372
ENSG00000004142	chr17:25417796-25418097	375	82980	TRUE	5.650796428738119e-6	-0.5120375703935867	TRUE	414	42	3.543714907757534
ENSG00000132581	chr17:25417796-25418097	348	78832	TRUE	0.002647607407391221	-0.30749464582329833	TRUE	414	42	2.5055262143608656
ENSG00000109046	chr17:25417796-25418097	191	39213	TRUE	0.005299083458973355	-0.4300740057397314	TRUE	414	42	0.6483431773909601
ENSG00000076604	chr17:25417796-25418097	293	65591	TRUE	0.005371637347728012	-0.39853768387736455	TRUE	414	42	1.6950738043897204
ENSG00000132581	chr17:25417796-25418097	348	78832	TRUE	5.221728182570797e-7	-0.45986714012579843	TRUE	414	43	2.5055262143608656
ENSG00000109084	chr17:25417796-25418097	396	86476	TRUE	7.299867502632944e-5	-0.37027773291271515	TRUE	414	43	5.063397814515037
ENSG00000004142	chr17:25417796-25418097	375	82980	TRUE	2.868414002773368e-4	-0.4320494376922752	TRUE	414	43	3.543714907757534
ENSG00000109083	chr17:25417796-25418097	346	78600	TRUE	4.239825423063663e-4	-0.24486047525469057	TRUE	414	43	2.616060918570372
ENSG00000076604	chr17:25417796-25418097	293	65591	TRUE	0.002655459123273307	-0.4379221598635247	TRUE	414	43	1.6950738043897204
ENSG00000109046	chr17:25417796-25418097	191	39213	TRUE	0.0026713917486668667	-0.4228785043355274	TRUE	414	43	0.6483431773909601
ENSG00000132581	chr17:25417796-25418097	348	78832	TRUE	2.649738481186058e-7	-0.5087130440553363	TRUE	414	44	2.5055262143608656
ENSG00000076604	chr17:25417796-25418097	293	65591	TRUE	3.702106641720222e-4	-0.5004804728595154	TRUE	414	44	1.6950738043897204
ENSG00000004142	chr17:25417796-25418097	375	82980	TRUE	6.820683696613719e-4	-0.4067605335498654	TRUE	414	44	3.543714907757534
ENSG00000109084	chr17:25417796-25418097	396	86476	TRUE	0.00674086799701383	-0.3114526635666861	TRUE	414	44	5.063397814515037
ENSG00000109046	chr17:25417796-25418097	191	39213	TRUE	0.009416645784546401	-0.3874296683312377	TRUE	414	44	0.6483431773909601
ENSG00000109083	chr17:25417796-25418097	346	78600	TRUE	0.22	-0.08141644127292613	FALSE	414	44	2.616060918570372
ENSG00000004142	chr17:25417796-25418097	375	82980	TRUE	9.696331468792962e-6	-0.5026301171378882	TRUE	414	45	3.543714907757534
ENSG00000132581	chr17:25417796-25418097	348	78832	TRUE	1.3902016552731766e-4	-0.3720783520334905	TRUE	414	45	2.5055262143608656
ENSG00000109083	chr17:25417796-25418097	346	78600	TRUE	7.258952288628408e-4	-0.24486047525469057	TRUE	414	45	2.616060918570372
ENSG00000076604	chr17:25417796-25418097	293	65591	TRUE	0.006786128096071556	-0.3959498893882087	TRUE	414	45	1.6950738043897204
ENSG00000109084	chr17:25417796-25418097	396	86476	TRUE	0.124	-0.2112583755140851	FALSE	414	45	5.063397814515037
ENSG00000109046	chr17:25417796-25418097	191	39213	TRUE	0.372	-0.19741324894945644	FALSE	414	45	0.6483431773909601
ENSG00000076604	chr17:25417796-25418097	293	65591	TRUE	2.945639402181081e-5	-0.5629691596551101	TRUE	414	46	1.6950738043897204
ENSG00000109083	chr17:25417796-25418097	346	78600	TRUE	3.01026702042035e-5	-0.3381740972190077	TRUE	414	46	2.616060918570372
ENSG00000004142	chr17:25417796-25418097	375	82980	TRUE	4.613450313385274e-4	-0.4295005058615802	TRUE	414	46	3.543714907757534
ENSG00000132581	chr17:25417796-25418097	348	78832	TRUE	0.032	-0.24090939407367062	TRUE	414	46	2.5055262143608656
ENSG00000109084	chr17:25417796-25418097	396	86476	TRUE	0.236	-0.1929381923072957	FALSE	414	46	5.063397814515037
ENSG00000109046	chr17:25417796-25418097	191	39213	TRUE	0.5	-0.15506695823986139	FALSE	414	46	0.6483431773909601
ENSG00000109084	chr17:25417796-25418097	396	86476	TRUE	6.942072432853351e-10	-0.5646392834441327	TRUE	414	47	5.063397814515037
ENSG00000004142	chr17:25417796-25418097	375	82980	TRUE	2.0508815000040356e-6	-0.5106898869318399	TRUE	414	47	3.543714907757534
ENSG00000109046	chr17:25417796-25418097	191	39213	TRUE	0.002014387266820874	-0.4300740057397314	TRUE	414	47	0.6483431773909601
ENSG00000076604	chr17:25417796-25418097	293	65591	TRUE	0.003767585882857756	-0.41940886221219775	TRUE	414	47	1.6950738043897204
ENSG00000109083	chr17:25417796-25418097	346	78600	TRUE	0.0074066684755245	-0.18192921952823382	TRUE	414	47	2.616060918570372
ENSG00000132581	chr17:25417796-25418097	348	78832	TRUE	0.452	-0.13093655204853905	FALSE	414	47	2.5055262143608656
ENSG00000132581	chr17:25417796-25418097	348	78832	TRUE	8.537860020531166e-7	-0.46913303608064993	TRUE	414	48	2.5055262143608656
ENSG00000004142	chr17:25417796-25418097	375	82980	TRUE	1.6137715906050856e-5	-0.4800356288895391	TRUE	414	48	3.543714907757534
ENSG00000076604	chr17:25417796-25418097	293	65591	TRUE	1.0985704133210927e-4	-0.5172561856103424	TRUE	414	48	1.6950738043897204
ENSG00000109084	chr17:25417796-25418097	396	86476	TRUE	8.133926290405658e-4	-0.3498377918495694	TRUE	414	48	5.063397814515037
ENSG00000109046	chr17:25417796-25418097	191	39213	TRUE	0.028	-0.3460097409512567	TRUE	414	48	0.6483431773909601
ENSG00000109083	chr17:25417796-25418097	346	78600	TRUE	0.144	-0.08415400384175675	FALSE	414	48	2.616060918570372
ENSG00000109084	chr17:25417796-25418097	396	86476	TRUE	9.659013972714361e-5	-0.3737127227280359	TRUE	414	49	5.063397814515037
ENSG00000132581	chr17:25417796-25418097	348	78832	TRUE	9.622910849356528e-4	-0.3275788918666309	TRUE	414	49	2.5055262143608656
ENSG00000109083	chr17:25417796-25418097	346	78600	TRUE	0.0014094901015672262	-0.2357004759692145	TRUE	414	49	2.616060918570372
ENSG00000109046	chr17:25417796-25418097	191	39213	TRUE	0.005450840074294874	-0.4015048535429604	TRUE	414	49	0.6483431773909601
ENSG00000004142	chr17:25417796-25418097	375	82980	TRUE	0.006125278662379267	-0.37576030684573136	TRUE	414	49	3.543714907757534
ENSG00000076604	chr17:25417796-25418097	293	65591	TRUE	0.208	-0.2864515244576942	FALSE	414	49	1.6950738043897204
ENSG00000004142	chr17:25417796-25418097	375	82980	TRUE	2.0724078850549788e-8	-0.6226914044956076	TRUE	414	50	3.543714907757534
ENSG00000109084	chr17:25417796-25418097	396	86476	TRUE	8.891473774152959e-8	-0.4881872230062594	TRUE	414	50	5.063397814515037
ENSG00000076604	chr17:25417796-25418097	293	65591	TRUE	1.5695702054563225e-7	-0.6777208578035883	TRUE	414	50	1.6950738043897204
ENSG00000109083	chr17:25417796-25418097	346	78600	TRUE	0.0039430943028262305	-0.2220686103814482	TRUE	414	50	2.616060918570372
ENSG00000109046	chr17:25417796-25418097	191	39213	TRUE	0.0042231626874938005	-0.41571871276266137	TRUE	414	50	0.6483431773909601
ENSG00000132581	chr17:25417796-25418097	348	78832	TRUE	0.015091716392401755	-0.2697642567458558	TRUE	414	50	2.5055262143608656
ENSG00000109084	chr17:25417796-25418097	396	86476	TRUE	1.496878793276861e-4	-0.3780179931295069	TRUE	414	51	5.063397814515037
ENSG00000004142	chr17:25417796-25418097	375	82980	TRUE	2.5685725629116286e-4	-0.4371608515098746	TRUE	414	51	3.543714907757534
ENSG00000109083	chr17:25417796-25418097	346	78600	TRUE	5.563517627434032e-4	-0.2509996123520972	TRUE	414	51	2.616060918570372
ENSG00000076604	chr17:25417796-25418097	293	65591	TRUE	0.02148214504901312	-0.3779641439148461	TRUE	414	51	1.6950738043897204
ENSG00000132581	chr17:25417796-25418097	348	78832	TRUE	0.18	-0.18030262936951846	FALSE	414	51	2.5055262143608656
ENSG00000109046	chr17:25417796-25418097	191	39213	TRUE	0.3	-0.19128714615261488	FALSE	414	51	0.6483431773909601
ENSG00000132581	chr17:25417796-25418097	348	78832	TRUE	4.33782623872319e-4	-0.32926526849451765	TRUE	414	52	2.5055262143608656
ENSG00000109083	chr17:25417796-25418097	346	78600	TRUE	0.002156457215532377	-0.20856434603170038	TRUE	414	52	2.616060918570372
ENSG00000109084	chr17:25417796-25418097	396	86476	TRUE	0.004194032846720208	-0.28291580412636863	TRUE	414	52	5.063397814515037
ENSG00000076604	chr17:25417796-25418097	293	65591	TRUE	0.0062017333726524515	-0.403727239979928	TRUE	414	52	1.6950738043897204
ENSG00000109046	chr17:25417796-25418097	191	39213	TRUE	0.216	-0.2159492003868838	FALSE	414	52	0.6483431773909601
ENSG00000004142	chr17:25417796-25418097	375	82980	TRUE	0.592	-0.18526369548191224	FALSE	414	52	3.543714907757534
ENSG00000109084	chr17:25417796-25418097	396	86476	TRUE	6.890729017969537e-6	-0.3866672698805904	TRUE	414	53	5.063397814515037
ENSG00000132581	chr17:25417796-25418097	348	78832	TRUE	0.012125238093698143	-0.2697642567458558	TRUE	414	53	2.5055262143608656
ENSG00000109083	chr17:25417796-25418097	346	78600	TRUE	0.021980962785055763	-0.16444179279939264	TRUE	414	53	2.616060918570372
ENSG00000076604	chr17:25417796-25418097	293	65591	TRUE	0.022396062312750847	-0.3754129583855139	TRUE	414	53	1.6950738043897204
ENSG00000109046	chr17:25417796-25418097	191	39213	TRUE	0.052	-0.3123789630699767	TRUE	414	53	0.6483431773909601
ENSG00000004142	chr17:25417796-25418097	375	82980	TRUE	0.748	-0.1874153663369611	FALSE	414	53	3.543714907757534
ENSG00000004142	chr17:25417796-25418097	375	82980	TRUE	2.1933524749405083e-7	-0.5628081128170364	TRUE	414	54	3.543714907757534
ENSG00000109046	chr17:25417796-25418097	191	39213	TRUE	1.6505498929435865e-4	-0.5503682394574432	TRUE	414	54	0.6483431773909601
ENSG00000109084	chr17:25417796-25418097	396	86476	TRUE	3.362389077657454e-4	-0.3711357139316922	TRUE	414	54	5.063397814515037
ENSG00000076604	chr17:25417796-25418097	293	65591	TRUE	0.0014802275622387666	-0.45129292323198367	TRUE	414	54	1.6950738043897204
ENSG00000109083	chr17:25417796-25418097	346	78600	TRUE	0.00271554908236199	-0.2220686103814482	TRUE	414	54	2.616060918570372
ENSG00000132581	chr17:25417796-25418097	348	78832	TRUE	0.032	-0.24727189629721003	TRUE	414	54	2.5055262143608656
ENSG00000109084	chr17:25417796-25418097	396	86476	TRUE	2.307676092739089e-6	-0.4733712258768188	TRUE	414	55	5.063397814515037
ENSG00000004142	chr17:25417796-25418097	375	82980	TRUE	4.117779616096603e-6	-0.5066543736966833	TRUE	414	55	3.543714907757534
ENSG00000109046	chr17:25417796-25418097	191	39213	TRUE	9.18601357530139e-5	-0.5740843084312508	TRUE	414	55	0.6483431773909601
ENSG00000109083	chr17:25417796-25418097	346	78600	TRUE	8.243522170910261e-4	-0.24180067550563256	TRUE	414	55	2.616060918570372
ENSG00000132581	chr17:25417796-25418097	348	78832	TRUE	0.00822396631366755	-0.27625558396671357	TRUE	414	55	2.5055262143608656
ENSG00000076604	chr17:25417796-25418097	293	65591	TRUE	0.104	-0.2984840799525914	FALSE	414	55	1.6950738043897204
ENSG00000004142	chr17:25417796-25418097	375	82980	TRUE	3.1562760500187625e-8	-0.5782531707444745	TRUE	414	56	3.543714907757534
ENSG00000076604	chr17:25417796-25418097	293	65591	TRUE	0.0017368124892216258	-0.4593752695298424	TRUE	414	56	1.6950738043897204
ENSG00000109046	chr17:25417796-25418097	191	39213	TRUE	0.013128284506035537	-0.3804432380151308	TRUE	414	56	0.6483431773909601
ENSG00000109083	chr17:25417796-25418097	346	78600	TRUE	0.024	-0.16010285707505534	TRUE	414	56	2.616060918570372
ENSG00000132581	chr17:25417796-25418097	348	78832	TRUE	0.096	-0.21106488314020533	FALSE	414	56	2.5055262143608656
ENSG00000109084	chr17:25417796-25418097	396	86476	TRUE	0.292	-0.16439878609336933	FALSE	414	56	5.063397814515037
ENSG00000004142	chr17:25417796-25418097	375	82980	TRUE	1.7496843664007887e-6	-0.5228646008779423	TRUE	414	57	3.543714907757534
ENSG00000109084	chr17:25417796-25418097	396	86476	TRUE	1.36567977603615e-4	-0.3642861103664736	TRUE	414	57	5.063397814515037
ENSG00000109083	chr17:25417796-25418097	346	78600	TRUE	0.006237824442598211	-0.19075306991524	TRUE	414	57	2.616060918570372
ENSG00000076604	chr17:25417796-25418097	293	65591	TRUE	0.028813172598450926	-0.3652530921652924	TRUE	414	57	1.6950738043897204
ENSG00000132581	chr17:25417796-25418097	348	78832	TRUE	0.176	-0.1787816012466683	FALSE	414	57	2.5055262143608656
ENSG00000109046	chr17:25417796-25418097	191	39213	TRUE	0.384	-0.17911243220651252	FALSE	414	57	0.6483431773909601
ENSG00000109084	chr17:25417796-25418097	396	86476	TRUE	1.102808728227863e-7	-0.491915119243012	TRUE	414	58	5.063397814515037
ENSG00000132581	chr17:25417796-25418097	348	78832	TRUE	8.001832180251894e-7	-0.4709933781061777	TRUE	414	58	2.5055262143608656
ENSG00000076604	chr17:25417796-25418097	293	65591	TRUE	7.621125463402661e-6	-0.6012079639428016	TRUE	414	58	1.6950738043897204
ENSG00000109083	chr17:25417796-25418097	346	78600	TRUE	2.300168189176867e-5	-0.3267821990137134	TRUE	414	58	2.616060918570372
ENSG00000004142	chr17:25417796-25418097	375	82980	TRUE	0.028	-0.3310688165615854	TRUE	414	58	3.543714907757534
ENSG00000109046	chr17:25417796-25418097	191	39213	TRUE	0.484	-0.16703959990593742	FALSE	414	58	0.6483431773909601
ENSG00000132581	chr17:25417796-25418097	348	78832	TRUE	9.455443113107025e-5	-0.37034121149743315	TRUE	414	59	2.5055262143608656
ENSG00000109083	chr17:25417796-25418097	346	78600	TRUE	4.1225129161145957e-4	-0.2509996123520972	TRUE	414	59	2.616060918570372
ENSG00000076604	chr17:25417796-25418097	293	65591	TRUE	4.5754910209109406e-4	-0.4784120495801815	TRUE	414	59	1.6950738043897204
ENSG00000004142	chr17:25417796-25418097	375	82980	TRUE	0.004476475118032078	-0.35989965193644013	TRUE	414	59	3.543714907757534
ENSG00000109084	chr17:25417796-25418097	396	86476	TRUE	0.008811867498488501	-0.29020011433808923	TRUE	414	59	5.063397814515037
ENSG00000109046	chr17:25417796-25418097	191	39213	TRUE	0.06	-0.29914313591328257	TRUE	414	59	0.6483431773909601
ENSG00000109083	chr17:25417796-25418097	346	78600	TRUE	2.9631863050086707e-6	-0.3678874023433867	TRUE	414	60	2.616060918570372
ENSG00000109046	chr17:25417796-25418097	191	39213	TRUE	0.002532858742087748	-0.4592203513992479	TRUE	414	60	0.6483431773909601
ENSG00000004142	chr17:25417796-25418097	375	82980	TRUE	0.009806135249165598	-0.3526377488139849	TRUE	414	60	3.543714907757534
ENSG00000109084	chr17:25417796-25418097	396	86476	TRUE	0.015170221889957619	-0.29182385681775314	TRUE	414	60	5.063397814515037
ENSG00000132581	chr17:25417796-25418097	348	78832	TRUE	0.01848580728746943	-0.2552646870507407	TRUE	414	60	2.5055262143608656
ENSG00000076604	chr17:25417796-25418097	293	65591	TRUE	0.168	-0.3057520804166305	FALSE	414	60	1.6950738043897204
ENSG00000109083	chr17:25417796-25418097	346	78600	TRUE	1.1189493951428802e-11	-0.5814119046122359	TRUE	414	61	2.616060918570372
ENSG00000004142	chr17:25417796-25418097	375	82980	TRUE	0.006343743682339531	-0.373308827851635	TRUE	414	61	3.543714907757534
ENSG00000132581	chr17:25417796-25418097	348	78832	TRUE	0.048	-0.2361558641030359	TRUE	414	61	2.5055262143608656
ENSG00000109084	chr17:25417796-25418097	396	86476	TRUE	0.168	-0.20589091501183265	FALSE	414	61	5.063397814515037
ENSG00000109046	chr17:25417796-25418097	191	39213	TRUE	0.58	-0.14911769190867497	FALSE	414	61	0.6483431773909601
ENSG00000076604	chr17:25417796-25418097	293	65591	TRUE	0.78	-0.13852825003281122	FALSE	414	61	1.6950738043897204
ENSG00000004142	chr17:25417796-25418097	375	82980	TRUE	5.807911307917834e-6	-0.5106898869318399	TRUE	414	62	3.543714907757534
ENSG00000109084	chr17:25417796-25418097	396	86476	TRUE	1.356192050858086e-5	-0.40588019965414657	TRUE	414	62	5.063397814515037
ENSG00000132581	chr17:25417796-25418097	348	78832	TRUE	1.3410988693479328e-4	-0.354800360601655	TRUE	414	62	2.5055262143608656
ENSG00000109046	chr17:25417796-25418097	191	39213	TRUE	0.0012041680330664266	-0.46659988176484535	TRUE	414	62	0.6483431773909601
ENSG00000076604	chr17:25417796-25418097	293	65591	TRUE	0.036	-0.350146199775084	TRUE	414	62	1.6950738043897204
ENSG00000109083	chr17:25417796-25418097	346	78600	TRUE	0.08	-0.10763543718091984	TRUE	414	62	2.616060918570372
ENSG00000004142	chr17:25417796-25418097	375	82980	TRUE	4.157565664511184e-7	-0.5628081128170364	TRUE	414	63	3.543714907757534
ENSG00000076604	chr17:25417796-25418097	293	65591	TRUE	1.0616807125329863e-5	-0.5600692691493153	TRUE	414	63	1.6950738043897204
ENSG00000109046	chr17:25417796-25418097	191	39213	TRUE	7.711025652001099e-5	-0.5661355553157597	TRUE	414	63	0.6483431773909601
ENSG00000109083	chr17:25417796-25418097	346	78600	TRUE	2.2621339635880283e-4	-0.29789523757655867	TRUE	414	63	2.616060918570372
ENSG00000132581	chr17:25417796-25418097	348	78832	TRUE	2.643244818189335e-4	-0.35823944456842605	TRUE	414	63	2.5055262143608656
ENSG00000109084	chr17:25417796-25418097	396	86476	TRUE	3.831846447720985e-4	-0.3498377918495694	TRUE	414	63	5.063397814515037
ENSG00000132581	chr17:25417796-25418097	348	78832	TRUE	3.5910435085755943e-9	-0.5260140580125399	TRUE	414	64	2.5055262143608656
ENSG00000109084	chr17:25417796-25418097	396	86476	TRUE	1.9506971124423362e-5	-0.3953687138755455	TRUE	414	64	5.063397814515037
ENSG00000109083	chr17:25417796-25418097	346	78600	TRUE	0.0012125771618635567	-0.2296259615595302	TRUE	414	64	2.616060918570372
ENSG00000076604	chr17:25417796-25418097	293	65591	TRUE	0.1	-0.29606952701929123	FALSE	414	64	1.6950738043897204
ENSG00000004142	chr17:25417796-25418097	375	82980	TRUE	0.124	-0.2557605307351014	FALSE	414	64	3.543714907757534
ENSG00000109046	chr17:25417796-25418097	191	39213	TRUE	0.268	-0.20356547593105168	FALSE	414	64	0.6483431773909601
ENSG00000132581	chr17:25417796-25418097	348	78832	TRUE	4.303991662329607e-6	-0.44151199379498585	TRUE	414	65	2.5055262143608656
ENSG00000076604	chr17:25417796-25418097	293	65591	TRUE	4.8451854188506956e-6	-0.5893338636545101	TRUE	414	65	1.6950738043897204
ENSG00000004142	chr17:25417796-25418097	375	82980	TRUE	6.927395628674972e-6	-0.5039702891254716	TRUE	414	65	3.543714907757534
ENSG00000109083	chr17:25417796-25418097	346	78600	TRUE	9.719846753320632e-5	-0.27582078443813574	TRUE	414	65	2.616060918570372
ENSG00000109084	chr17:25417796-25418097	396	86476	TRUE	0.0021296255494690844	-0.3007872550093169	TRUE	414	65	5.063397814515037
ENSG00000109046	chr17:25417796-25418097	191	39213	TRUE	0.004226670417831452	-0.4015048535429604	TRUE	414	65	0.6483431773909601
ENSG00000109084	chr17:25417796-25418097	396	86476	TRUE	2.04834823798513e-5	-0.399739195984641	TRUE	414	66	5.063397814515037
ENSG00000132581	chr17:25417796-25418097	348	78832	TRUE	2.387397649523254e-5	-0.4072677804957906	TRUE	414	66	2.5055262143608656
ENSG00000004142	chr17:25417796-25418097	375	82980	TRUE	5.6453880664144186e-5	-0.4682155760907134	TRUE	414	66	3.543714907757534
ENSG00000076604	chr17:25417796-25418097	293	65591	TRUE	6.726332353724565e-4	-0.4593752695298424	TRUE	414	66	1.6950738043897204
ENSG00000109083	chr17:25417796-25418097	346	78600	TRUE	0.0011248238932489371	-0.2250868019443626	TRUE	414	66	2.616060918570372
ENSG00000109046	chr17:25417796-25418097	191	39213	TRUE	0.112	-0.26014900429741905	FALSE	414	66	0.6483431773909601
ENSG00000109083	chr17:25417796-25418097	346	78600	TRUE	4.5839672319200955e-5	-0.32516210334555185	TRUE	414	67	2.616060918570372
ENSG00000109084	chr17:25417796-25418097	396	86476	TRUE	1.9186670906236932e-4	-0.3944962039965847	TRUE	414	67	5.063397814515037
ENSG00000132581	chr17:25417796-25418097	348	78832	TRUE	0.001214601543140608	-0.32253155712931414	TRUE	414	67	2.5055262143608656
ENSG00000004142	chr17:25417796-25418097	375	82980	TRUE	0.0019259985106313098	-0.40175551537867604	TRUE	414	67	3.543714907757534
ENSG00000076604	chr17:25417796-25418097	293	65591	TRUE	0.006953299747057398	-0.4273140602975437	TRUE	414	67	1.6950738043897204
ENSG00000109046	chr17:25417796-25418097	191	39213	TRUE	0.112	-0.3057458707375297	FALSE	414	67	0.6483431773909601
ENSG00000076604	chr17:25417796-25418097	293	65591	TRUE	5.170789027021325e-6	-0.6012079639428016	TRUE	414	68	1.6950738043897204
ENSG00000109084	chr17:25417796-25418097	396	86476	TRUE	6.058776887132161e-5	-0.41735473890161234	TRUE	414	68	5.063397814515037
ENSG00000109083	chr17:25417796-25418097	346	78600	TRUE	6.263314141466275e-4	-0.2602575802131937	TRUE	414	68	2.616060918570372
ENSG00000004142	chr17:25417796-25418097	375	82980	TRUE	0.052	-0.3028028667057261	TRUE	414	68	3.543714907757534
ENSG00000132581	chr17:25417796-25418097	348	78832	TRUE	0.068	-0.22669553485396965	TRUE	414	68	2.5055262143608656
ENSG00000109046	chr17:25417796-25418097	191	39213	TRUE	0.096	-0.2730302955941515	TRUE	414	68	0.6483431773909601
ENSG00000109084	chr17:25417796-25418097	396	86476	TRUE	2.4310862981220815e-7	-0.4405812907591493	TRUE	414	69	5.063397814515037
ENSG00000004142	chr17:25417796-25418097	375	82980	TRUE	3.0349144335081637e-5	-0.48532023201780694	TRUE	414	69	3.543714907757534
ENSG00000132581	chr17:25417796-25418097	348	78832	TRUE	2.82897685311808e-4	-0.36687319290222997	TRUE	414	69	2.5055262143608656
ENSG00000109046	chr17:25417796-25418097	191	39213	TRUE	0.01668122867158922	-0.36657106343357326	TRUE	414	69	0.6483431773909601
ENSG00000076604	chr17:25417796-25418097	293	65591	TRUE	0.192	-0.30090268075523474	FALSE	414	69	1.6950738043897204
ENSG00000109083	chr17:25417796-25418097	346	78600	TRUE	0.3	-0.0570093641109517	FALSE	414	69	2.616060918570372
ENSG00000004142	chr17:25417796-25418097	375	82980	TRUE	0.008429347151063638	-0.3490204588933101	TRUE	414	70	3.543714907757534
ENSG00000076604	chr17:25417796-25418097	293	65591	TRUE	0.048	-0.350146199775084	FALSE	414	70	1.6950738043897204
ENSG00000109084	chr17:25417796-25418097	396	86476	TRUE	0.116	-0.20436101556741404	FALSE	414	70	5.063397814515037
ENSG00000109046	chr17:25417796-25418097	191	39213	TRUE	0.136	-0.2473817082235411	FALSE	414	70	0.6483431773909601
ENSG00000109083	chr17:25417796-25418097	346	78600	TRUE	0.352	-0.07731981275344801	FALSE	414	70	2.616060918570372
ENSG00000132581	chr17:25417796-25418097	348	78832	TRUE	0.412	-0.14274988348666628	FALSE	414	70	2.5055262143608656
ENSG00000132581	chr17:25417796-25418097	348	78832	TRUE	2.2804226456916033e-4	-0.35651887782795444	TRUE	414	71	2.5055262143608656
ENSG00000076604	chr17:25417796-25418097	293	65591	TRUE	5.085903720017104e-4	-0.48115221192509383	TRUE	414	71	1.6950738043897204
ENSG00000109046	chr17:25417796-25418097	191	39213	TRUE	5.331726723530085e-4	-0.5116877712933834	TRUE	414	71	0.6483431773909601
ENSG00000109084	chr17:25417796-25418097	396	86476	TRUE	0.0016969496190763558	-0.3007872550093169	TRUE	414	71	5.063397814515037
ENSG00000109083	chr17:25417796-25418097	346	78600	TRUE	0.007818661968900159	-0.17899988848956228	TRUE	414	71	2.616060918570372
ENSG00000004142	chr17:25417796-25418097	375	82980	TRUE	0.036	-0.32869205318895256	TRUE	414	71	3.543714907757534
ENSG00000004142	chr17:25417796-25418097	375	82980	TRUE	4.4071215938598185e-6	-0.5187949365688953	TRUE	414	72	3.543714907757534
ENSG00000109083	chr17:25417796-25418097	346	78600	TRUE	2.6488449863861646e-4	-0.25871045401571524	TRUE	414	72	2.616060918570372
ENSG00000109084	chr17:25417796-25418097	396	86476	TRUE	3.5584200208663673e-4	-0.3506836992563245	TRUE	414	72	5.063397814515037
ENSG00000076604	chr17:25417796-25418097	293	65591	TRUE	0.0018781997629069846	-0.4486088386607721	TRUE	414	72	1.6950738043897204
ENSG00000132581	chr17:25417796-25418097	348	78832	TRUE	0.056	-0.23299552320970784	TRUE	414	72	2.5055262143608656
ENSG00000109046	chr17:25417796-25418097	191	39213	TRUE	0.096	-0.26657527345685206	TRUE	414	72	0.6483431773909601
ENSG00000109083	chr17:25417796-25418097	346	78600	TRUE	1.4899028893435029e-5	-0.32192735974625086	TRUE	414	73	2.616060918570372
ENSG00000076604	chr17:25417796-25418097	293	65591	TRUE	0.002735774343129417	-0.4273140602975437	TRUE	414	73	1.6950738043897204
ENSG00000109046	chr17:25417796-25418097	191	39213	TRUE	0.006630493969259715	-0.3874296683312377	TRUE	414	73	0.6483431773909601
ENSG00000004142	chr17:25417796-25418097	375	82980	TRUE	0.006889028803001088	-0.357474953817982	TRUE	414	73	3.543714907757534
ENSG00000109084	chr17:25417796-25418097	396	86476	TRUE	0.028	-0.2423186718788246	TRUE	414	73	5.063397814515037
ENSG00000132581	chr17:25417796-25418097	348	78832	TRUE	0.644	-0.11339597073940366	FALSE	414	73	2.5055262143608656
ENSG00000132581	chr17:25417796-25418097	348	78832	TRUE	1.6866391421669746e-5	-0.40904998583780006	TRUE	414	74	2.5055262143608656
ENSG00000109084	chr17:25417796-25418097	396	86476	TRUE	4.120075353009414e-4	-0.33972540202939605	TRUE	414	74	5.063397814515037
ENSG00000109083	chr17:25417796-25418097	346	78600	TRUE	0.028	-0.13717971279493524	TRUE	414	74	2.616060918570372
ENSG00000109046	chr17:25417796-25418097	191	39213	TRUE	0.196	-0.22844014457008077	FALSE	414	74	0.6483431773909601
ENSG00000004142	chr17:25417796-25418097	375	82980	TRUE	0.228	-0.23446988743039632	FALSE	414	74	3.543714907757534
ENSG00000076604	chr17:25417796-25418097	293	65591	TRUE	0.808	-0.17355746805176064	FALSE	414	74	1.6950738043897204
ENSG00000076604	chr17:25417796-25418097	293	65591	TRUE	4.986814097860965e-6	-0.5952586976116152	TRUE	414	75	1.6950738043897204
ENSG00000132581	chr17:25417796-25418097	348	78832	TRUE	6.275472799308068e-5	-0.37904790684833234	TRUE	414	75	2.5055262143608656
ENSG00000109084	chr17:25417796-25418097	396	86476	TRUE	3.9242969815240364e-4	-0.3685633001014632	TRUE	414	75	5.063397814515037
ENSG00000004142	chr17:25417796-25418097	375	82980	TRUE	4.6769659468043e-4	-0.4295005058615802	TRUE	414	75	3.543714907757534
ENSG00000109083	chr17:25417796-25418097	346	78600	TRUE	0.028	-0.16010285707505534	TRUE	414	75	2.616060918570372
ENSG00000109046	chr17:25417796-25418097	191	39213	TRUE	0.036	-0.33922057528861793	TRUE	414	75	0.6483431773909601
ENSG00000004142	chr17:25417796-25418097	375	82980	TRUE	7.384004743131271e-7	-0.5242237107673311	TRUE	414	76	3.543714907757534
ENSG00000132581	chr17:25417796-25418097	348	78832	TRUE	1.7674252368536734e-5	-0.4054877740505046	TRUE	414	76	2.5055262143608656
ENSG00000109083	chr17:25417796-25418097	346	78600	TRUE	8.490781277587737e-5	-0.2805226735784392	TRUE	414	76	2.616060918570372
ENSG00000109084	chr17:25417796-25418097	396	86476	TRUE	8.866691835827389e-4	-0.31888286904217455	TRUE	414	76	5.063397814515037
ENSG00000076604	chr17:25417796-25418097	293	65591	TRUE	0.0012671382855127637	-0.43260835996705677	TRUE	414	76	1.6950738043897204
ENSG00000109046	chr17:25417796-25418097	191	39213	TRUE	0.856	-0.10814591085236902	FALSE	414	76	0.6483431773909601
ENSG00000004142	chr17:25417796-25418097	375	82980	TRUE	3.2203868857794485e-5	-0.4747703126768974	TRUE	414	77	3.543714907757534
ENSG00000109084	chr17:25417796-25418097	396	86476	TRUE	2.4642006009725596e-4	-0.3583192686046601	TRUE	414	77	5.063397814515037
ENSG00000076604	chr17:25417796-25418097	293	65591	TRUE	5.229743580948167e-4	-0.4756770818589429	TRUE	414	77	1.6950738043897204
ENSG00000132581	chr17:25417796-25418097	348	78832	TRUE	0.006076717263766351	-0.2844110327102569	TRUE	414	77	2.5055262143608656
ENSG00000109046	chr17:25417796-25418097	191	39213	TRUE	0.01707259822161561	-0.3734904773733638	TRUE	414	77	0.6483431773909601
ENSG00000109083	chr17:25417796-25418097	346	78600	TRUE	0.019521674470945105	-0.1658910094364625	TRUE	414	77	2.616060918570372
ENSG00000004142	chr17:25417796-25418097	375	82980	TRUE	1.437236600728125e-8	-0.5782531707444745	TRUE	414	78	3.543714907757534
ENSG00000109084	chr17:25417796-25418097	396	86476	TRUE	3.8738097947997336e-8	-0.48354085814989456	TRUE	414	78	5.063397814515037
ENSG00000109083	chr17:25417796-25418097	346	78600	TRUE	8.53168601003089e-5	-0.28681579169606874	TRUE	414	78	2.616060918570372
ENSG00000076604	chr17:25417796-25418097	293	65591	TRUE	0.004703083162587149	-0.403727239979928	TRUE	414	78	1.6950738043897204
ENSG00000109046	chr17:25417796-25418097	191	39213	TRUE	0.006703162394843129	-0.39445009600901004	TRUE	414	78	0.6483431773909601
ENSG00000132581	chr17:25417796-25418097	348	78832	TRUE	0.032	-0.2504637007869195	TRUE	414	78	2.5055262143608656
ENSG00000004142	chr17:25417796-25418097	375	82980	TRUE	1.2753151896681934e-4	-0.4513113398529083	TRUE	414	79	3.543714907757534
ENSG00000109046	chr17:25417796-25418097	191	39213	TRUE	0.007814870006177435	-0.41571871276266137	TRUE	414	79	0.6483431773909601
ENSG00000132581	chr17:25417796-25418097	348	78832	TRUE	0.018360180554177513	-0.24567863822154257	TRUE	414	79	2.5055262143608656
ENSG00000076604	chr17:25417796-25418097	293	65591	TRUE	0.052	-0.3526530553856587	TRUE	414	79	1.6950738043897204
ENSG00000109084	chr17:25417796-25418097	396	86476	TRUE	0.056	-0.2462486526279739	TRUE	414	79	5.063397814515037
ENSG00000109083	chr17:25417796-25418097	346	78600	TRUE	0.232	-0.07323478395270899	FALSE	414	79	2.616060918570372
ENSG00000076604	chr17:25417796-25418097	293	65591	TRUE	9.054770092080042e-7	-0.5982302641429061	TRUE	414	80	1.6950738043897204
ENSG00000109083	chr17:25417796-25418097	346	78600	TRUE	2.2793261835331747e-5	-0.320312703684156	TRUE	414	80	2.616060918570372
ENSG00000004142	chr17:25417796-25418097	375	82980	TRUE	3.323340377849385e-5	-0.46952414311093826	TRUE	414	80	3.543714907757534
ENSG00000132581	chr17:25417796-25418097	348	78832	TRUE	6.744061693902265e-5	-0.3860512945860948	TRUE	414	80	2.5055262143608656
ENSG00000109046	chr17:25417796-25418097	191	39213	TRUE	2.131856149315669e-4	-0.5193413438368186	TRUE	414	80	0.6483431773909601
ENSG00000109084	chr17:25417796-25418097	396	86476	TRUE	0.0064452733661884	-0.29426290226917073	TRUE	414	80	5.063397814515037
ENSG00000076604	chr17:25417796-25418097	293	65591	TRUE	5.931342681228264e-6	-0.6012079639428016	TRUE	414	81	1.6950738043897204
ENSG00000109046	chr17:25417796-25418097	191	39213	TRUE	0.0012937317524571168	-0.4814731582463756	TRUE	414	81	0.6483431773909601
ENSG00000132581	chr17:25417796-25418097	348	78832	TRUE	0.01998469577520351	-0.2552646870507407	TRUE	414	81	2.5055262143608656
ENSG00000109083	chr17:25417796-25418097	346	78600	TRUE	0.032	-0.1687938173390997	TRUE	414	81	2.616060918570372
ENSG00000004142	chr17:25417796-25418097	375	82980	TRUE	0.056	-0.2969831934616145	TRUE	414	81	3.543714907757534
ENSG00000109084	chr17:25417796-25418097	396	86476	TRUE	0.068	-0.2220535785135791	TRUE	414	81	5.063397814515037
ENSG00000132581	chr17:25417796-25418097	348	78832	TRUE	1.9422605891431834e-4	-0.3634134909063631	TRUE	414	82	2.5055262143608656
ENSG00000109084	chr17:25417796-25418097	396	86476	TRUE	0.0023054065925422057	-0.31392514924620674	TRUE	414	82	5.063397814515037
ENSG00000109083	chr17:25417796-25418097	346	78600	TRUE	0.007436286905401102	-0.18046381052373506	TRUE	414	82	2.616060918570372
ENSG00000004142	chr17:25417796-25418097	375	82980	TRUE	0.0074933388350546595	-0.35989965193644013	TRUE	414	82	3.543714907757534
ENSG00000076604	chr17:25417796-25418097	293	65591	TRUE	0.092	-0.31550005696819283	FALSE	414	82	1.6950738043897204
ENSG00000109046	chr17:25417796-25418097	191	39213	TRUE	0.928	-0.07393019551445612	FALSE	414	82	0.6483431773909601
ENSG00000109084	chr17:25417796-25418097	396	86476	TRUE	0.0027884597439453707	-0.29182385681775314	TRUE	414	83	5.063397814515037
ENSG00000004142	chr17:25417796-25418097	375	82980	TRUE	0.006369287256926703	-0.3586867934867899	TRUE	414	83	3.543714907757534
ENSG00000076604	chr17:25417796-25418097	293	65591	TRUE	0.036	-0.3551642745417085	TRUE	414	83	1.6950738043897204
ENSG00000109083	chr17:25417796-25418097	346	78600	TRUE	0.044	-0.12444372486747368	TRUE	414	83	2.616060918570372
ENSG00000109046	chr17:25417796-25418097	191	39213	TRUE	0.096	-0.2730302955941515	FALSE	414	83	0.6483431773909601
ENSG00000132581	chr17:25417796-25418097	348	78832	TRUE	0.104	-0.19252893170277807	FALSE	414	83	2.5055262143608656
ENSG00000004142	chr17:25417796-25418097	375	82980	TRUE	1.4096451008655886e-6	-0.5242237107673311	TRUE	414	84	3.543714907757534
ENSG00000109084	chr17:25417796-25418097	396	86476	TRUE	0.0037483089356648153	-0.3180553983909329	TRUE	414	84	5.063397814515037
ENSG00000076604	chr17:25417796-25418097	293	65591	TRUE	0.016633863741849164	-0.3779641439148461	TRUE	414	84	1.6950738043897204
ENSG00000109046	chr17:25417796-25418097	191	39213	TRUE	0.04	-0.31904269335098756	TRUE	414	84	0.6483431773909601
ENSG00000132581	chr17:25417796-25418097	348	78832	TRUE	0.12	-0.21262034964224674	FALSE	414	84	2.5055262143608656
ENSG00000109083	chr17:25417796-25418097	346	78600	TRUE	0.172	-0.12022325854927862	FALSE	414	84	2.616060918570372
ENSG00000132581	chr17:25417796-25418097	348	78832	TRUE	6.478080252416557e-6	-0.4215874518128574	TRUE	414	85	2.5055262143608656
ENSG00000004142	chr17:25417796-25418097	375	82980	TRUE	3.549327101201908e-5	-0.4839972653584885	TRUE	414	85	3.543714907757534
ENSG00000109084	chr17:25417796-25418097	396	86476	TRUE	2.888252632149285e-4	-0.33720834112765585	TRUE	414	85	5.063397814515037
ENSG00000109083	chr17:25417796-25418097	346	78600	TRUE	0.0010671454726970606	-0.2296259615595302	TRUE	414	85	2.616060918570372
ENSG00000076604	chr17:25417796-25418097	293	65591	TRUE	0.14	-0.3081829066713928	FALSE	414	85	1.6950738043897204
ENSG00000109046	chr17:25417796-25418097	191	39213	TRUE	0.216	-0.19741324894945644	FALSE	414	85	0.6483431773909601
ENSG00000076604	chr17:25417796-25418097	293	65591	TRUE	1.2105334519698502e-6	-0.6012079639428016	TRUE	414	86	1.6950738043897204
ENSG00000004142	chr17:25417796-25418097	375	82980	TRUE	3.168862090487858e-4	-0.42061454262999187	TRUE	414	86	3.543714907757534
ENSG00000109084	chr17:25417796-25418097	396	86476	TRUE	7.962269833212861e-4	-0.33804687357839924	TRUE	414	86	5.063397814515037
ENSG00000132581	chr17:25417796-25418097	348	78832	TRUE	0.00915377308715637	-0.27463001191767145	TRUE	414	86	2.5055262143608656
ENSG00000109046	chr17:25417796-25418097	191	39213	TRUE	0.024	-0.31904269335098756	TRUE	414	86	0.6483431773909601
ENSG00000109083	chr17:25417796-25418097	346	78600	TRUE	0.024	-0.14859575686068882	TRUE	414	86	2.616060918570372
ENSG00000132581	chr17:25417796-25418097	348	78832	TRUE	8.00954877877803e-5	-0.37555892076845243	TRUE	414	87	2.5055262143608656
ENSG00000004142	chr17:25417796-25418097	375	82980	TRUE	8.09384469422407e-4	-0.41178297566627076	TRUE	414	87	3.543714907757534
ENSG00000109083	chr17:25417796-25418097	346	78600	TRUE	0.0032700230830937996	-0.21005859271203087	TRUE	414	87	2.616060918570372
ENSG00000109046	chr17:25417796-25418097	191	39213	TRUE	0.044	-0.31904269335098756	TRUE	414	87	0.6483431773909601
ENSG00000076604	chr17:25417796-25418097	293	65591	TRUE	0.088	-0.31794737738693546	FALSE	414	87	1.6950738043897204
ENSG00000109084	chr17:25417796-25418097	396	86476	TRUE	0.804	-0.10610014552870206	FALSE	414	87	5.063397814515037
ENSG00000004142	chr17:25417796-25418097	375	82980	TRUE	0.001624725104480966	-0.3942803948165292	TRUE	414	88	3.543714907757534
ENSG00000109083	chr17:25417796-25418097	346	78600	TRUE	0.002034901536749463	-0.2265982688619621	TRUE	414	88	2.616060918570372
ENSG00000076604	chr17:25417796-25418097	293	65591	TRUE	0.012535694029317104	-0.3779641439148461	TRUE	414	88	1.6950738043897204
ENSG00000109046	chr17:25417796-25418097	191	39213	TRUE	0.04	-0.3057458707375297	TRUE	414	88	0.6483431773909601
ENSG00000109084	chr17:25417796-25418097	396	86476	TRUE	0.176	-0.1914219598599156	FALSE	414	88	5.063397814515037
ENSG00000132581	chr17:25417796-25418097	348	78832	TRUE	0.74	-0.11776116330080577	FALSE	414	88	2.5055262143608656
ENSG00000109083	chr17:25417796-25418097	346	78600	TRUE	1.576459545050042e-4	-0.27895367392309844	TRUE	414	89	2.616060918570372
ENSG00000004142	chr17:25417796-25418097	375	82980	TRUE	2.2366394969917068e-4	-0.43077440885021345	TRUE	414	89	3.543714907757534
ENSG00000109084	chr17:25417796-25418097	396	86476	TRUE	0.008851697416010246	-0.2740624176534121	TRUE	414	89	5.063397814515037
ENSG00000109046	chr17:25417796-25418097	191	39213	TRUE	0.16	-0.26014900429741905	FALSE	414	89	0.6483431773909601
ENSG00000132581	chr17:25417796-25418097	348	78832	TRUE	0.16	-0.18182526279939282	FALSE	414	89	2.5055262143608656
ENSG00000076604	chr17:25417796-25418097	293	65591	TRUE	0.504	-0.22315499433810704	FALSE	414	89	1.6950738043897204
ENSG00000109084	chr17:25417796-25418097	396	86476	TRUE	4.946208672982795e-4	-0.36087346527221786	TRUE	414	90	5.063397814515037
ENSG00000132581	chr17:25417796-25418097	348	78832	TRUE	0.002662069783093697	-0.3108226635410527	TRUE	414	90	2.5055262143608656
ENSG00000109046	chr17:25417796-25418097	191	39213	TRUE	0.0036520728930404846	-0.4518783760580798	TRUE	414	90	0.6483431773909601
ENSG00000004142	chr17:25417796-25418097	375	82980	TRUE	0.005048601204873826	-0.373308827851635	TRUE	414	90	3.543714907757534
ENSG00000109083	chr17:25417796-25418097	346	78600	TRUE	0.010783990709738525	-0.19963122126169264	TRUE	414	90	2.616060918570372
ENSG00000076604	chr17:25417796-25418097	293	65591	TRUE	0.46	-0.2462756020031317	FALSE	414	90	1.6950738043897204
ENSG00000109083	chr17:25417796-25418097	346	78600	TRUE	5.9287027393125843e-8	-0.4379431976842554	TRUE	414	91	2.616060918570372
ENSG00000132581	chr17:25417796-25418097	348	78832	TRUE	8.437971323810908e-7	-0.47285612212336736	TRUE	414	91	2.5055262143608656
ENSG00000109084	chr17:25417796-25418097	396	86476	TRUE	9.423098664736694e-6	-0.4441880302398826	TRUE	414	91	5.063397814515037
ENSG00000076604	chr17:25417796-25418097	293	65591	TRUE	0.036	-0.3476436925719138	TRUE	414	91	1.6950738043897204
ENSG00000109046	chr17:25417796-25418097	191	39213	TRUE	0.036	-0.35968467784833336	TRUE	414	91	0.6483431773909601
ENSG00000004142	chr17:25417796-25418097	375	82980	TRUE	0.04	-0.3180448089894441	TRUE	414	91	3.543714907757534
ENSG00000132581	chr17:25417796-25418097	348	78832	TRUE	5.494387749428345e-10	-0.5812058444447263	TRUE	414	92	2.5055262143608656
ENSG00000109084	chr17:25417796-25418097	396	86476	TRUE	9.33763759411151e-6	-0.41204745502217577	TRUE	414	92	5.063397814515037
ENSG00000109046	chr17:25417796-25418097	191	39213	TRUE	2.7861036962084813e-4	-0.5116877712933834	TRUE	414	92	0.6483431773909601
ENSG00000004142	chr17:25417796-25418097	375	82980	TRUE	0.0012314171122524628	-0.3905573087738119	TRUE	414	92	3.543714907757534
ENSG00000076604	chr17:25417796-25418097	293	65591	TRUE	0.156	-0.2864515244576942	FALSE	414	92	1.6950738043897204
ENSG00000109083	chr17:25417796-25418097	346	78600	TRUE	0.712	-0.03300833854386642	FALSE	414	92	2.616060918570372
ENSG00000076604	chr17:25417796-25418097	293	65591	TRUE	5.040720864003291e-5	-0.5257177643585385	TRUE	414	93	1.6950738043897204
ENSG00000109084	chr17:25417796-25418097	396	86476	TRUE	0.0013605612575564585	-0.3255197757022361	TRUE	414	93	5.063397814515037
ENSG00000109083	chr17:25417796-25418097	346	78600	TRUE	0.0036030472396655286	-0.2265982688619621	TRUE	414	93	2.616060918570372
ENSG00000004142	chr17:25417796-25418097	375	82980	TRUE	0.025477844197326432	-0.34781670826787225	TRUE	414	93	3.543714907757534
ENSG00000132581	chr17:25417796-25418097	348	78832	TRUE	0.04	-0.2393231431817191	TRUE	414	93	2.5055262143608656
ENSG00000109046	chr17:25417796-25418097	191	39213	TRUE	0.496	-0.1610408592844943	FALSE	414	93	0.6483431773909601
ENSG00000109083	chr17:25417796-25418097	346	78600	TRUE	9.990465431659011e-6	-0.34801069242274063	TRUE	414	94	2.616060918570372
ENSG00000132581	chr17:25417796-25418097	348	78832	TRUE	1.3763152771765e-4	-0.3720783520334905	TRUE	414	94	2.5055262143608656
ENSG00000076604	chr17:25417796-25418097	293	65591	TRUE	7.388836838035061e-4	-0.46478876571620675	TRUE	414	94	1.6950738043897204
ENSG00000109046	chr17:25417796-25418097	191	39213	TRUE	0.024	-0.3734904773733638	TRUE	414	94	0.6483431773909601
ENSG00000004142	chr17:25417796-25418097	375	82980	TRUE	0.028	-0.32395024106188375	TRUE	414	94	3.543714907757534
ENSG00000109084	chr17:25417796-25418097	396	86476	TRUE	0.06	-0.2596912358769443	TRUE	414	94	5.063397814515037
ENSG00000109084	chr17:25417796-25418097	396	86476	TRUE	0.0051509918023468215	-0.29997009551939335	TRUE	414	95	5.063397814515037
ENSG00000076604	chr17:25417796-25418097	293	65591	TRUE	0.048	-0.32285450810734406	FALSE	414	95	1.6950738043897204
ENSG00000132581	chr17:25417796-25418097	348	78832	TRUE	0.092	-0.2235558273234024	FALSE	414	95	2.5055262143608656
ENSG00000004142	chr17:25417796-25418097	375	82980	TRUE	0.148	-0.2636843366771371	FALSE	414	95	3.543714907757534
ENSG00000109083	chr17:25417796-25418097	346	78600	TRUE	0.348	0.08500964076147599	FALSE	414	95	2.616060918570372
ENSG00000109046	chr17:25417796-25418097	191	39213	TRUE	0.392	0.018826945405396533	FALSE	414	95	0.6483431773909601
ENSG00000109084	chr17:25417796-25418097	396	86476	TRUE	9.062370178460587e-7	-0.4577941830306782	TRUE	414	96	5.063397814515037
ENSG00000004142	chr17:25417796-25418097	375	82980	TRUE	1.2866475638122557e-4	-0.460389001520386	TRUE	414	96	3.543714907757534
ENSG00000132581	chr17:25417796-25418097	348	78832	TRUE	0.002617345218002741	-0.30583351145337745	TRUE	414	96	2.5055262143608656
ENSG00000076604	chr17:25417796-25418097	293	65591	TRUE	0.01137728037961036	-0.39078818427242984	TRUE	414	96	1.6950738043897204
ENSG00000109083	chr17:25417796-25418097	346	78600	TRUE	0.048	-0.1414501501731633	TRUE	414	96	2.616060918570372
ENSG00000109046	chr17:25417796-25418097	191	39213	TRUE	0.872	-0.07957675865559821	FALSE	414	96	0.6483431773909601
ENSG00000109084	chr17:25417796-25418097	396	86476	TRUE	1.192339040217462e-6	-0.4235713476503178	TRUE	414	97	5.063397814515037
ENSG00000004142	chr17:25417796-25418097	375	82980	TRUE	0.0012902399521175119	-0.3955235616671613	TRUE	414	97	3.543714907757534
ENSG00000109083	chr17:25417796-25418097	346	78600	TRUE	0.0036437171595341544	-0.1966657627851316	TRUE	414	97	2.616060918570372
ENSG00000109046	chr17:25417796-25418097	191	39213	TRUE	0.024	-0.3460097409512567	TRUE	414	97	0.6483431773909601
ENSG00000132581	chr17:25417796-25418097	348	78832	TRUE	0.24	-0.1727134743578358	FALSE	414	97	2.5055262143608656
ENSG00000076604	chr17:25417796-25418097	293	65591	TRUE	0.248	-0.257976355847217	FALSE	414	97	1.6950738043897204
ENSG00000004142	chr17:25417796-25418097	375	82980	TRUE	2.432052136421719e-7	-0.5475266551122113	TRUE	414	98	3.543714907757534
ENSG00000109083	chr17:25417796-25418097	346	78600	TRUE	1.679706275366233e-5	-0.320312703684156	TRUE	414	98	2.616060918570372
ENSG00000109084	chr17:25417796-25418097	396	86476	TRUE	2.9687580254237483e-5	-0.39101143167210894	TRUE	414	98	5.063397814515037
ENSG00000132581	chr17:25417796-25418097	348	78832	TRUE	3.939926814499825e-5	-0.39308884532602895	TRUE	414	98	2.5055262143608656
ENSG00000076604	chr17:25417796-25418097	293	65591	TRUE	0.0069368745223964134	-0.4246741784248396	TRUE	414	98	1.6950738043897204
ENSG00000109046	chr17:25417796-25418097	191	39213	TRUE	0.017185272014216657	-0.3734904773733638	TRUE	414	98	0.6483431773909601
ENSG00000109084	chr17:25417796-25418097	396	86476	TRUE	4.351254094373024e-7	-0.4733712258768188	TRUE	414	99	5.063397814515037
ENSG00000132581	chr17:25417796-25418097	348	78832	TRUE	0.0030137460086959098	-0.30417428753168707	TRUE	414	99	2.5055262143608656
ENSG00000004142	chr17:25417796-25418097	375	82980	TRUE	0.013588924292149945	-0.34421147097091054	TRUE	414	99	3.543714907757534
ENSG00000076604	chr17:25417796-25418097	293	65591	TRUE	0.032	-0.33519585830911236	TRUE	414	99	1.6950738043897204
ENSG00000109046	chr17:25417796-25418097	191	39213	TRUE	0.092	-0.27951432916434993	FALSE	414	99	0.6483431773909601
ENSG00000109083	chr17:25417796-25418097	346	78600	TRUE	0.296	-0.050302262114968244	FALSE	414	99	2.616060918570372
ENSG00000109083	chr17:25417796-25418097	346	78600	TRUE	6.424605812937675e-6	-0.3447243697240696	TRUE	414	100	2.616060918570372
ENSG00000132581	chr17:25417796-25418097	348	78832	TRUE	5.387169825738156e-4	-0.34623834709823087	TRUE	414	100	2.5055262143608656
ENSG00000004142	chr17:25417796-25418097	375	82980	TRUE	9.699853197125269e-4	-0.40175551537867604	TRUE	414	100	3.543714907757534
ENSG00000109084	chr17:25417796-25418097	396	86476	TRUE	0.003752424133213944	-0.30160487761033883	TRUE	414	100	5.063397814515037
ENSG00000109046	chr17:25417796-25418097	191	39213	TRUE	0.024	-0.35283100680727075	TRUE	414	100	0.6483431773909601
ENSG00000076604	chr17:25417796-25418097	293	65591	TRUE	0.028	-0.3754129583855139	TRUE	414	100	1.6950738043897204
ENSG00000159111	chr17:45176230-45176531	339	80993	TRUE	2.735226966839527e-5	-0.4406193758290904	TRUE	378	1	2.8614435867787535
ENSG00000159199	chr17:45176230-45176531	377	92540	TRUE	7.431069674911951e-5	-0.46163294674401456	TRUE	378	1	21.41769013615009
ENSG00000159217	chr17:45176230-45176531	171	40568	TRUE	2.639498330184002e-4	-0.6688075742333014	TRUE	378	1	0.6707709615925498
ENSG00000170689	chr17:45176230-45176531	338	83804	TRUE	8.092014117070702e-4	-0.30496612514999955	TRUE	378	1	3.9586757919518316
ENSG00000108468	chr17:45176230-45176531	189	44951	TRUE	0.003620901096122911	-0.5160905440194071	TRUE	378	1	0.7954936091752868
ENSG00000260027	chr17:45176230-45176531	257	59677	TRUE	0.01319738909303475	-0.32431978302609193	TRUE	378	1	1.307457524714314
ENSG00000136436	chr17:45176230-45176531	98	21882	TRUE	0.027040189376952573	-0.43798400392088643	TRUE	378	1	0.2953946477494088
ENSG00000159210	chr17:45176230-45176531	141	32216	TRUE	0.036	-0.5124254973376277	TRUE	378	1	0.49707803368855275
ENSG00000182742	chr17:45176230-45176531	259	63172	TRUE	0.2	-0.2775504981409744	FALSE	378	1	1.603737616800525
ENSG00000173917	chr17:45176230-45176531	52	9758	TRUE	0.884	-0.2242946489580362	FALSE	378	1	0.12357677844099295
ENSG00000108468	chr17:45176230-45176531	189	44951	TRUE	2.874027245597689e-4	-0.6043770764373623	TRUE	378	2	0.7954936091752868
ENSG00000159111	chr17:45176230-45176531	339	80993	TRUE	6.637317675241136e-4	-0.3879666267496671	TRUE	378	2	2.8614435867787535
ENSG00000159199	chr17:45176230-45176531	377	92540	TRUE	0.0028751359943504223	-0.35896505715144666	TRUE	378	2	21.41769013615009
ENSG00000170689	chr17:45176230-45176531	338	83804	TRUE	0.0033971535456630148	-0.2792864092102625	TRUE	378	2	3.9586757919518316
ENSG00000260027	chr17:45176230-45176531	257	59677	TRUE	0.011888824400171069	-0.3033601643904459	TRUE	378	2	1.307457524714314
ENSG00000182742	chr17:45176230-45176531	259	63172	TRUE	0.032	-0.33690577575739555	TRUE	378	2	1.603737616800525
ENSG00000136436	chr17:45176230-45176531	98	21882	TRUE	0.124	-0.3395802998598918	FALSE	378	2	0.2953946477494088
ENSG00000159217	chr17:45176230-45176531	171	40568	TRUE	0.236	-0.3554414928493631	FALSE	378	2	0.6707709615925498
ENSG00000159210	chr17:45176230-45176531	141	32216	TRUE	0.388	-0.3275858218840322	FALSE	378	2	0.49707803368855275
ENSG00000173917	chr17:45176230-45176531	52	9758	TRUE	0.924	-0.2242946489580362	FALSE	378	2	0.12357677844099295
ENSG00000260027	chr17:45176230-45176531	257	59677	TRUE	1.5513455392620733e-5	-0.5159598487084865	TRUE	378	3	1.307457524714314
ENSG00000159217	chr17:45176230-45176531	171	40568	TRUE	0.023180217014651353	-0.4998314021845379	TRUE	378	3	0.6707709615925498
ENSG00000108468	chr17:45176230-45176531	189	44951	TRUE	0.024	-0.42669145896630045	TRUE	378	3	0.7954936091752868
ENSG00000136436	chr17:45176230-45176531	98	21882	TRUE	0.06	-0.42111018535649025	FALSE	378	3	0.2953946477494088
ENSG00000182742	chr17:45176230-45176531	259	63172	TRUE	0.084	-0.32541013691956633	FALSE	378	3	1.603737616800525
ENSG00000159199	chr17:45176230-45176531	377	92540	TRUE	0.124	-0.2675914869785645	FALSE	378	3	21.41769013615009
ENSG00000159210	chr17:45176230-45176531	141	32216	TRUE	0.152	-0.4219132044321854	FALSE	378	3	0.49707803368855275
ENSG00000170689	chr17:45176230-45176531	338	83804	TRUE	0.4	-0.12266299142906267	FALSE	378	3	3.9586757919518316
ENSG00000173917	chr17:45176230-45176531	52	9758	TRUE	0.884	-0.2242946489580362	FALSE	378	3	0.12357677844099295
ENSG00000159111	chr17:45176230-45176531	339	80993	TRUE	0.936	-0.11523572230550894	FALSE	378	3	2.8614435867787535
ENSG00000260027	chr17:45176230-45176531	257	59677	TRUE	2.4945367222387223e-6	-0.5901719535073655	TRUE	378	4	1.307457524714314
ENSG00000159199	chr17:45176230-45176531	377	92540	TRUE	0.005677804542666004	-0.3650496363082967	TRUE	378	4	21.41769013615009
ENSG00000159111	chr17:45176230-45176531	339	80993	TRUE	0.010143838486832438	-0.32594077179289593	TRUE	378	4	2.8614435867787535
ENSG00000108468	chr17:45176230-45176531	189	44951	TRUE	0.031253312345724205	-0.4021343547223216	TRUE	378	4	0.7954936091752868
ENSG00000170689	chr17:45176230-45176531	338	83804	TRUE	0.06	-0.20378259871760296	FALSE	378	4	3.9586757919518316
ENSG00000182742	chr17:45176230-45176531	259	63172	TRUE	0.068	-0.36311084610478966	FALSE	378	4	1.603737616800525
ENSG00000173917	chr17:45176230-45176531	52	9758	TRUE	0.184	-0.572217952378343	FALSE	378	4	0.12357677844099295
ENSG00000159217	chr17:45176230-45176531	171	40568	TRUE	0.34	-0.08100232374331984	FALSE	378	4	0.6707709615925498
ENSG00000159210	chr17:45176230-45176531	141	32216	TRUE	0.444	-0.3275858218840322	FALSE	378	4	0.49707803368855275
ENSG00000136436	chr17:45176230-45176531	98	21882	TRUE	0.508	-0.18916345730679307	FALSE	378	4	0.2953946477494088
ENSG00000108468	chr17:45176230-45176531	189	44951	TRUE	3.688063578202831e-4	-0.6043770764373623	TRUE	378	5	0.7954936091752868
ENSG00000159217	chr17:45176230-45176531	171	40568	TRUE	0.001562752474906795	-0.6020814604324883	TRUE	378	5	0.6707709615925498
ENSG00000260027	chr17:45176230-45176531	257	59677	TRUE	0.0021406188248566486	-0.3854143802729314	TRUE	378	5	1.307457524714314
ENSG00000170689	chr17:45176230-45176531	338	83804	TRUE	0.004616700994033315	-0.31086672658968384	TRUE	378	5	3.9586757919518316
ENSG00000159210	chr17:45176230-45176531	141	32216	TRUE	0.005658817986222489	-0.6201393146378809	TRUE	378	5	0.49707803368855275
ENSG00000182742	chr17:45176230-45176531	259	63172	TRUE	0.017220210542804176	-0.4078722971115391	TRUE	378	5	1.603737616800525
ENSG00000136436	chr17:45176230-45176531	98	21882	TRUE	0.028	-0.4723355087116632	TRUE	378	5	0.2953946477494088
ENSG00000159111	chr17:45176230-45176531	339	80993	TRUE	0.084	-0.2680060027087543	FALSE	378	5	2.8614435867787535
ENSG00000159199	chr17:45176230-45176531	377	92540	TRUE	0.096	-0.28664603348146755	FALSE	378	5	21.41769013615009
ENSG00000173917	chr17:45176230-45176531	52	9758	TRUE	0.164	-0.6166120717367964	FALSE	378	5	0.12357677844099295
ENSG00000159199	chr17:45176230-45176531	377	92540	TRUE	2.404630318716722e-11	-0.6616145692979796	TRUE	378	6	21.41769013615009
ENSG00000159111	chr17:45176230-45176531	339	80993	TRUE	6.896325290446162e-4	-0.37633862449682765	TRUE	378	6	2.8614435867787535
ENSG00000159217	chr17:45176230-45176531	171	40568	TRUE	0.0018108277996974412	-0.5698411234322803	TRUE	378	6	0.6707709615925498
ENSG00000182742	chr17:45176230-45176531	259	63172	TRUE	0.044	-0.3601755550802428	TRUE	378	6	1.603737616800525
ENSG00000260027	chr17:45176230-45176531	257	59677	TRUE	0.044	-0.29989630908687426	TRUE	378	6	1.307457524714314
ENSG00000159210	chr17:45176230-45176531	141	32216	TRUE	0.132	-0.4415420111811179	FALSE	378	6	0.49707803368855275
ENSG00000170689	chr17:45176230-45176531	338	83804	TRUE	0.448	-0.10102988644266819	FALSE	378	6	3.9586757919518316
ENSG00000173917	chr17:45176230-45176531	52	9758	TRUE	0.484	-0.4071587061078463	FALSE	378	6	0.12357677844099295
ENSG00000108468	chr17:45176230-45176531	189	44951	TRUE	0.728	-0.21406200656974977	FALSE	378	6	0.7954936091752868
ENSG00000136436	chr17:45176230-45176531	98	21882	TRUE	0.948	-0.07919061528166149	FALSE	378	6	0.2953946477494088
ENSG00000260027	chr17:45176230-45176531	257	59677	TRUE	4.1270979400252674e-7	-0.5901719535073655	TRUE	378	7	1.307457524714314
ENSG00000159199	chr17:45176230-45176531	377	92540	TRUE	6.142745693175499e-7	-0.5320106325338969	TRUE	378	7	21.41769013615009
ENSG00000170689	chr17:45176230-45176531	338	83804	TRUE	0.0031949804846597846	-0.2666159521606435	TRUE	378	7	3.9586757919518316
ENSG00000159217	chr17:45176230-45176531	171	40568	TRUE	0.028	-0.44763519105910954	TRUE	378	7	0.6707709615925498
ENSG00000159111	chr17:45176230-45176531	339	80993	TRUE	0.032	-0.27724420956409235	TRUE	378	7	2.8614435867787535
ENSG00000108468	chr17:45176230-45176531	189	44951	TRUE	0.036	-0.390010795639832	TRUE	378	7	0.7954936091752868
ENSG00000159210	chr17:45176230-45176531	141	32216	TRUE	0.036	-0.5020835531161687	TRUE	378	7	0.49707803368855275
ENSG00000136436	chr17:45176230-45176531	98	21882	TRUE	0.06	-0.40443144420985977	TRUE	378	7	0.2953946477494088
ENSG00000182742	chr17:45176230-45176531	259	63172	TRUE	0.2	-0.28866959010454807	FALSE	378	7	1.603737616800525
ENSG00000173917	chr17:45176230-45176531	52	9758	TRUE	0.696	-0.15718045309949913	FALSE	378	7	0.12357677844099295
ENSG00000170689	chr17:45176230-45176531	338	83804	TRUE	4.749328257953227e-7	-0.48538135130528204	TRUE	378	8	3.9586757919518316
ENSG00000260027	chr17:45176230-45176531	257	59677	TRUE	0.003979873460598457	-0.3563414560766176	TRUE	378	8	1.307457524714314
ENSG00000159199	chr17:45176230-45176531	377	92540	TRUE	0.009728684443850014	-0.3421492341982182	TRUE	378	8	21.41769013615009
ENSG00000182742	chr17:45176230-45176531	259	63172	TRUE	0.048	-0.36311084610478966	FALSE	378	8	1.603737616800525
ENSG00000159111	chr17:45176230-45176531	339	80993	TRUE	0.144	-0.23913594425562312	FALSE	378	8	2.8614435867787535
ENSG00000159210	chr17:45176230-45176531	141	32216	TRUE	0.236	-0.3552421647868975	FALSE	378	8	0.49707803368855275
ENSG00000159217	chr17:45176230-45176531	171	40568	TRUE	0.264	-0.3282200241143388	FALSE	378	8	0.6707709615925498
ENSG00000136436	chr17:45176230-45176531	98	21882	TRUE	0.316	-0.26241243933743186	FALSE	378	8	0.2953946477494088
ENSG00000173917	chr17:45176230-45176531	52	9758	TRUE	0.428	-0.4071587061078463	FALSE	378	8	0.12357677844099295
ENSG00000108468	chr17:45176230-45176531	189	44951	TRUE	0.76	-0.12597067694489283	FALSE	378	8	0.7954936091752868
ENSG00000159199	chr17:45176230-45176531	377	92540	TRUE	2.883976624647004e-6	-0.5193531965054707	TRUE	378	9	21.41769013615009
ENSG00000173917	chr17:45176230-45176531	52	9758	TRUE	0.010276135415003995	-0.9161723535957043	TRUE	378	9	0.12357677844099295
ENSG00000170689	chr17:45176230-45176531	338	83804	TRUE	0.010485419910231386	-0.24611954527506308	TRUE	378	9	3.9586757919518316
ENSG00000108468	chr17:45176230-45176531	189	44951	TRUE	0.025631421117700393	-0.4205128840371761	TRUE	378	9	0.7954936091752868
ENSG00000260027	chr17:45176230-45176531	257	59677	TRUE	0.036	-0.29989630908687426	TRUE	378	9	1.307457524714314
ENSG00000159111	chr17:45176230-45176531	339	80993	TRUE	0.08	-0.24819054536381202	FALSE	378	9	2.8614435867787535
ENSG00000159210	chr17:45176230-45176531	141	32216	TRUE	0.144	-0.4219132044321854	FALSE	378	9	0.49707803368855275
ENSG00000136436	chr17:45176230-45176531	98	21882	TRUE	0.288	-0.26241243933743186	FALSE	378	9	0.2953946477494088
ENSG00000159217	chr17:45176230-45176531	171	40568	TRUE	0.372	-0.3015026857385593	FALSE	378	9	0.6707709615925498
ENSG00000182742	chr17:45176230-45176531	259	63172	TRUE	0.432	-0.25012200961532915	FALSE	378	9	1.603737616800525
ENSG00000159111	chr17:45176230-45176531	339	80993	TRUE	8.146013923686802e-9	-0.5822805250526815	TRUE	378	10	2.8614435867787535
ENSG00000159199	chr17:45176230-45176531	377	92540	TRUE	6.066760053688725e-4	-0.3900909523582863	TRUE	378	10	21.41769013615009
ENSG00000170689	chr17:45176230-45176531	338	83804	TRUE	0.022967171917479684	-0.21701842587429687	TRUE	378	10	3.9586757919518316
ENSG00000108468	chr17:45176230-45176531	189	44951	TRUE	0.024	-0.42669145896630045	TRUE	378	10	0.7954936091752868
ENSG00000159210	chr17:45176230-45176531	141	32216	TRUE	0.024	-0.5439037288107957	TRUE	378	10	0.49707803368855275
ENSG00000182742	chr17:45176230-45176531	259	63172	TRUE	0.024	-0.3660521214169121	TRUE	378	10	1.603737616800525
ENSG00000159217	chr17:45176230-45176531	171	40568	TRUE	0.144	-0.3554414928493631	FALSE	378	10	0.6707709615925498
ENSG00000136436	chr17:45176230-45176531	98	21882	TRUE	0.224	-0.26241243933743186	FALSE	378	10	0.2953946477494088
ENSG00000260027	chr17:45176230-45176531	257	59677	TRUE	0.712	-0.09690928692301953	FALSE	378	10	1.307457524714314
ENSG00000173917	chr17:45176230-45176531	52	9758	TRUE	0.82	-0.2946839768494338	FALSE	378	10	0.12357677844099295
ENSG00000159199	chr17:45176230-45176531	377	92540	TRUE	2.340950100469634e-6	-0.48652786273988813	TRUE	378	11	21.41769013615009
ENSG00000159217	chr17:45176230-45176531	171	40568	TRUE	3.201669842069351e-5	-0.7568040552311305	TRUE	378	11	0.6707709615925498
ENSG00000182742	chr17:45176230-45176531	259	63172	TRUE	7.48808904678655e-5	-0.5747696058562836	TRUE	378	11	1.603737616800525
ENSG00000170689	chr17:45176230-45176531	338	83804	TRUE	2.994377713301105e-4	-0.34315383134470445	TRUE	378	11	3.9586757919518316
ENSG00000108468	chr17:45176230-45176531	189	44951	TRUE	4.878275035304601e-4	-0.5835184715396979	TRUE	378	11	0.7954936091752868
ENSG00000159210	chr17:45176230-45176531	141	32216	TRUE	0.001714906162719694	-0.6540866465612187	TRUE	378	11	0.49707803368855275
ENSG00000260027	chr17:45176230-45176531	257	59677	TRUE	0.0028511576038786485	-0.342021784759551	TRUE	378	11	1.307457524714314
ENSG00000136436	chr17:45176230-45176531	98	21882	TRUE	0.004773177889926081	-0.5619727211963395	TRUE	378	11	0.2953946477494088
ENSG00000159111	chr17:45176230-45176531	339	80993	TRUE	0.096	-0.2421478347877286	FALSE	378	11	2.8614435867787535
ENSG00000173917	chr17:45176230-45176531	52	9758	TRUE	0.816	-0.15718045309949913	FALSE	378	11	0.12357677844099295
ENSG00000182742	chr17:45176230-45176531	259	63172	TRUE	2.965240120108778e-5	-0.5781762072995329	TRUE	378	12	1.603737616800525
ENSG00000108468	chr17:45176230-45176531	189	44951	TRUE	1.0860886021457974e-4	-0.6184522616490852	TRUE	378	12	0.7954936091752868
ENSG00000260027	chr17:45176230-45176531	257	59677	TRUE	5.915175349330039e-4	-0.4150852469492742	TRUE	378	12	1.307457524714314
ENSG00000159111	chr17:45176230-45176531	339	80993	TRUE	6.749243637198185e-4	-0.3796513585376635	TRUE	378	12	2.8614435867787535
ENSG00000170689	chr17:45176230-45176531	338	83804	TRUE	0.0012638250588301314	-0.3191683239194223	TRUE	378	12	3.9586757919518316
ENSG00000159210	chr17:45176230-45176531	141	32216	TRUE	0.003104377336698848	-0.6540866465612187	TRUE	378	12	0.49707803368855275
ENSG00000136436	chr17:45176230-45176531	98	21882	TRUE	0.024	-0.48982293544050437	TRUE	378	12	0.2953946477494088
ENSG00000159199	chr17:45176230-45176531	377	92540	TRUE	0.076	-0.2753468333600644	TRUE	378	12	21.41769013615009
ENSG00000159217	chr17:45176230-45176531	171	40568	TRUE	0.104	-0.39726166854399025	FALSE	378	12	0.6707709615925498
ENSG00000173917	chr17:45176230-45176531	52	9758	TRUE	0.86	-0.25906006711871266	FALSE	378	12	0.12357677844099295
ENSG00000170689	chr17:45176230-45176531	338	83804	TRUE	1.6492107869308693e-4	-0.3577389096427752	TRUE	378	13	3.9586757919518316
ENSG00000159111	chr17:45176230-45176531	339	80993	TRUE	0.0019300979891518494	-0.3387790771221353	TRUE	378	13	2.8614435867787535
ENSG00000182742	chr17:45176230-45176531	259	63172	TRUE	0.032	-0.38980072418952105	TRUE	378	13	1.603737616800525
ENSG00000159217	chr17:45176230-45176531	171	40568	TRUE	0.036	-0.45497716640027763	TRUE	378	13	0.6707709615925498
ENSG00000108468	chr17:45176230-45176531	189	44951	TRUE	0.04	-0.4205128840371761	TRUE	378	13	0.7954936091752868
ENSG00000159199	chr17:45176230-45176531	377	92540	TRUE	0.06	-0.2972031430891038	TRUE	378	13	21.41769013615009
ENSG00000159210	chr17:45176230-45176531	141	32216	TRUE	0.06	-0.5020835531161687	TRUE	378	13	0.49707803368855275
ENSG00000173917	chr17:45176230-45176531	52	9758	TRUE	0.224	-0.5291492304864569	FALSE	378	13	0.12357677844099295
ENSG00000260027	chr17:45176230-45176531	257	59677	TRUE	0.248	-0.19966886134822018	FALSE	378	13	1.307457524714314
ENSG00000136436	chr17:45176230-45176531	98	21882	TRUE	0.504	-0.20351875028386335	FALSE	378	13	0.2953946477494088
ENSG00000159111	chr17:45176230-45176531	339	80993	TRUE	5.0988439702611636e-5	-0.4406193758290904	TRUE	378	14	2.8614435867787535
ENSG00000159217	chr17:45176230-45176531	171	40568	TRUE	0.0019338156659846756	-0.5939535795490881	TRUE	378	14	0.6707709615925498
ENSG00000159199	chr17:45176230-45176531	377	92540	TRUE	0.0024015025228404166	-0.39920437865371294	TRUE	378	14	21.41769013615009
ENSG00000173917	chr17:45176230-45176531	52	9758	TRUE	0.012603045333272944	-0.9727558819620716	TRUE	378	14	0.12357677844099295
ENSG00000260027	chr17:45176230-45176531	257	59677	TRUE	0.01616710217067814	-0.33137454056004245	TRUE	378	14	1.307457524714314
ENSG00000170689	chr17:45176230-45176531	338	83804	TRUE	0.048	-0.20049252878341806	TRUE	378	14	3.9586757919518316
ENSG00000182742	chr17:45176230-45176531	259	63172	TRUE	0.14	-0.29987504481242855	FALSE	378	14	1.603737616800525
ENSG00000108468	chr17:45176230-45176531	189	44951	TRUE	0.312	-0.2796503481973265	FALSE	378	14	0.7954936091752868
ENSG00000159210	chr17:45176230-45176531	141	32216	TRUE	0.36	-0.3459643511988868	FALSE	378	14	0.49707803368855275
ENSG00000136436	chr17:45176230-45176531	98	21882	TRUE	0.816	-0.13312942239246528	FALSE	378	14	0.2953946477494088
ENSG00000159111	chr17:45176230-45176531	339	80993	TRUE	5.082255926018662e-7	-0.5133458935697759	TRUE	378	15	2.8614435867787535
ENSG00000182742	chr17:45176230-45176531	259	63172	TRUE	7.792172286641072e-6	-0.6267330274777337	TRUE	378	15	1.603737616800525
ENSG00000260027	chr17:45176230-45176531	257	59677	TRUE	7.638205990275967e-5	-0.46076806227630024	TRUE	378	15	1.307457524714314
ENSG00000170689	chr17:45176230-45176531	338	83804	TRUE	0.0018864981456664653	-0.31560464559634704	TRUE	378	15	3.9586757919518316
ENSG00000159199	chr17:45176230-45176531	377	92540	TRUE	0.008297389651303416	-0.33040866082260667	TRUE	378	15	21.41769013615009
ENSG00000108468	chr17:45176230-45176531	189	44951	TRUE	0.00987306565593854	-0.4770964124035437	TRUE	378	15	0.7954936091752868
ENSG00000159210	chr17:45176230-45176531	141	32216	TRUE	0.068	-0.4614415686188227	TRUE	378	15	0.49707803368855275
ENSG00000159217	chr17:45176230-45176531	171	40568	TRUE	0.112	-0.3692472923743937	FALSE	378	15	0.6707709615925498
ENSG00000136436	chr17:45176230-45176531	98	21882	TRUE	0.176	-0.3082161289505567	FALSE	378	15	0.2953946477494088
ENSG00000173917	chr17:45176230-45176531	52	9758	TRUE	0.296	-0.4873290547918301	FALSE	378	15	0.12357677844099295
ENSG00000170689	chr17:45176230-45176531	338	83804	TRUE	8.510303090460483e-6	-0.39611401320819506	TRUE	378	16	3.9586757919518316
ENSG00000159199	chr17:45176230-45176531	377	92540	TRUE	2.3238940290591995e-5	-0.46070187537198315	TRUE	378	16	21.41769013615009
ENSG00000159217	chr17:45176230-45176531	171	40568	TRUE	1.2980906172468248e-4	-0.6859827180414336	TRUE	378	16	0.6707709615925498
ENSG00000182742	chr17:45176230-45176531	259	63172	TRUE	9.014539912481634e-4	-0.48890886920244564	TRUE	378	16	1.603737616800525
ENSG00000159111	chr17:45176230-45176531	339	80993	TRUE	0.008950101549754522	-0.30531916117681024	TRUE	378	16	2.8614435867787535
ENSG00000108468	chr17:45176230-45176531	189	44951	TRUE	0.028	-0.42669145896630045	TRUE	378	16	0.7954936091752868
ENSG00000159210	chr17:45176230-45176531	141	32216	TRUE	0.06	-0.4415420111811179	TRUE	378	16	0.49707803368855275
ENSG00000260027	chr17:45176230-45176531	257	59677	TRUE	0.096	-0.2489123803680695	FALSE	378	16	1.307457524714314
ENSG00000173917	chr17:45176230-45176531	52	9758	TRUE	0.12	-0.6166120717367964	FALSE	378	16	0.12357677844099295
ENSG00000136436	chr17:45176230-45176531	98	21882	TRUE	0.512	-0.20351875028386335	FALSE	378	16	0.2953946477494088
ENSG00000159111	chr17:45176230-45176531	339	80993	TRUE	1.33591274477287e-5	-0.4668033076327456	TRUE	378	17	2.8614435867787535
ENSG00000159199	chr17:45176230-45176531	377	92540	TRUE	4.81955279688839e-5	-0.43945142011789606	TRUE	378	17	21.41769013615009
ENSG00000182742	chr17:45176230-45176531	259	63172	TRUE	0.0043083334450794986	-0.43541132070982086	TRUE	378	17	1.603737616800525
ENSG00000108468	chr17:45176230-45176531	189	44951	TRUE	0.064	-0.36014026605769445	FALSE	378	17	0.7954936091752868
ENSG00000260027	chr17:45176230-45176531	257	59677	TRUE	0.104	-0.26233289613039096	FALSE	378	17	1.307457524714314
ENSG00000159217	chr17:45176230-45176531	171	40568	TRUE	0.168	-0.3485878218083005	FALSE	378	17	0.6707709615925498
ENSG00000170689	chr17:45176230-45176531	338	83804	TRUE	0.28	-0.14567964415403467	FALSE	378	17	3.9586757919518316
ENSG00000136436	chr17:45176230-45176531	98	21882	TRUE	0.348	-0.21801831997897825	FALSE	378	17	0.2953946477494088
ENSG00000159210	chr17:45176230-45176531	141	32216	TRUE	0.452	-0.3184836147767798	FALSE	378	17	0.49707803368855275
ENSG00000173917	chr17:45176230-45176531	52	9758	TRUE	0.988	-0.2242946489580362	FALSE	378	17	0.12357677844099295
ENSG00000159210	chr17:45176230-45176531	141	32216	TRUE	1.7558705774345373e-4	-0.7858765191167598	TRUE	378	18	0.49707803368855275
ENSG00000159111	chr17:45176230-45176531	339	80993	TRUE	0.0011966937990118137	-0.35336006071873594	TRUE	378	18	2.8614435867787535
ENSG00000182742	chr17:45176230-45176531	259	63172	TRUE	0.009128002564151388	-0.4231068108066995	TRUE	378	18	1.603737616800525
ENSG00000159199	chr17:45176230-45176531	377	92540	TRUE	0.028	-0.34300683270222887	TRUE	378	18	21.41769013615009
ENSG00000159217	chr17:45176230-45176531	171	40568	TRUE	0.044	-0.4403303904358761	TRUE	378	18	0.6707709615925498
ENSG00000136436	chr17:45176230-45176531	98	21882	TRUE	0.168	-0.3082161289505567	FALSE	378	18	0.2953946477494088
ENSG00000260027	chr17:45176230-45176531	257	59677	TRUE	0.252	-0.1932282477903909	FALSE	378	18	1.307457524714314
ENSG00000173917	chr17:45176230-45176531	52	9758	TRUE	0.5	-0.09305011567978339	FALSE	378	18	0.12357677844099295
ENSG00000108468	chr17:45176230-45176531	189	44951	TRUE	0.512	-0.2464834842621273	FALSE	378	18	0.7954936091752868
ENSG00000170689	chr17:45176230-45176531	338	83804	TRUE	0.832	-0.04881810490144578	FALSE	378	18	3.9586757919518316
ENSG00000170689	chr17:45176230-45176531	338	83804	TRUE	2.0832978850254466e-5	-0.39110465039444997	TRUE	378	19	3.9586757919518316
ENSG00000182742	chr17:45176230-45176531	259	63172	TRUE	7.972160384111387e-4	-0.5147875010280512	TRUE	378	19	1.603737616800525
ENSG00000159217	chr17:45176230-45176531	171	40568	TRUE	0.0016850094006506597	-0.5778339141858112	TRUE	378	19	0.6707709615925498
ENSG00000108468	chr17:45176230-45176531	189	44951	TRUE	0.006657816725807127	-0.5029750442291492	TRUE	378	19	0.7954936091752868
ENSG00000159199	chr17:45176230-45176531	377	92540	TRUE	0.010940532526304475	-0.33381425707122414	TRUE	378	19	21.41769013615009
ENSG00000260027	chr17:45176230-45176531	257	59677	TRUE	0.044	-0.2657076229110477	TRUE	378	19	1.307457524714314
ENSG00000159210	chr17:45176230-45176531	141	32216	TRUE	0.132	-0.4025478795652544	FALSE	378	19	0.49707803368855275
ENSG00000173917	chr17:45176230-45176531	52	9758	TRUE	0.192	-0.5291492304864569	FALSE	378	19	0.12357677844099295
ENSG00000136436	chr17:45176230-45176531	98	21882	TRUE	0.264	-0.26241243933743186	FALSE	378	19	0.2953946477494088
ENSG00000159111	chr17:45176230-45176531	339	80993	TRUE	0.856	-0.1249322209158732	FALSE	378	19	2.8614435867787535
ENSG00000159199	chr17:45176230-45176531	377	92540	TRUE	2.909354641510327e-5	-0.45860915917491507	TRUE	378	20	21.41769013615009
ENSG00000260027	chr17:45176230-45176531	257	59677	TRUE	3.6409445748911834e-4	-0.43394427420059006	TRUE	378	20	1.307457524714314
ENSG00000170689	chr17:45176230-45176531	338	83804	TRUE	0.003357498917070663	-0.2920691311355581	TRUE	378	20	3.9586757919518316
ENSG00000136436	chr17:45176230-45176531	98	21882	TRUE	0.0047613552667477715	-0.5805883993636867	TRUE	378	20	0.2953946477494088
ENSG00000182742	chr17:45176230-45176531	259	63172	TRUE	0.005439333649002037	-0.4385039157652025	TRUE	378	20	1.603737616800525
ENSG00000159210	chr17:45176230-45176531	141	32216	TRUE	0.0076538663089128905	-0.5979435685236847	TRUE	378	20	0.49707803368855275
ENSG00000159111	chr17:45176230-45176531	339	80993	TRUE	0.007808742429137067	-0.3084725942156843	TRUE	378	20	2.8614435867787535
ENSG00000108468	chr17:45176230-45176531	189	44951	TRUE	0.032	-0.45167381552363683	TRUE	378	20	0.7954936091752868
ENSG00000159217	chr17:45176230-45176531	171	40568	TRUE	0.864	-0.22419695957111052	FALSE	378	20	0.6707709615925498
ENSG00000173917	chr17:45176230-45176531	52	9758	TRUE	0.876	-0.2242946489580362	FALSE	378	20	0.12357677844099295
ENSG00000260027	chr17:45176230-45176531	257	59677	TRUE	9.566379324436186e-5	-0.4646410714235067	TRUE	378	21	1.307457524714314
ENSG00000170689	chr17:45176230-45176531	338	83804	TRUE	0.0032841616502324728	-0.26432414065265375	TRUE	378	21	3.9586757919518316
ENSG00000159217	chr17:45176230-45176531	171	40568	TRUE	0.006411813525922655	-0.5227925506278491	TRUE	378	21	0.6707709615925498
ENSG00000108468	chr17:45176230-45176531	189	44951	TRUE	0.028	-0.4205128840371761	TRUE	378	21	0.7954936091752868
ENSG00000159199	chr17:45176230-45176531	377	92540	TRUE	0.036	-0.3223524442152925	TRUE	378	21	21.41769013615009
ENSG00000182742	chr17:45176230-45176531	259	63172	TRUE	0.064	-0.35140534545251073	FALSE	378	21	1.603737616800525
ENSG00000173917	chr17:45176230-45176531	52	9758	TRUE	0.072	-0.7586310766092241	FALSE	378	21	0.12357677844099295
ENSG00000159111	chr17:45176230-45176531	339	80993	TRUE	0.096	-0.2512214184131907	FALSE	378	21	2.8614435867787535
ENSG00000159210	chr17:45176230-45176531	141	32216	TRUE	0.1	-0.4614415686188227	FALSE	378	21	0.49707803368855275
ENSG00000136436	chr17:45176230-45176531	98	21882	TRUE	0.268	-0.26241243933743186	FALSE	378	21	0.2953946477494088
ENSG00000260027	chr17:45176230-45176531	257	59677	TRUE	3.153861721431478e-4	-0.430152695038216	TRUE	378	22	1.307457524714314
ENSG00000170689	chr17:45176230-45176531	338	83804	TRUE	0.005230918725113651	-0.2885716868993309	TRUE	378	22	3.9586757919518316
ENSG00000159111	chr17:45176230-45176531	339	80993	TRUE	0.019966844830956662	-0.3006018979847196	TRUE	378	22	2.8614435867787535
ENSG00000182742	chr17:45176230-45176531	259	63172	TRUE	0.032	-0.3689994054672489	TRUE	378	22	1.603737616800525
ENSG00000136436	chr17:45176230-45176531	98	21882	TRUE	0.108	-0.38794332142129084	FALSE	378	22	0.2953946477494088
ENSG00000159199	chr17:45176230-45176531	377	92540	TRUE	0.192	-0.24277074888085792	FALSE	378	22	21.41769013615009
ENSG00000159210	chr17:45176230-45176531	141	32216	TRUE	0.252	-0.3929618307360563	FALSE	378	22	0.49707803368855275
ENSG00000173917	chr17:45176230-45176531	52	9758	TRUE	0.576	-0.12475897540712166	FALSE	378	22	0.12357677844099295
ENSG00000108468	chr17:45176230-45176531	189	44951	TRUE	0.668	-0.21406200656974977	FALSE	378	22	0.7954936091752868
ENSG00000159217	chr17:45176230-45176531	171	40568	TRUE	0.912	-0.17486924720754227	FALSE	378	22	0.6707709615925498
ENSG00000159111	chr17:45176230-45176531	339	80993	TRUE	1.1197657145453187e-6	-0.5097118991020364	TRUE	378	23	2.8614435867787535
ENSG00000260027	chr17:45176230-45176531	257	59677	TRUE	1.5484270429022562e-5	-0.48810004424749553	TRUE	378	23	1.307457524714314
ENSG00000170689	chr17:45176230-45176531	338	83804	TRUE	2.476009222819875e-4	-0.34436363857777086	TRUE	378	23	3.9586757919518316
ENSG00000159199	chr17:45176230-45176531	377	92540	TRUE	4.3380057033680364e-4	-0.383238331450805	TRUE	378	23	21.41769013615009
ENSG00000159217	chr17:45176230-45176531	171	40568	TRUE	0.0011108736903118546	-0.6102553918781887	TRUE	378	23	0.6707709615925498
ENSG00000159210	chr17:45176230-45176531	141	32216	TRUE	0.004826697867475915	-0.6201393146378809	TRUE	378	23	0.49707803368855275
ENSG00000108468	chr17:45176230-45176531	189	44951	TRUE	0.01312462175409887	-0.46432911632966567	TRUE	378	23	0.7954936091752868
ENSG00000182742	chr17:45176230-45176531	259	63172	TRUE	0.06	-0.33690577575739555	TRUE	378	23	1.603737616800525
ENSG00000136436	chr17:45176230-45176531	98	21882	TRUE	0.272	-0.26241243933743186	FALSE	378	23	0.2953946477494088
ENSG00000173917	chr17:45176230-45176531	52	9758	TRUE	0.84	-0.15718045309949913	FALSE	378	23	0.12357677844099295
ENSG00000159217	chr17:45176230-45176531	171	40568	TRUE	0.0032071780805108807	-0.5698411234322803	TRUE	378	24	0.6707709615925498
ENSG00000170689	chr17:45176230-45176531	338	83804	TRUE	0.0032792965123673024	-0.30026295866727093	TRUE	378	24	3.9586757919518316
ENSG00000159199	chr17:45176230-45176531	377	92540	TRUE	0.003298402259926378	-0.3648318874525689	TRUE	378	24	21.41769013615009
ENSG00000159111	chr17:45176230-45176531	339	80993	TRUE	0.0095329248720592	-0.3084725942156843	TRUE	378	24	2.8614435867787535
ENSG00000260027	chr17:45176230-45176531	257	59677	TRUE	0.011341022028193537	-0.32784284958978904	TRUE	378	24	1.307457524714314
ENSG00000182742	chr17:45176230-45176531	259	63172	TRUE	0.1	-0.3225504827803255	FALSE	378	24	1.603737616800525
ENSG00000108468	chr17:45176230-45176531	189	44951	TRUE	0.164	-0.3250933189584936	FALSE	378	24	0.7954936091752868
ENSG00000136436	chr17:45176230-45176531	98	21882	TRUE	0.372	-0.2326650959433798	FALSE	378	24	0.2953946477494088
ENSG00000159210	chr17:45176230-45176531	141	32216	TRUE	0.62	-0.28263841583005744	FALSE	378	24	0.49707803368855275
ENSG00000173917	chr17:45176230-45176531	52	9758	TRUE	0.672	-0.3686845582932108	FALSE	378	24	0.12357677844099295
ENSG00000170689	chr17:45176230-45176531	338	83804	TRUE	4.4246582371774756e-11	-0.6195522446961939	TRUE	378	25	3.9586757919518316
ENSG00000182742	chr17:45176230-45176531	259	63172	TRUE	3.189816025347351e-8	-0.7252612323837339	TRUE	378	25	1.603737616800525
ENSG00000159199	chr17:45176230-45176531	377	92540	TRUE	2.939570646211904e-7	-0.5225071598454551	TRUE	378	25	21.41769013615009
ENSG00000159217	chr17:45176230-45176531	171	40568	TRUE	5.156466173181287e-4	-0.651834495629588	TRUE	378	25	0.6707709615925498
ENSG00000173917	chr17:45176230-45176531	52	9758	TRUE	8.776331773617391e-4	-1.2242946489580357	TRUE	378	25	0.12357677844099295
ENSG00000108468	chr17:45176230-45176531	189	44951	TRUE	0.0013912822510983719	-0.5359901014571122	TRUE	378	25	0.7954936091752868
ENSG00000159111	chr17:45176230-45176531	339	80993	TRUE	0.006928286708574455	-0.32913965346021556	TRUE	378	25	2.8614435867787535
ENSG00000136436	chr17:45176230-45176531	98	21882	TRUE	0.024	-0.42111018535649025	TRUE	378	25	0.2953946477494088
ENSG00000159210	chr17:45176230-45176531	141	32216	TRUE	0.024	-0.5124254973376277	TRUE	378	25	0.49707803368855275
ENSG00000260027	chr17:45176230-45176531	257	59677	TRUE	0.204	-0.22244016900687844	FALSE	378	25	1.307457524714314
ENSG00000170689	chr17:45176230-45176531	338	83804	TRUE	2.3294308275416354e-7	-0.46418434863673963	TRUE	378	26	3.9586757919518316
ENSG00000159199	chr17:45176230-45176531	377	92540	TRUE	1.5066542729110454e-6	-0.5012906739357592	TRUE	378	26	21.41769013615009
ENSG00000136436	chr17:45176230-45176531	98	21882	TRUE	0.0012313515831089694	-0.637921574429638	TRUE	378	26	0.2953946477494088
ENSG00000159111	chr17:45176230-45176531	339	80993	TRUE	0.004312809384960266	-0.33395131453260696	TRUE	378	26	2.8614435867787535
ENSG00000260027	chr17:45176230-45176531	257	59677	TRUE	0.024	-0.31031292503221264	TRUE	378	26	1.307457524714314
ENSG00000108468	chr17:45176230-45176531	189	44951	TRUE	0.048	-0.3779882673906191	TRUE	378	26	0.7954936091752868
ENSG00000159217	chr17:45176230-45176531	171	40568	TRUE	0.076	-0.4186353193365572	FALSE	378	26	0.6707709615925498
ENSG00000182742	chr17:45176230-45176531	259	63172	TRUE	0.092	-0.3225504827803255	FALSE	378	26	1.603737616800525
ENSG00000173917	chr17:45176230-45176531	52	9758	TRUE	0.272	-0.4873290547918301	FALSE	378	26	0.12357677844099295
ENSG00000159210	chr17:45176230-45176531	141	32216	TRUE	0.976	-0.2304871337789507	FALSE	378	26	0.49707803368855275
ENSG00000159199	chr17:45176230-45176531	377	92540	TRUE	2.522593281855008e-5	-0.4262134989866926	TRUE	378	27	21.41769013615009
ENSG00000159111	chr17:45176230-45176531	339	80993	TRUE	0.024	-0.2927739078576963	TRUE	378	27	2.8614435867787535
ENSG00000170689	chr17:45176230-45176531	338	83804	TRUE	0.024	-0.240477398698286	TRUE	378	27	3.9586757919518316
ENSG00000260027	chr17:45176230-45176531	257	59677	TRUE	0.024	-0.2964407504506552	TRUE	378	27	1.307457524714314
ENSG00000159210	chr17:45176230-45176531	141	32216	TRUE	0.036	-0.48161945055645305	TRUE	378	27	0.49707803368855275
ENSG00000136436	chr17:45176230-45176531	98	21882	TRUE	0.04	-0.42111018535649025	TRUE	378	27	0.2953946477494088
ENSG00000159217	chr17:45176230-45176531	171	40568	TRUE	0.24	-0.32149416092602534	FALSE	378	27	0.6707709615925498
ENSG00000182742	chr17:45176230-45176531	259	63172	TRUE	0.3	-0.2637710711271802	FALSE	378	27	1.603737616800525
ENSG00000173917	chr17:45176230-45176531	52	9758	TRUE	0.368	-0.44668707029448385	FALSE	378	27	0.12357677844099295
ENSG00000108468	chr17:45176230-45176531	189	44951	TRUE	0.48	-0.2247884131628084	FALSE	378	27	0.7954936091752868
ENSG00000159111	chr17:45176230-45176531	339	80993	TRUE	3.2318046477961167e-7	-0.5078983287301051	TRUE	378	28	2.8614435867787535
ENSG00000173917	chr17:45176230-45176531	52	9758	TRUE	0.0021362375399269773	-1.1571804530994991	TRUE	378	28	0.12357677844099295
ENSG00000108468	chr17:45176230-45176531	189	44951	TRUE	0.00608110015741347	-0.4899777037002758	TRUE	378	28	0.7954936091752868
ENSG00000159217	chr17:45176230-45176531	171	40568	TRUE	0.011857032584173685	-0.5074445862944131	TRUE	378	28	0.6707709615925498
ENSG00000170689	chr17:45176230-45176531	338	83804	TRUE	0.024	-0.24273161015829547	TRUE	378	28	3.9586757919518316
ENSG00000260027	chr17:45176230-45176531	257	59677	TRUE	0.024	-0.26909026230569977	TRUE	378	28	1.307457524714314
ENSG00000182742	chr17:45176230-45176531	259	63172	TRUE	0.028	-0.36311084610478966	TRUE	378	28	1.603737616800525
ENSG00000159199	chr17:45176230-45176531	377	92540	TRUE	0.144	-0.2554304564920926	FALSE	378	28	21.41769013615009
ENSG00000159210	chr17:45176230-45176531	141	32216	TRUE	0.404	-0.3184836147767798	FALSE	378	28	0.49707803368855275
ENSG00000136436	chr17:45176230-45176531	98	21882	TRUE	0.736	-0.11945448549538895	FALSE	378	28	0.2953946477494088
ENSG00000159111	chr17:45176230-45176531	339	80993	TRUE	1.6012292130555134e-5	-0.45977432885212854	TRUE	378	29	2.8614435867787535
ENSG00000182742	chr17:45176230-45176531	259	63172	TRUE	2.913185142753034e-4	-0.5378184696833921	TRUE	378	29	1.603737616800525
ENSG00000159210	chr17:45176230-45176531	141	32216	TRUE	0.0027057968092645893	-0.6540866465612187	TRUE	378	29	0.49707803368855275
ENSG00000170689	chr17:45176230-45176531	338	83804	TRUE	0.005200290051759204	-0.28044380601593066	TRUE	378	29	3.9586757919518316
ENSG00000159199	chr17:45176230-45176531	377	92540	TRUE	0.056	-0.3078380755555097	FALSE	378	29	21.41769013615009
ENSG00000173917	chr17:45176230-45176531	52	9758	TRUE	0.06	-0.7097214761282777	FALSE	378	29	0.12357677844099295
ENSG00000260027	chr17:45176230-45176531	257	59677	TRUE	0.152	-0.22244016900687844	FALSE	378	29	1.307457524714314
ENSG00000159217	chr17:45176230-45176531	171	40568	TRUE	0.236	-0.362327878434603	FALSE	378	29	0.6707709615925498
ENSG00000136436	chr17:45176230-45176531	98	21882	TRUE	0.64	-0.1608744128753694	FALSE	378	29	0.2953946477494088
ENSG00000108468	chr17:45176230-45176531	189	44951	TRUE	0.844	-0.19812046270072825	FALSE	378	29	0.7954936091752868
ENSG00000182742	chr17:45176230-45176531	259	63172	TRUE	1.2813389033769149e-5	-0.6022503422783906	TRUE	378	30	1.603737616800525
ENSG00000136436	chr17:45176230-45176531	98	21882	TRUE	0.0014540726298803153	-0.6774499386162756	TRUE	378	30	0.2953946477494088
ENSG00000170689	chr17:45176230-45176531	338	83804	TRUE	0.0032379734929098222	-0.2920691311355581	TRUE	378	30	3.9586757919518316
ENSG00000159199	chr17:45176230-45176531	377	92540	TRUE	0.011698989486580769	-0.3291336319805449	TRUE	378	30	21.41769013615009
ENSG00000108468	chr17:45176230-45176531	189	44951	TRUE	0.024	-0.439128562204523	TRUE	378	30	0.7954936091752868
ENSG00000159217	chr17:45176230-45176531	171	40568	TRUE	0.12	-0.38318648333226735	FALSE	378	30	0.6707709615925498
ENSG00000260027	chr17:45176230-45176531	257	59677	TRUE	0.38	-0.1740771474454793	FALSE	378	30	1.307457524714314
ENSG00000159111	chr17:45176230-45176531	339	80993	TRUE	0.428	-0.17729669043776042	FALSE	378	30	2.8614435867787535
ENSG00000173917	chr17:45176230-45176531	52	9758	TRUE	0.572	-0.33120985287454774	FALSE	378	30	0.12357677844099295
ENSG00000159210	chr17:45176230-45176531	141	32216	TRUE	0.768	-0.2563271387142103	FALSE	378	30	0.49707803368855275
ENSG00000159111	chr17:45176230-45176531	339	80993	TRUE	1.3864653436676012e-6	-0.48274485150176716	TRUE	378	31	2.8614435867787535
ENSG00000159199	chr17:45176230-45176531	377	92540	TRUE	1.4583873882659248e-5	-0.42575917839062516	TRUE	378	31	21.41769013615009
ENSG00000182742	chr17:45176230-45176531	259	63172	TRUE	0.00508017332655232	-0.4385039157652025	TRUE	378	31	1.603737616800525
ENSG00000159217	chr17:45176230-45176531	171	40568	TRUE	0.012212092979649224	-0.5227925506278491	TRUE	378	31	0.6707709615925498
ENSG00000108468	chr17:45176230-45176531	189	44951	TRUE	0.08	-0.36606510001479964	FALSE	378	31	0.7954936091752868
ENSG00000170689	chr17:45176230-45176531	338	83804	TRUE	0.24	-0.13203455478188153	FALSE	378	31	3.9586757919518316
ENSG00000260027	chr17:45176230-45176531	257	59677	TRUE	0.332	-0.18043264248530289	FALSE	378	31	1.307457524714314
ENSG00000136436	chr17:45176230-45176531	98	21882	TRUE	0.464	-0.17494959808709254	FALSE	378	31	0.2953946477494088
ENSG00000173917	chr17:45176230-45176531	52	9758	TRUE	0.544	-0.031649571015640365	FALSE	378	31	0.12357677844099295
ENSG00000159210	chr17:45176230-45176531	141	32216	TRUE	0.724	-0.17193495142383797	FALSE	378	31	0.49707803368855275
ENSG00000159111	chr17:45176230-45176531	339	80993	TRUE	3.5123312910537077e-5	-0.42513412833167186	TRUE	378	32	2.8614435867787535
ENSG00000159217	chr17:45176230-45176531	171	40568	TRUE	0.0010237078984862008	-0.6020814604324883	TRUE	378	32	0.6707709615925498
ENSG00000159199	chr17:45176230-45176531	377	92540	TRUE	0.0012731123053134827	-0.41309594312487263	TRUE	378	32	21.41769013615009
ENSG00000182742	chr17:45176230-45176531	259	63172	TRUE	0.0014918511533773757	-0.472967325333424	TRUE	378	32	1.603737616800525
ENSG00000108468	chr17:45176230-45176531	189	44951	TRUE	0.12	-0.3483630982813408	FALSE	378	32	0.7954936091752868
ENSG00000173917	chr17:45176230-45176531	52	9758	TRUE	0.26	-0.4873290547918301	FALSE	378	32	0.12357677844099295
ENSG00000170689	chr17:45176230-45176531	338	83804	TRUE	0.268	-0.13099025865167402	FALSE	378	32	3.9586757919518316
ENSG00000159210	chr17:45176230-45176531	141	32216	TRUE	0.36	-0.336745821169508	FALSE	378	32	0.49707803368855275
ENSG00000136436	chr17:45176230-45176531	98	21882	TRUE	0.524	-0.0018848891142126956	FALSE	378	32	0.2953946477494088
ENSG00000260027	chr17:45176230-45176531	257	59677	TRUE	0.692	-0.061285377192298096	FALSE	378	32	1.307457524714314
ENSG00000260027	chr17:45176230-45176531	257	59677	TRUE	4.1262411625518636e-8	-0.6244215154602759	TRUE	378	33	1.307457524714314
ENSG00000159111	chr17:45176230-45176531	339	80993	TRUE	1.1571077999013865e-6	-0.48988692074578677	TRUE	378	33	2.8614435867787535
ENSG00000170689	chr17:45176230-45176531	338	83804	TRUE	1.626268499826857e-5	-0.38735900993244265	TRUE	378	33	3.9586757919518316
ENSG00000159217	chr17:45176230-45176531	171	40568	TRUE	1.71151153046719e-4	-0.6859827180414336	TRUE	378	33	0.6707709615925498
ENSG00000159199	chr17:45176230-45176531	377	92540	TRUE	0.0017563978127171503	-0.37159743139467594	TRUE	378	33	21.41769013615009
ENSG00000182742	chr17:45176230-45176531	259	63172	TRUE	0.024	-0.35140534545251073	TRUE	378	33	1.603737616800525
ENSG00000136436	chr17:45176230-45176531	98	21882	TRUE	0.028	-0.48982293544050437	TRUE	378	33	0.2953946477494088
ENSG00000159210	chr17:45176230-45176531	141	32216	TRUE	0.116	-0.4025478795652544	FALSE	378	33	0.49707803368855275
ENSG00000108468	chr17:45176230-45176531	189	44951	TRUE	0.448	-0.2852530544267027	FALSE	378	33	0.7954936091752868
ENSG00000173917	chr17:45176230-45176531	52	9758	TRUE	0.856	-0.2242946489580362	FALSE	378	33	0.12357677844099295
ENSG00000159111	chr17:45176230-45176531	339	80993	TRUE	1.245639701292025e-6	-0.5024712563457772	TRUE	378	34	2.8614435867787535
ENSG00000159199	chr17:45176230-45176531	377	92540	TRUE	9.796441918669893e-4	-0.38655005156955013	TRUE	378	34	21.41769013615009
ENSG00000260027	chr17:45176230-45176531	257	59677	TRUE	0.002075904349164326	-0.37444326245192827	TRUE	378	34	1.307457524714314
ENSG00000182742	chr17:45176230-45176531	259	63172	TRUE	0.005879278895430551	-0.4139468115212236	TRUE	378	34	1.603737616800525
ENSG00000108468	chr17:45176230-45176531	189	44951	TRUE	0.008349111153340735	-0.4770964124035437	TRUE	378	34	0.7954936091752868
ENSG00000170689	chr17:45176230-45176531	338	83804	TRUE	0.028	-0.25405580519882665	TRUE	378	34	3.9586757919518316
ENSG00000159217	chr17:45176230-45176531	171	40568	TRUE	0.032	-0.462356696765875	TRUE	378	34	0.6707709615925498
ENSG00000173917	chr17:45176230-45176531	52	9758	TRUE	0.036	-0.7097214761282777	TRUE	378	34	0.12357677844099295
ENSG00000159210	chr17:45176230-45176531	141	32216	TRUE	0.092	-0.45145748004620057	FALSE	378	34	0.49707803368855275
ENSG00000136436	chr17:45176230-45176531	98	21882	TRUE	0.136	-0.3716415090921905	FALSE	378	34	0.2953946477494088
ENSG00000170689	chr17:45176230-45176531	338	83804	TRUE	8.579243033642568e-7	-0.4537015047611386	TRUE	378	35	3.9586757919518316
ENSG00000159111	chr17:45176230-45176531	339	80993	TRUE	1.3736395513746537e-4	-0.3996891117742085	TRUE	378	35	2.8614435867787535
ENSG00000159199	chr17:45176230-45176531	377	92540	TRUE	0.0029032924918529074	-0.35247421668442147	TRUE	378	35	21.41769013615009
ENSG00000260027	chr17:45176230-45176531	257	59677	TRUE	0.011897819062039558	-0.31031292503221264	TRUE	378	35	1.307457524714314
ENSG00000108468	chr17:45176230-45176531	189	44951	TRUE	0.028	-0.42669145896630045	TRUE	378	35	0.7954936091752868
ENSG00000182742	chr17:45176230-45176531	259	63172	TRUE	0.152	-0.30833662356062463	FALSE	378	35	1.603737616800525
ENSG00000159210	chr17:45176230-45176531	141	32216	TRUE	0.204	-0.336745821169508	FALSE	378	35	0.49707803368855275
ENSG00000159217	chr17:45176230-45176531	171	40568	TRUE	0.348	-0.2948999509143122	FALSE	378	35	0.6707709615925498
ENSG00000136436	chr17:45176230-45176531	98	21882	TRUE	0.352	-0.21801831997897825	FALSE	378	35	0.2953946477494088
ENSG00000173917	chr17:45176230-45176531	52	9758	TRUE	0.364	-0.44668707029448385	FALSE	378	35	0.12357677844099295
ENSG00000182742	chr17:45176230-45176531	259	63172	TRUE	2.3494181214682788e-05	-0.5411388279750033	TRUE	378	36	1.603737616800525
ENSG00000159199	chr17:45176230-45176531	377	92540	TRUE	1.7008203320585669e-4	-0.40456590247403756	TRUE	378	36	21.41769013615009
ENSG00000260027	chr17:45176230-45176531	257	59677	TRUE	0.036	-0.25560703294207754	FALSE	378	36	1.307457524714314
ENSG00000173917	chr17:45176230-45176531	52	9758	TRUE	0.05689519538550519	-0.7097214761282777	FALSE	378	36	0.12357677844099295
ENSG00000108468	chr17:45176230-45176531	189	44951	TRUE	0.264	-0.038212171170332154	FALSE	378	36	0.7954936091752868
ENSG00000136436	chr17:45176230-45176531	98	21882	TRUE	0.328	-0.2326650959433798	FALSE	378	36	0.2953946477494088
ENSG00000159217	chr17:45176230-45176531	171	40568	TRUE	0.348	-0.30813577807100645	FALSE	378	36	0.6707709615925498
ENSG00000159210	chr17:45176230-45176531	141	32216	TRUE	0.396	-0.3275858218840322	FALSE	378	36	0.49707803368855275
ENSG00000159111	chr17:45176230-45176531	339	80993	TRUE	0.672	-0.14734346833613277	FALSE	378	36	2.8614435867787535
ENSG00000170689	chr17:45176230-45176531	338	83804	TRUE	0.98	-0.021467616756490004	FALSE	378	36	3.9586757919518316
ENSG00000170689	chr17:45176230-45176531	338	83804	TRUE	1.1332261741896568e-5	-0.41887391620805015	TRUE	378	37	3.9586757919518316
ENSG00000159111	chr17:45176230-45176531	339	80993	TRUE	6.353552686583219e-5	-0.4183047899415553	TRUE	378	37	2.8614435867787535
ENSG00000159199	chr17:45176230-45176531	377	92540	TRUE	0.0046941222135643	-0.3799341960095557	TRUE	378	37	21.41769013615009
ENSG00000136436	chr17:45176230-45176531	98	21882	TRUE	0.024954687692790772	-0.4550575172798279	TRUE	378	37	0.2953946477494088
ENSG00000159217	chr17:45176230-45176531	171	40568	TRUE	0.064	-0.411475527763691	FALSE	378	37	0.6707709615925498
ENSG00000108468	chr17:45176230-45176531	189	44951	TRUE	0.448	-0.2629716070506962	FALSE	378	37	0.7954936091752868
ENSG00000182742	chr17:45176230-45176531	259	63172	TRUE	0.448	-0.24199412873192871	FALSE	378	37	1.603737616800525
ENSG00000159210	chr17:45176230-45176531	141	32216	TRUE	0.468	-0.13152068297792963	FALSE	378	37	0.49707803368855275
ENSG00000173917	chr17:45176230-45176531	52	9758	TRUE	0.688	-0.15718045309949913	FALSE	378	37	0.12357677844099295
ENSG00000260027	chr17:45176230-45176531	257	59677	TRUE	0.876	-0.1334351629481334	FALSE	378	37	1.307457524714314
ENSG00000170689	chr17:45176230-45176531	338	83804	TRUE	1.4474186212114735e-5	-0.39611401320819506	TRUE	378	38	3.9586757919518316
ENSG00000159111	chr17:45176230-45176531	339	80993	TRUE	4.325550154002291e-5	-0.43027743160763143	TRUE	378	38	2.8614435867787535
ENSG00000182742	chr17:45176230-45176531	259	63172	TRUE	1.0802082011093523e-4	-0.5679804401936445	TRUE	378	38	1.603737616800525
ENSG00000260027	chr17:45176230-45176531	257	59677	TRUE	1.2440951223101696e-4	-0.46852450591073463	TRUE	378	38	1.307457524714314
ENSG00000159199	chr17:45176230-45176531	377	92540	TRUE	4.1331637657478215e-4	-0.4103967935239172	TRUE	378	38	21.41769013615009
ENSG00000108468	chr17:45176230-45176531	189	44951	TRUE	6.506913563558425e-4	-0.5426847540311203	TRUE	378	38	0.7954936091752868
ENSG00000159210	chr17:45176230-45176531	141	32216	TRUE	0.014821134991781615	-0.5545509730103042	TRUE	378	38	0.49707803368855275
ENSG00000173917	chr17:45176230-45176531	52	9758	TRUE	0.024	-0.8617245695733278	TRUE	378	38	0.12357677844099295
ENSG00000136436	chr17:45176230-45176531	98	21882	TRUE	0.204	-0.29278608838095055	FALSE	378	38	0.2953946477494088
ENSG00000159217	chr17:45176230-45176531	171	40568	TRUE	0.212	-0.3485878218083005	FALSE	378	38	0.6707709615925498
ENSG00000182742	chr17:45176230-45176531	259	63172	TRUE	0.007345154928007511	-0.4200470110576415	TRUE	378	39	1.603737616800525
ENSG00000108468	chr17:45176230-45176531	189	44951	TRUE	0.010823429805031065	-0.45167381552363683	TRUE	378	39	0.7954936091752868
ENSG00000159199	chr17:45176230-45176531	377	92540	TRUE	0.01153739001805923	-0.34429418707755577	TRUE	378	39	21.41769013615009
ENSG00000260027	chr17:45176230-45176531	257	59677	TRUE	0.032	-0.31031292503221264	TRUE	378	39	1.307457524714314
ENSG00000159111	chr17:45176230-45176531	339	80993	TRUE	0.076	-0.23313096143029477	FALSE	378	39	2.8614435867787535
ENSG00000159217	chr17:45176230-45176531	171	40568	TRUE	0.096	-0.3902069110100398	FALSE	378	39	0.6707709615925498
ENSG00000136436	chr17:45176230-45176531	98	21882	TRUE	0.196	-0.29278608838095055	FALSE	378	39	0.2953946477494088
ENSG00000159210	chr17:45176230-45176531	141	32216	TRUE	0.26	-0.06912414584006243	FALSE	378	39	0.49707803368855275
ENSG00000173917	chr17:45176230-45176531	52	9758	TRUE	0.656	-0.09305011567978339	FALSE	378	39	0.12357677844099295
ENSG00000170689	chr17:45176230-45176531	338	83804	TRUE	0.66	-0.09084131979715226	FALSE	378	39	3.9586757919518316
ENSG00000260027	chr17:45176230-45176531	257	59677	TRUE	5.922529886966989e-6	-0.5361943324485405	TRUE	378	40	1.307457524714314
ENSG00000159111	chr17:45176230-45176531	339	80993	TRUE	4.971820764044857e-4	-0.38963544711028564	TRUE	378	40	2.8614435867787535
ENSG00000170689	chr17:45176230-45176531	338	83804	TRUE	0.006946654260146803	-0.2563313498991231	TRUE	378	40	3.9586757919518316
ENSG00000159217	chr17:45176230-45176531	171	40568	TRUE	0.036	-0.44763519105910954	TRUE	378	40	0.6707709615925498
ENSG00000159210	chr17:45176230-45176531	141	32216	TRUE	0.056	-0.4918152176623416	FALSE	378	40	0.49707803368855275
ENSG00000159199	chr17:45176230-45176531	377	92540	TRUE	0.064	-0.2643385091834771	FALSE	378	40	21.41769013615009
ENSG00000173917	chr17:45176230-45176531	52	9758	TRUE	0.144	-0.572217952378343	FALSE	378	40	0.12357677844099295
ENSG00000182742	chr17:45176230-45176531	259	63172	TRUE	0.144	-0.3282754706139555	FALSE	378	40	1.603737616800525
ENSG00000136436	chr17:45176230-45176531	98	21882	TRUE	0.236	-0.29278608838095055	FALSE	378	40	0.2953946477494088
ENSG00000108468	chr17:45176230-45176531	189	44951	TRUE	0.508	-0.2574546020831303	FALSE	378	40	0.7954936091752868
ENSG00000108468	chr17:45176230-45176531	189	44951	TRUE	0.003864607977975318	-0.4899777037002758	TRUE	378	41	0.7954936091752868
ENSG00000159217	chr17:45176230-45176531	171	40568	TRUE	0.012831811312023184	-0.49225818247973696	TRUE	378	41	0.6707709615925498
ENSG00000182742	chr17:45176230-45176531	259	63172	TRUE	0.01942643616720259	-0.41090635720117263	TRUE	378	41	1.603737616800525
ENSG00000159111	chr17:45176230-45176531	339	80993	TRUE	0.032	-0.27415822969034953	TRUE	378	41	2.8614435867787535
ENSG00000260027	chr17:45176230-45176531	257	59677	TRUE	0.044	-0.2792860294115882	TRUE	378	41	1.307457524714314
ENSG00000170689	chr17:45176230-45176531	338	83804	TRUE	0.14	-0.166927377858074	FALSE	378	41	3.9586757919518316
ENSG00000159199	chr17:45176230-45176531	377	92540	TRUE	0.156	-0.0798651991720094	FALSE	378	41	21.41769013615009
ENSG00000173917	chr17:45176230-45176531	52	9758	TRUE	0.308	-0.44668707029448385	FALSE	378	41	0.12357677844099295
ENSG00000136436	chr17:45176230-45176531	98	21882	TRUE	0.352	-0.2326650959433798	FALSE	378	41	0.2953946477494088
ENSG00000159210	chr17:45176230-45176531	141	32216	TRUE	0.428	-0.3275858218840322	FALSE	378	41	0.49707803368855275
ENSG00000159199	chr17:45176230-45176531	377	92540	TRUE	2.0556051645454973e-5	-0.44220553175459365	TRUE	378	42	21.41769013615009
ENSG00000170689	chr17:45176230-45176531	338	83804	TRUE	7.368672493797239e-5	-0.3811378056354038	TRUE	378	42	3.9586757919518316
ENSG00000182742	chr17:45176230-45176531	259	63172	TRUE	3.421439810115841e-4	-0.5213303468948232	TRUE	378	42	1.603737616800525
ENSG00000159217	chr17:45176230-45176531	171	40568	TRUE	0.0024050840580365773	-0.5858712332512294	TRUE	378	42	0.6707709615925498
ENSG00000108468	chr17:45176230-45176531	189	44951	TRUE	0.012881230640550356	-0.45167381552363683	TRUE	378	42	0.7954936091752868
ENSG00000159210	chr17:45176230-45176531	141	32216	TRUE	0.014086509720793505	-0.5545509730103042	TRUE	378	42	0.49707803368855275
ENSG00000159111	chr17:45176230-45176531	339	80993	TRUE	0.018656133052595586	-0.29903289832937885	TRUE	378	42	2.8614435867787535
ENSG00000136436	chr17:45176230-45176531	98	21882	TRUE	0.028	-0.43798400392088643	TRUE	378	42	0.2953946477494088
ENSG00000260027	chr17:45176230-45176531	257	59677	TRUE	0.056	-0.2792860294115882	TRUE	378	42	1.307457524714314
ENSG00000173917	chr17:45176230-45176531	52	9758	TRUE	0.52	-0.3686845582932108	FALSE	378	42	0.12357677844099295
ENSG00000159199	chr17:45176230-45176531	377	92540	TRUE	6.547833539735821e-5	-0.43647372031800113	TRUE	378	43	21.41769013615009
ENSG00000108468	chr17:45176230-45176531	189	44951	TRUE	4.3826545975544223e-4	-0.5697784149133954	TRUE	378	43	0.7954936091752868
ENSG00000182742	chr17:45176230-45176531	259	63172	TRUE	0.0017612612775144212	-0.4761415731285676	TRUE	378	43	1.603737616800525
ENSG00000260027	chr17:45176230-45176531	257	59677	TRUE	0.0031796255984003832	-0.3563414560766176	TRUE	378	43	1.307457524714314
ENSG00000159111	chr17:45176230-45176531	339	80993	TRUE	0.010371946710340613	-0.29590000884441614	TRUE	378	43	2.8614435867787535
ENSG00000136436	chr17:45176230-45176531	98	21882	TRUE	0.188	0.09513956528065193	FALSE	378	43	0.2953946477494088
ENSG00000159217	chr17:45176230-45176531	171	40568	TRUE	0.212	-0.3554414928493631	FALSE	378	43	0.6707709615925498
ENSG00000173917	chr17:45176230-45176531	52	9758	TRUE	0.384	-0.4071587061078463	FALSE	378	43	0.12357677844099295
ENSG00000170689	chr17:45176230-45176531	338	83804	TRUE	0.444	-0.10820493873537185	FALSE	378	43	3.9586757919518316
ENSG00000159210	chr17:45176230-45176531	141	32216	TRUE	0.836	-0.2304871337789507	FALSE	378	43	0.49707803368855275
ENSG00000159111	chr17:45176230-45176531	339	80993	TRUE	1.1740149709832015e-9	-0.6288231109897117	TRUE	378	44	2.8614435867787535
ENSG00000260027	chr17:45176230-45176531	257	59677	TRUE	1.4098833924548488e-6	-0.5608563866828098	TRUE	378	44	1.307457524714314
ENSG00000159199	chr17:45176230-45176531	377	92540	TRUE	1.575788314957336e-6	-0.4658302199059454	TRUE	378	44	21.41769013615009
ENSG00000170689	chr17:45176230-45176531	338	83804	TRUE	1.9346185092519383e-6	-0.4214251017373827	TRUE	378	44	3.9586757919518316
ENSG00000108468	chr17:45176230-45176531	189	44951	TRUE	6.375893607842575e-4	-0.5697784149133954	TRUE	378	44	0.7954936091752868
ENSG00000182742	chr17:45176230-45176531	259	63172	TRUE	0.004143659050065973	-0.43541132070982086	TRUE	378	44	1.603737616800525
ENSG00000136436	chr17:45176230-45176531	98	21882	TRUE	0.028	-0.43798400392088643	TRUE	378	44	0.2953946477494088
ENSG00000159217	chr17:45176230-45176531	171	40568	TRUE	0.112	-0.39726166854399025	FALSE	378	44	0.6707709615925498
ENSG00000159210	chr17:45176230-45176531	141	32216	TRUE	0.12	-0.4219132044321854	FALSE	378	44	0.49707803368855275
ENSG00000173917	chr17:45176230-45176531	52	9758	TRUE	0.28	-0.5291492304864569	FALSE	378	44	0.12357677844099295
ENSG00000159199	chr17:45176230-45176531	377	92540	TRUE	1.0999805175397094e-5	-0.4763771398928922	TRUE	378	45	21.41769013615009
ENSG00000170689	chr17:45176230-45176531	338	83804	TRUE	1.3785119800043683e-5	-0.37370760015991533	TRUE	378	45	3.9586757919518316
ENSG00000159111	chr17:45176230-45176531	339	80993	TRUE	5.503471327297088e-4	-0.3713837425540629	TRUE	378	45	2.8614435867787535
ENSG00000260027	chr17:45176230-45176531	257	59677	TRUE	0.0011425919771641188	-0.38909003841632983	TRUE	378	45	1.307457524714314
ENSG00000182742	chr17:45176230-45176531	259	63172	TRUE	0.0016912096995163398	-0.4447090652919106	TRUE	378	45	1.603737616800525
ENSG00000159210	chr17:45176230-45176531	141	32216	TRUE	0.0020728253092592167	-0.6771702596742599	TRUE	378	45	0.49707803368855275
ENSG00000159217	chr17:45176230-45176531	171	40568	TRUE	0.003911234135910879	-0.5461250544584729	TRUE	378	45	0.6707709615925498
ENSG00000108468	chr17:45176230-45176531	189	44951	TRUE	0.007706968923937463	-0.4770964124035437	TRUE	378	45	0.7954936091752868
ENSG00000136436	chr17:45176230-45176531	98	21882	TRUE	0.013335033234686072	-0.5075249371739634	TRUE	378	45	0.2953946477494088
ENSG00000173917	chr17:45176230-45176531	52	9758	TRUE	0.34	-0.44668707029448385	FALSE	378	45	0.12357677844099295
ENSG00000170689	chr17:45176230-45176531	338	83804	TRUE	2.723454163129028e-6	-0.42270238826693163	TRUE	378	46	3.9586757919518316
ENSG00000159199	chr17:45176230-45176531	377	92540	TRUE	1.0227870264605671e-4	-0.4419758215334433	TRUE	378	46	21.41769013615009
ENSG00000260027	chr17:45176230-45176531	257	59677	TRUE	0.028	-0.2929934488321865	TRUE	378	46	1.307457524714314
ENSG00000159111	chr17:45176230-45176531	339	80993	TRUE	0.04	-0.2787896784219954	FALSE	378	46	2.8614435867787535
ENSG00000108468	chr17:45176230-45176531	189	44951	TRUE	0.068	-0.4143606570555809	FALSE	378	46	0.7954936091752868
ENSG00000159210	chr17:45176230-45176531	141	32216	TRUE	0.088	-0.45145748004620057	FALSE	378	46	0.49707803368855275
ENSG00000173917	chr17:45176230-45176531	52	9758	TRUE	0.192	-0.6166120717367964	FALSE	378	46	0.12357677844099295
ENSG00000159217	chr17:45176230-45176531	171	40568	TRUE	0.224	-0.33497739028964757	FALSE	378	46	0.6707709615925498
ENSG00000182742	chr17:45176230-45176531	259	63172	TRUE	0.256	-0.2665164478659977	FALSE	378	46	1.603737616800525
ENSG00000136436	chr17:45176230-45176531	98	21882	TRUE	0.964	-0.10590795365744099	FALSE	378	46	0.2953946477494088
ENSG00000136436	chr17:45176230-45176531	98	21882	TRUE	2.2864141814788776e-4	-0.7599120988082486	TRUE	378	47	0.2953946477494088
ENSG00000170689	chr17:45176230-45176531	338	83804	TRUE	7.499849863108685e-4	-0.32632219828491116	TRUE	378	47	3.9586757919518316
ENSG00000260027	chr17:45176230-45176531	257	59677	TRUE	0.00393235231445406	-0.36717526198788897	TRUE	378	47	1.307457524714314
ENSG00000182742	chr17:45176230-45176531	259	63172	TRUE	0.004108553540639701	-0.4572000094751074	TRUE	378	47	1.603737616800525
ENSG00000159111	chr17:45176230-45176531	339	80993	TRUE	0.005423087110417349	-0.34200658415253127	TRUE	378	47	2.8614435867787535
ENSG00000159199	chr17:45176230-45176531	377	92540	TRUE	0.006265635396309033	-0.3533379766508844	TRUE	378	47	21.41769013615009
ENSG00000108468	chr17:45176230-45176531	189	44951	TRUE	0.014803002172600749	-0.439128562204523	TRUE	378	47	0.7954936091752868
ENSG00000173917	chr17:45176230-45176531	52	9758	TRUE	0.116	-0.6624157613499211	FALSE	378	47	0.12357677844099295
ENSG00000159210	chr17:45176230-45176531	141	32216	TRUE	0.224	-0.4025478795652544	FALSE	378	47	0.49707803368855275
ENSG00000159217	chr17:45176230-45176531	171	40568	TRUE	0.852	-0.17486924720754227	FALSE	378	47	0.6707709615925498
ENSG00000159111	chr17:45176230-45176531	339	80993	TRUE	8.438916109209996e-9	-0.615092395127603	TRUE	378	48	2.8614435867787535
ENSG00000159199	chr17:45176230-45176531	377	92540	TRUE	1.0009883920494367e-7	-0.5716680352623129	TRUE	378	48	21.41769013615009
ENSG00000170689	chr17:45176230-45176531	338	83804	TRUE	1.775171209987623e-6	-0.48538135130528204	TRUE	378	48	3.9586757919518316
ENSG00000260027	chr17:45176230-45176531	257	59677	TRUE	3.644457590025636e-5	-0.48416362968832516	TRUE	378	48	1.307457524714314
ENSG00000182742	chr17:45176230-45176531	259	63172	TRUE	8.28360419750946e-5	-0.5478025582560142	TRUE	378	48	1.603737616800525
ENSG00000159210	chr17:45176230-45176531	141	32216	TRUE	0.01594429774605452	-0.5124254973376277	TRUE	378	48	0.49707803368855275
ENSG00000108468	chr17:45176230-45176531	189	44951	TRUE	0.024	-0.4143606570555809	TRUE	378	48	0.7954936091752868
ENSG00000159217	chr17:45176230-45176531	171	40568	TRUE	0.068	-0.411475527763691	TRUE	378	48	0.6707709615925498
ENSG00000173917	chr17:45176230-45176531	52	9758	TRUE	0.1	-0.6624157613499211	FALSE	378	48	0.12357677844099295
ENSG00000136436	chr17:45176230-45176531	98	21882	TRUE	0.588	-0.17494959808709254	FALSE	378	48	0.2953946477494088
ENSG00000159199	chr17:45176230-45176531	377	92540	TRUE	5.325090654025987e-7	-0.509691716963153	TRUE	378	49	21.41769013615009
ENSG00000136436	chr17:45176230-45176531	98	21882	TRUE	6.641173284657178e-6	-0.9404843444500695	TRUE	378	49	0.2953946477494088
ENSG00000170689	chr17:45176230-45176531	338	83804	TRUE	3.149244069241544e-5	-0.3886064765392536	TRUE	378	49	3.9586757919518316
ENSG00000159217	chr17:45176230-45176531	171	40568	TRUE	8.621208156157981e-4	-0.6350587828787612	TRUE	378	49	0.6707709615925498
ENSG00000159210	chr17:45176230-45176531	141	32216	TRUE	0.005008625638128927	-0.6089987570326807	TRUE	378	49	0.49707803368855275
ENSG00000159111	chr17:45176230-45176531	339	80993	TRUE	0.011426893187703499	-0.30689501610234937	TRUE	378	49	2.8614435867787535
ENSG00000260027	chr17:45176230-45176531	257	59677	TRUE	0.024	-0.2964407504506552	TRUE	378	49	1.307457524714314
ENSG00000182742	chr17:45176230-45176531	259	63172	TRUE	0.1	-0.3311465064687106	FALSE	378	49	1.603737616800525
ENSG00000108468	chr17:45176230-45176531	189	44951	TRUE	0.232	-0.2908776036205808	FALSE	378	49	0.7954936091752868
ENSG00000173917	chr17:45176230-45176531	52	9758	TRUE	0.28	-0.44668707029448385	FALSE	378	49	0.12357677844099295
ENSG00000159199	chr17:45176230-45176531	377	92540	TRUE	7.292219683247827e-7	-0.5077671610120635	TRUE	378	50	21.41769013615009
ENSG00000159111	chr17:45176230-45176531	339	80993	TRUE	2.6170978544258483e-6	-0.4845270568437767	TRUE	378	50	2.8614435867787535
ENSG00000182742	chr17:45176230-45176531	259	63172	TRUE	8.341897881312434e-5	-0.5444668456927577	TRUE	378	50	1.603737616800525
ENSG00000159210	chr17:45176230-45176531	141	32216	TRUE	2.5810010506569295e-4	-0.7610018504777305	TRUE	378	50	0.49707803368855275
ENSG00000260027	chr17:45176230-45176531	257	59677	TRUE	8.946572459448549e-4	-0.3854143802729314	TRUE	378	50	1.307457524714314
ENSG00000159217	chr17:45176230-45176531	171	40568	TRUE	0.002632310088005796	-0.5618923703167896	TRUE	378	50	0.6707709615925498
ENSG00000170689	chr17:45176230-45176531	338	83804	TRUE	0.00703891389203716	-0.26432414065265375	TRUE	378	50	3.9586757919518316
ENSG00000173917	chr17:45176230-45176531	52	9758	TRUE	0.010643119088264902	-0.9161723535957043	TRUE	378	50	0.12357677844099295
ENSG00000108468	chr17:45176230-45176531	189	44951	TRUE	0.052	-0.390010795639832	TRUE	378	50	0.7954936091752868
ENSG00000136436	chr17:45176230-45176531	98	21882	TRUE	0.2	-0.29278608838095055	FALSE	378	50	0.2953946477494088
ENSG00000159217	chr17:45176230-45176531	171	40568	TRUE	5.583688963649563e-7	-0.8505184900533241	TRUE	378	51	0.6707709615925498
ENSG00000159111	chr17:45176230-45176531	339	80993	TRUE	8.291691886719906e-6	-0.47033068112807075	TRUE	378	51	2.8614435867787535
ENSG00000182742	chr17:45176230-45176531	259	63172	TRUE	9.936888376914019e-6	-0.6302647184479871	TRUE	378	51	1.603737616800525
ENSG00000159199	chr17:45176230-45176531	377	92540	TRUE	2.742991047775204e-5	-0.4972277513970971	TRUE	378	51	21.41769013615009
ENSG00000170689	chr17:45176230-45176531	338	83804	TRUE	1.4126709334664686e-4	-0.37000679853871743	TRUE	378	51	3.9586757919518316
ENSG00000136436	chr17:45176230-45176531	98	21882	TRUE	0.0038020869353717762	-0.5994474266150025	TRUE	378	51	0.2953946477494088
ENSG00000159210	chr17:45176230-45176531	141	32216	TRUE	0.0097189999194036	-0.5869724507026817	TRUE	378	51	0.49707803368855275
ENSG00000108468	chr17:45176230-45176531	189	44951	TRUE	0.012521716652307308	-0.4579875894558392	TRUE	378	51	0.7954936091752868
ENSG00000260027	chr17:45176230-45176531	257	59677	TRUE	0.06	-0.2895543648654153	TRUE	378	51	1.307457524714314
ENSG00000173917	chr17:45176230-45176531	52	9758	TRUE	0.684	-0.12475897540712166	FALSE	378	51	0.12357677844099295
ENSG00000260027	chr17:45176230-45176531	257	59677	TRUE	4.4296743189763295e-7	-0.5817351163587257	TRUE	378	52	1.307457524714314
ENSG00000159217	chr17:45176230-45176531	171	40568	TRUE	8.732656757859739e-5	-0.6859827180414336	TRUE	378	52	0.6707709615925498
ENSG00000182742	chr17:45176230-45176531	259	63172	TRUE	2.63585697273791e-4	-0.5213303468948232	TRUE	378	52	1.603737616800525
ENSG00000170689	chr17:45176230-45176531	338	83804	TRUE	7.604296862208856e-4	-0.3061443163472808	TRUE	378	52	3.9586757919518316
ENSG00000159111	chr17:45176230-45176531	339	80993	TRUE	0.0016547372866048751	-0.3387790771221353	TRUE	378	52	2.8614435867787535
ENSG00000173917	chr17:45176230-45176531	52	9758	TRUE	0.0019173660829161776	-1.1571804530994991	TRUE	378	52	0.12357677844099295
ENSG00000108468	chr17:45176230-45176531	189	44951	TRUE	0.009585083316135584	-0.4579875894558392	TRUE	378	52	0.7954936091752868
ENSG00000136436	chr17:45176230-45176531	98	21882	TRUE	0.056	-0.38794332142129084	TRUE	378	52	0.2953946477494088
ENSG00000159199	chr17:45176230-45176531	377	92540	TRUE	0.128	-0.23359682083250188	FALSE	378	52	21.41769013615009
ENSG00000159210	chr17:45176230-45176531	141	32216	TRUE	0.128	-0.41219804959897344	FALSE	378	52	0.49707803368855275
ENSG00000159111	chr17:45176230-45176531	339	80993	TRUE	5.663032790316838e-9	-0.5746673409428062	TRUE	378	53	2.8614435867787535
ENSG00000182742	chr17:45176230-45176531	259	63172	TRUE	2.789632130988859e-4	-0.518055214861962	TRUE	378	53	1.603737616800525
ENSG00000159210	chr17:45176230-45176531	141	32216	TRUE	9.821982647688215e-4	-0.6771702596742599	TRUE	378	53	0.49707803368855275
ENSG00000136436	chr17:45176230-45176531	98	21882	TRUE	0.006495097623375912	-0.5435941918814851	TRUE	378	53	0.2953946477494088
ENSG00000260027	chr17:45176230-45176531	257	59677	TRUE	0.052	-0.2929934488321865	FALSE	378	53	1.307457524714314
ENSG00000170689	chr17:45176230-45176531	338	83804	TRUE	0.084	-0.17228856961249006	FALSE	378	53	3.9586757919518316
ENSG00000159199	chr17:45176230-45176531	377	92540	TRUE	0.132	-0.27678000814424486	FALSE	378	53	21.41769013615009
ENSG00000108468	chr17:45176230-45176531	189	44951	TRUE	0.464	-0.2740693159340267	FALSE	378	53	0.7954936091752868
ENSG00000173917	chr17:45176230-45176531	52	9758	TRUE	0.5	-0.062023220059158835	FALSE	378	53	0.12357677844099295
ENSG00000159217	chr17:45176230-45176531	171	40568	TRUE	0.736	-0.24950804810029803	FALSE	378	53	0.6707709615925498
ENSG00000159217	chr17:45176230-45176531	171	40568	TRUE	0.0029614481054900527	-0.5618923703167896	TRUE	378	54	0.6707709615925498
ENSG00000170689	chr17:45176230-45176531	338	83804	TRUE	0.009073222885322307	-0.23822670395025014	TRUE	378	54	3.9586757919518316
ENSG00000260027	chr17:45176230-45176531	257	59677	TRUE	0.009986868026313822	-0.32784284958978904	TRUE	378	54	1.307457524714314
ENSG00000159111	chr17:45176230-45176531	339	80993	TRUE	0.028	-0.3227489673031865	TRUE	378	54	2.8614435867787535
ENSG00000108468	chr17:45176230-45176531	189	44951	TRUE	0.036	-0.3960598403126372	TRUE	378	54	0.7954936091752868
ENSG00000159199	chr17:45176230-45176531	377	92540	TRUE	0.064	-0.31876286084935757	FALSE	378	54	21.41769013615009
ENSG00000182742	chr17:45176230-45176531	259	63172	TRUE	0.076	-0.3543228288348049	FALSE	378	54	1.603737616800525
ENSG00000136436	chr17:45176230-45176531	98	21882	TRUE	0.316	-0.26241243933743186	FALSE	378	54	0.2953946477494088
ENSG00000173917	chr17:45176230-45176531	52	9758	TRUE	0.716	-0.33120985287454774	FALSE	378	54	0.12357677844099295
ENSG00000159210	chr17:45176230-45176531	141	32216	TRUE	0.792	-0.20510181535903715	FALSE	378	54	0.49707803368855275
ENSG00000159199	chr17:45176230-45176531	377	92540	TRUE	7.308916800854558e-8	-0.5586594258617765	TRUE	378	55	21.41769013615009
ENSG00000108468	chr17:45176230-45176531	189	44951	TRUE	3.209236592212894e-4	-0.6113975041151347	TRUE	378	55	0.7954936091752868
ENSG00000182742	chr17:45176230-45176531	259	63172	TRUE	0.0019171123284234086	-0.4793228203732476	TRUE	378	55	1.603737616800525
ENSG00000170689	chr17:45176230-45176531	338	83804	TRUE	0.005606359688039075	-0.2909023740635628	TRUE	378	55	3.9586757919518316
ENSG00000159217	chr17:45176230-45176531	171	40568	TRUE	0.036	-0.45497716640027763	TRUE	378	55	0.6707709615925498
ENSG00000159111	chr17:45176230-45176531	339	80993	TRUE	0.088	-0.2466774932682425	FALSE	378	55	2.8614435867787535
ENSG00000159210	chr17:45176230-45176531	141	32216	TRUE	0.112	-0.4415420111811179	FALSE	378	55	0.49707803368855275
ENSG00000260027	chr17:45176230-45176531	257	59677	TRUE	0.288	-0.1740771474454793	FALSE	378	55	1.307457524714314
ENSG00000136436	chr17:45176230-45176531	98	21882	TRUE	0.44	0.022989779524816623	FALSE	378	55	0.2953946477494088
ENSG00000173917	chr17:45176230-45176531	52	9758	TRUE	0.84	-0.2946839768494338	FALSE	378	55	0.12357677844099295
ENSG00000159199	chr17:45176230-45176531	377	92540	TRUE	4.777865193427398e-7	-0.508248059363479	TRUE	378	56	21.41769013615009
ENSG00000260027	chr17:45176230-45176531	257	59677	TRUE	7.210600013721116e-7	-0.5775351278294402	TRUE	378	56	1.307457524714314
ENSG00000108468	chr17:45176230-45176531	189	44951	TRUE	2.9891961210531254e-4	-0.6113975041151347	TRUE	378	56	0.7954936091752868
ENSG00000182742	chr17:45176230-45176531	259	63172	TRUE	0.0031673995897481683	-0.450941019003425	TRUE	378	56	1.603737616800525
ENSG00000170689	chr17:45176230-45176531	338	83804	TRUE	0.027986821063277434	-0.2303768087293161	TRUE	378	56	3.9586757919518316
ENSG00000159210	chr17:45176230-45176531	141	32216	TRUE	0.06	-0.45145748004620057	FALSE	378	56	0.49707803368855275
ENSG00000173917	chr17:45176230-45176531	52	9758	TRUE	0.164	-0.6166120717367964	FALSE	378	56	0.12357677844099295
ENSG00000159111	chr17:45176230-45176531	339	80993	TRUE	0.252	-0.20935789967005913	FALSE	378	56	2.8614435867787535
ENSG00000136436	chr17:45176230-45176531	98	21882	TRUE	0.292	-0.26241243933743186	FALSE	378	56	0.2953946477494088
ENSG00000159217	chr17:45176230-45176531	171	40568	TRUE	0.352	-0.3147995083520173	FALSE	378	56	0.6707709615925498
ENSG00000159111	chr17:45176230-45176531	339	80993	TRUE	2.0916509162348385e-4	-0.3929788901846558	TRUE	378	57	2.8614435867787535
ENSG00000159199	chr17:45176230-45176531	377	92540	TRUE	3.0250576998974363e-4	-0.42985322350539334	TRUE	378	57	21.41769013615009
ENSG00000159217	chr17:45176230-45176531	171	40568	TRUE	0.0031289015491484523	-0.5539871722314432	TRUE	378	57	0.6707709615925498
ENSG00000170689	chr17:45176230-45176531	338	83804	TRUE	0.0048511777212836005	-0.31086672658968384	TRUE	378	57	3.9586757919518316
ENSG00000173917	chr17:45176230-45176531	52	9758	TRUE	0.156	-0.572217952378343	FALSE	378	57	0.12357677844099295
ENSG00000182742	chr17:45176230-45176531	259	63172	TRUE	0.18	-0.2858817727329287	FALSE	378	57	1.603737616800525
ENSG00000260027	chr17:45176230-45176531	257	59677	TRUE	0.412	-0.16144953911773013	FALSE	378	57	1.307457524714314
ENSG00000136436	chr17:45176230-45176531	98	21882	TRUE	0.416	-0.21801831997897825	FALSE	378	57	0.2953946477494088
ENSG00000108468	chr17:45176230-45176531	189	44951	TRUE	0.524	-0.2464834842621273	FALSE	378	57	0.7954936091752868
ENSG00000159210	chr17:45176230-45176531	141	32216	TRUE	0.772	-0.2390491472823748	FALSE	378	57	0.49707803368855275
ENSG00000159217	chr17:45176230-45176531	171	40568	TRUE	2.4673261188671095e-4	-0.6688075742333014	TRUE	378	58	0.6707709615925498
ENSG00000182742	chr17:45176230-45176531	259	63172	TRUE	0.0011710107550764737	-0.48890886920244564	TRUE	378	58	1.603737616800525
ENSG00000159199	chr17:45176230-45176531	377	92540	TRUE	0.00830899929109738	-0.3229868282669459	TRUE	378	58	21.41769013615009
ENSG00000136436	chr17:45176230-45176531	98	21882	TRUE	0.036	-0.40443144420985977	TRUE	378	58	0.2953946477494088
ENSG00000159111	chr17:45176230-45176531	339	80993	TRUE	0.16	-0.2182269544926425	FALSE	378	58	2.8614435867787535
ENSG00000170689	chr17:45176230-45176531	338	83804	TRUE	0.232	0.0326575971044778	FALSE	378	58	3.9586757919518316
ENSG00000159210	chr17:45176230-45176531	141	32216	TRUE	0.5	-0.3094384751737729	FALSE	378	58	0.49707803368855275
ENSG00000108468	chr17:45176230-45176531	189	44951	TRUE	0.552	-0.23018167193302674	FALSE	378	58	0.7954936091752868
ENSG00000173917	chr17:45176230-45176531	52	9758	TRUE	0.988	-0.2242946489580362	FALSE	378	58	0.12357677844099295
ENSG00000260027	chr17:45176230-45176531	257	59677	TRUE	0.988	-0.09091054630157636	FALSE	378	58	1.307457524714314
ENSG00000159199	chr17:45176230-45176531	377	92540	TRUE	5.069006687083953e-7	-0.49818270429702416	TRUE	378	59	21.41769013615009
ENSG00000159111	chr17:45176230-45176531	339	80993	TRUE	1.7477931192301987e-6	-0.4845270568437767	TRUE	378	59	2.8614435867787535
ENSG00000159217	chr17:45176230-45176531	171	40568	TRUE	0.006385300951229841	-0.5305281994074545	TRUE	378	59	0.6707709615925498
ENSG00000136436	chr17:45176230-45176531	98	21882	TRUE	0.013857027785451573	-0.48982293544050437	TRUE	378	59	0.2953946477494088
ENSG00000108468	chr17:45176230-45176531	189	44951	TRUE	0.028	-0.44538755267620544	TRUE	378	59	0.7954936091752868
ENSG00000170689	chr17:45176230-45176531	338	83804	TRUE	0.028	-0.22145749104079404	TRUE	378	59	3.9586757919518316
ENSG00000182742	chr17:45176230-45176531	259	63172	TRUE	0.028	-0.3689994054672489	TRUE	378	59	1.603737616800525
ENSG00000260027	chr17:45176230-45176531	257	59677	TRUE	0.06	-0.2792860294115882	TRUE	378	59	1.307457524714314
ENSG00000173917	chr17:45176230-45176531	52	9758	TRUE	0.412	-0.0019022276215880929	FALSE	378	59	0.12357677844099295
ENSG00000159210	chr17:45176230-45176531	141	32216	TRUE	0.484	-0.3094384751737729	FALSE	378	59	0.49707803368855275
ENSG00000170689	chr17:45176230-45176531	338	83804	TRUE	1.2651063643223204e-8	-0.5055404362807567	TRUE	378	60	3.9586757919518316
ENSG00000159199	chr17:45176230-45176531	377	92540	TRUE	9.18948375776274e-6	-0.4419758215334433	TRUE	378	60	21.41769013615009
ENSG00000159210	chr17:45176230-45176531	141	32216	TRUE	9.260068019505824e-5	-0.7984765558963935	TRUE	378	60	0.49707803368855275
ENSG00000182742	chr17:45176230-45176531	259	63172	TRUE	0.0067402716862801915	-0.4139468115212236	TRUE	378	60	1.603737616800525
ENSG00000108468	chr17:45176230-45176531	189	44951	TRUE	0.007490458459556537	-0.4770964124035437	TRUE	378	60	0.7954936091752868
ENSG00000159111	chr17:45176230-45176531	339	80993	TRUE	0.024	-0.3116329351090126	TRUE	378	60	2.8614435867787535
ENSG00000159217	chr17:45176230-45176531	171	40568	TRUE	0.052	-0.4403303904358761	TRUE	378	60	0.6707709615925498
ENSG00000136436	chr17:45176230-45176531	98	21882	TRUE	0.38	-0.2326650959433798	FALSE	378	60	0.2953946477494088
ENSG00000260027	chr17:45176230-45176531	257	59677	TRUE	0.452	-0.1709098683667964	FALSE	378	60	1.307457524714314
ENSG00000173917	chr17:45176230-45176531	52	9758	TRUE	0.552	-0.33120985287454774	FALSE	378	60	0.12357677844099295
ENSG00000260027	chr17:45176230-45176531	257	59677	TRUE	7.479668453437907e-6	-0.5119467862018634	TRUE	378	61	1.307457524714314
ENSG00000159217	chr17:45176230-45176531	171	40568	TRUE	9.646170588516797e-5	-0.694647579168561	TRUE	378	61	0.6707709615925498
ENSG00000182742	chr17:45176230-45176531	259	63172	TRUE	1.2381664424085913e-4	-0.5312005909188844	TRUE	378	61	1.603737616800525
ENSG00000170689	chr17:45176230-45176531	338	83804	TRUE	0.0015006132004382264	-0.332310978328747	TRUE	378	61	3.9586757919518316
ENSG00000159210	chr17:45176230-45176531	141	32216	TRUE	0.008979105822460351	-0.5869724507026817	TRUE	378	61	0.49707803368855275
ENSG00000136436	chr17:45176230-45176531	98	21882	TRUE	0.028	-0.48982293544050437	TRUE	378	61	0.2953946477494088
ENSG00000108468	chr17:45176230-45176531	189	44951	TRUE	0.036	-0.4205128840371761	TRUE	378	61	0.7954936091752868
ENSG00000173917	chr17:45176230-45176531	52	9758	TRUE	0.332	-0.4071587061078463	FALSE	378	61	0.12357677844099295
ENSG00000159111	chr17:45176230-45176531	339	80993	TRUE	0.46	-0.17585615607854588	FALSE	378	61	2.8614435867787535
ENSG00000159199	chr17:45176230-45176531	377	92540	TRUE	0.528	-0.23141167129946716	FALSE	378	61	21.41769013615009
ENSG00000159111	chr17:45176230-45176531	339	80993	TRUE	1.2716201298109547e-7	-0.529813105158546	TRUE	378	62	2.8614435867787535
ENSG00000159210	chr17:45176230-45176531	141	32216	TRUE	6.617850970866736e-4	-0.7006292324982488	TRUE	378	62	0.49707803368855275
ENSG00000108468	chr17:45176230-45176531	189	44951	TRUE	6.684062278142708e-4	-0.5697784149133954	TRUE	378	62	0.7954936091752868
ENSG00000182742	chr17:45176230-45176531	259	63172	TRUE	0.005320910314962943	-0.4323253408360781	TRUE	378	62	1.603737616800525
ENSG00000260027	chr17:45176230-45176531	257	59677	TRUE	0.005846302485725249	-0.3455883997797432	TRUE	378	62	1.307457524714314
ENSG00000159199	chr17:45176230-45176531	377	92540	TRUE	0.006947374293939768	-0.32955851640148914	TRUE	378	62	21.41769013615009
ENSG00000170689	chr17:45176230-45176531	338	83804	TRUE	0.068	-0.22145749104079404	TRUE	378	62	3.9586757919518316
ENSG00000136436	chr17:45176230-45176531	98	21882	TRUE	0.116	-0.3395802998598918	FALSE	378	62	0.2953946477494088
ENSG00000159217	chr17:45176230-45176531	171	40568	TRUE	0.12	-0.3692472923743937	FALSE	378	62	0.6707709615925498
ENSG00000173917	chr17:45176230-45176531	52	9758	TRUE	0.472	-0.4071587061078463	FALSE	378	62	0.12357677844099295
ENSG00000159199	chr17:45176230-45176531	377	92540	TRUE	6.74897805511554e-5	-0.4521178319540571	TRUE	378	63	21.41769013615009
ENSG00000159217	chr17:45176230-45176531	171	40568	TRUE	1.374603820899628e-4	-0.6859827180414336	TRUE	378	63	0.6707709615925498
ENSG00000159111	chr17:45176230-45176531	339	80993	TRUE	0.0019112530611415275	-0.36152474035334037	TRUE	378	63	2.8614435867787535
ENSG00000108468	chr17:45176230-45176531	189	44951	TRUE	0.005331659366724847	-0.4964617372704747	TRUE	378	63	0.7954936091752868
ENSG00000136436	chr17:45176230-45176531	98	21882	TRUE	0.005558631562600044	-0.5805883993636867	TRUE	378	63	0.2953946477494088
ENSG00000182742	chr17:45176230-45176531	259	63172	TRUE	0.00828685027112712	-0.4078722971115391	TRUE	378	63	1.603737616800525
ENSG00000170689	chr17:45176230-45176531	338	83804	TRUE	0.028	-0.24725062729371228	TRUE	378	63	3.9586757919518316
ENSG00000260027	chr17:45176230-45176531	257	59677	TRUE	0.156	-0.19966886134822018	FALSE	378	63	1.307457524714314
ENSG00000173917	chr17:45176230-45176531	52	9758	TRUE	0.572	-0.3686845582932108	FALSE	378	63	0.12357677844099295
ENSG00000159210	chr17:45176230-45176531	141	32216	TRUE	0.948	-0.22197563392343334	FALSE	378	63	0.49707803368855275
ENSG00000170689	chr17:45176230-45176531	338	83804	TRUE	3.9458045615186135e-5	-0.37370760015991533	TRUE	378	64	3.9586757919518316
ENSG00000159217	chr17:45176230-45176531	171	40568	TRUE	0.00289018895513983	-0.5539871722314432	TRUE	378	64	0.6707709615925498
ENSG00000159199	chr17:45176230-45176531	377	92540	TRUE	0.003753594167601529	-0.3483784043291118	TRUE	378	64	21.41769013615009
ENSG00000173917	chr17:45176230-45176531	52	9758	TRUE	0.0053019295698570335	-1.0316495710156404	TRUE	378	64	0.12357677844099295
ENSG00000159111	chr17:45176230-45176531	339	80993	TRUE	0.015485462785189197	-0.29746560318241877	TRUE	378	64	2.8614435867787535
ENSG00000182742	chr17:45176230-45176531	259	63172	TRUE	0.019983701285517463	-0.3868106815837096	TRUE	378	64	1.603737616800525
ENSG00000136436	chr17:45176230-45176531	98	21882	TRUE	0.036	-0.42111018535649025	TRUE	378	64	0.2953946477494088
ENSG00000159210	chr17:45176230-45176531	141	32216	TRUE	0.04	-0.47149523328274556	TRUE	378	64	0.49707803368855275
ENSG00000108468	chr17:45176230-45176531	189	44951	TRUE	0.064	-0.36606510001479964	TRUE	378	64	0.7954936091752868
ENSG00000260027	chr17:45176230-45176531	257	59677	TRUE	0.612	-0.14271297653614412	FALSE	378	64	1.307457524714314
ENSG00000170689	chr17:45176230-45176531	338	83804	TRUE	4.8581805824326335e-9	-0.5191380396814791	TRUE	378	65	3.9586757919518316
ENSG00000159199	chr17:45176230-45176531	377	92540	TRUE	1.455275575323444e-6	-0.4896107989885232	TRUE	378	65	21.41769013615009
ENSG00000159111	chr17:45176230-45176531	339	80993	TRUE	6.366332917637565e-5	-0.42000909615380433	TRUE	378	65	2.8614435867787535
ENSG00000182742	chr17:45176230-45176531	259	63172	TRUE	2.9651289274642504e-4	-0.5147875010280512	TRUE	378	65	1.603737616800525
ENSG00000159217	chr17:45176230-45176531	171	40568	TRUE	4.0450784932465414e-4	-0.651834495629588	TRUE	378	65	0.6707709615925498
ENSG00000260027	chr17:45176230-45176531	257	59677	TRUE	0.0042210646530352475	-0.36355494630919216	TRUE	378	65	1.307457524714314
ENSG00000136436	chr17:45176230-45176531	98	21882	TRUE	0.014675861208208796	-0.5075249371739634	TRUE	378	65	0.2953946477494088
ENSG00000108468	chr17:45176230-45176531	189	44951	TRUE	0.096	-0.37201436634598617	FALSE	378	65	0.7954936091752868
ENSG00000159210	chr17:45176230-45176531	141	32216	TRUE	0.36	-0.3275858218840322	FALSE	378	65	0.49707803368855275
ENSG00000173917	chr17:45176230-45176531	52	9758	TRUE	0.74	-0.2946839768494338	FALSE	378	65	0.12357677844099295
ENSG00000159111	chr17:45176230-45176531	339	80993	TRUE	3.3104650315779905e-6	-0.46152836559207144	TRUE	378	66	2.8614435867787535
ENSG00000182742	chr17:45176230-45176531	259	63172	TRUE	3.9002471912368344e-5	-0.5411388279750033	TRUE	378	66	1.603737616800525
ENSG00000159199	chr17:45176230-45176531	377	92540	TRUE	0.001393275178373149	-0.3654852326403768	TRUE	378	66	21.41769013615009
ENSG00000108468	chr17:45176230-45176531	189	44951	TRUE	0.005681165131434379	-0.48352268156297673	TRUE	378	66	0.7954936091752868
ENSG00000159210	chr17:45176230-45176531	141	32216	TRUE	0.0313909851823552	-0.5228421132829661	TRUE	378	66	0.49707803368855275
ENSG00000159217	chr17:45176230-45176531	171	40568	TRUE	0.032	-0.44763519105910954	TRUE	378	66	0.6707709615925498
ENSG00000170689	chr17:45176230-45176531	338	83804	TRUE	0.056	-0.19611740779310471	TRUE	378	66	3.9586757919518316
ENSG00000173917	chr17:45176230-45176531	52	9758	TRUE	0.08	-0.7097214761282777	FALSE	378	66	0.12357677844099295
ENSG00000260027	chr17:45176230-45176531	257	59677	TRUE	0.092	-0.23892829179544745	FALSE	378	66	1.307457524714314
ENSG00000136436	chr17:45176230-45176531	98	21882	TRUE	0.712	-0.13312942239246528	FALSE	378	66	0.2953946477494088
ENSG00000159111	chr17:45176230-45176531	339	80993	TRUE	1.2570477693238033e-4	-0.4098133290479158	TRUE	378	67	2.8614435867787535
ENSG00000159217	chr17:45176230-45176531	171	40568	TRUE	0.008732781640245962	-0.5074445862944131	TRUE	378	67	0.6707709615925498
ENSG00000182742	chr17:45176230-45176531	259	63172	TRUE	0.013192466429299665	-0.4048446044139712	TRUE	378	67	1.603737616800525
ENSG00000159199	chr17:45176230-45176531	377	92540	TRUE	0.02794044557339087	-0.3265869498701983	TRUE	378	67	21.41769013615009
ENSG00000170689	chr17:45176230-45176531	338	83804	TRUE	0.036	-0.19830330978838795	TRUE	378	67	3.9586757919518316
ENSG00000108468	chr17:45176230-45176531	189	44951	TRUE	0.04	-0.3960598403126372	TRUE	378	67	0.7954936091752868
ENSG00000260027	chr17:45176230-45176531	257	59677	TRUE	0.044	-0.28612345946514195	TRUE	378	67	1.307457524714314
ENSG00000159210	chr17:45176230-45176531	141	32216	TRUE	0.192	-0.3929618307360563	FALSE	378	67	0.49707803368855275
ENSG00000136436	chr17:45176230-45176531	98	21882	TRUE	0.36	-0.21801831997897825	FALSE	378	67	0.2953946477494088
ENSG00000173917	chr17:45176230-45176531	52	9758	TRUE	0.452	-0.062023220059158835	FALSE	378	67	0.12357677844099295
ENSG00000170689	chr17:45176230-45176531	338	83804	TRUE	0.001189837827855554	-0.303788895349151	TRUE	378	68	3.9586757919518316
ENSG00000159217	chr17:45176230-45176531	171	40568	TRUE	0.002592507305995761	-0.5858712332512294	TRUE	378	68	0.6707709615925498
ENSG00000182742	chr17:45176230-45176531	259	63172	TRUE	0.003289534871763946	-0.4416031544240888	TRUE	378	68	1.603737616800525
ENSG00000159111	chr17:45176230-45176531	339	80993	TRUE	0.01696894855148287	-0.29746560318241877	TRUE	378	68	2.8614435867787535
ENSG00000159210	chr17:45176230-45176531	141	32216	TRUE	0.032	-0.5228421132829661	TRUE	378	68	0.49707803368855275
ENSG00000159199	chr17:45176230-45176531	377	92540	TRUE	0.048	-0.2775996048377207	TRUE	378	68	21.41769013615009
ENSG00000136436	chr17:45176230-45176531	98	21882	TRUE	0.08	-0.40443144420985977	FALSE	378	68	0.2953946477494088
ENSG00000260027	chr17:45176230-45176531	257	59677	TRUE	0.084	-0.24557666780481296	FALSE	378	68	1.307457524714314
ENSG00000108468	chr17:45176230-45176531	189	44951	TRUE	0.296	-0.2740693159340267	FALSE	378	68	0.7954936091752868
ENSG00000173917	chr17:45176230-45176531	52	9758	TRUE	0.356	-0.44668707029448385	FALSE	378	68	0.12357677844099295
ENSG00000260027	chr17:45176230-45176531	257	59677	TRUE	7.763232431355765e-4	-0.4076101263871278	TRUE	378	69	1.307457524714314
ENSG00000173917	chr17:45176230-45176531	52	9758	TRUE	0.001276603450633837	-1.2242946489580357	TRUE	378	69	0.12357677844099295
ENSG00000108468	chr17:45176230-45176531	189	44951	TRUE	0.001747760035117018	-0.5359901014571122	TRUE	378	69	0.7954936091752868
ENSG00000159210	chr17:45176230-45176531	141	32216	TRUE	0.0026090372323897895	-0.6313665700611353	TRUE	378	69	0.49707803368855275
ENSG00000159111	chr17:45176230-45176531	339	80993	TRUE	0.00950955552986664	-0.3148002141876953	TRUE	378	69	2.8614435867787535
ENSG00000159199	chr17:45176230-45176531	377	92540	TRUE	0.022460720707800613	-0.31770879852374545	TRUE	378	69	21.41769013615009
ENSG00000170689	chr17:45176230-45176531	338	83804	TRUE	0.08	-0.19830330978838795	FALSE	378	69	3.9586757919518316
ENSG00000159217	chr17:45176230-45176531	171	40568	TRUE	0.128	-0.3554414928493631	FALSE	378	69	0.6707709615925498
ENSG00000136436	chr17:45176230-45176531	98	21882	TRUE	0.3	-0.2775193317276401	FALSE	378	69	0.2953946477494088
ENSG00000182742	chr17:45176230-45176531	259	63172	TRUE	0.872	-0.1402987316625779	FALSE	378	69	1.603737616800525
ENSG00000170689	chr17:45176230-45176531	338	83804	TRUE	2.5996763778535215e-4	-0.332310978328747	TRUE	378	70	3.9586757919518316
ENSG00000159199	chr17:45176230-45176531	377	92540	TRUE	3.562267974036512e-4	-0.39653107021574296	TRUE	378	70	21.41769013615009
ENSG00000260027	chr17:45176230-45176531	257	59677	TRUE	0.0034343202931642336	-0.36717526198788897	TRUE	378	70	1.307457524714314
ENSG00000159111	chr17:45176230-45176531	339	80993	TRUE	0.005382066204379032	-0.3227489673031865	TRUE	378	70	2.8614435867787535
ENSG00000108468	chr17:45176230-45176531	189	44951	TRUE	0.008431865345207748	-0.4579875894558392	TRUE	378	70	0.7954936091752868
ENSG00000182742	chr17:45176230-45176531	259	63172	TRUE	0.014935136125490217	-0.3778775568137016	TRUE	378	70	1.603737616800525
ENSG00000159210	chr17:45176230-45176531	141	32216	TRUE	0.044	-0.5020835531161687	TRUE	378	70	0.49707803368855275
ENSG00000136436	chr17:45176230-45176531	98	21882	TRUE	0.12	-0.3555218437289134	FALSE	378	70	0.2953946477494088
ENSG00000173917	chr17:45176230-45176531	52	9758	TRUE	0.324	-0.4873290547918301	FALSE	378	70	0.12357677844099295
ENSG00000159217	chr17:45176230-45176531	171	40568	TRUE	0.44	-0.28832729699082627	FALSE	378	70	0.6707709615925498
ENSG00000159111	chr17:45176230-45176531	339	80993	TRUE	1.0088355499983728e-6	-0.4934712580948255	TRUE	378	71	2.8614435867787535
ENSG00000159199	chr17:45176230-45176531	377	92540	TRUE	2.385843684604965e-6	-0.4860541490462911	TRUE	378	71	21.41769013615009
ENSG00000182742	chr17:45176230-45176531	259	63172	TRUE	0.0023629353558266356	-0.472967325333424	TRUE	378	71	1.603737616800525
ENSG00000108468	chr17:45176230-45176531	189	44951	TRUE	0.002738753940894109	-0.5226932788436542	TRUE	378	71	0.7954936091752868
ENSG00000170689	chr17:45176230-45176531	338	83804	TRUE	0.013254204656970026	-0.23485723171198503	TRUE	378	71	3.9586757919518316
ENSG00000159210	chr17:45176230-45176531	141	32216	TRUE	0.028	-0.5020835531161687	TRUE	378	71	0.49707803368855275
ENSG00000159217	chr17:45176230-45176531	171	40568	TRUE	0.04	-0.462356696765875	TRUE	378	71	0.6707709615925498
ENSG00000136436	chr17:45176230-45176531	98	21882	TRUE	0.216	-0.2775193317276401	FALSE	378	71	0.2953946477494088
ENSG00000260027	chr17:45176230-45176531	257	59677	TRUE	0.252	-0.20289998261123313	FALSE	378	71	1.307457524714314
ENSG00000173917	chr17:45176230-45176531	52	9758	TRUE	0.304	-0.44668707029448385	FALSE	378	71	0.12357677844099295
ENSG00000159111	chr17:45176230-45176531	339	80993	TRUE	2.043358544807092e-6	-0.47386670015531407	TRUE	378	72	2.8614435867787535
ENSG00000159199	chr17:45176230-45176531	377	92540	TRUE	4.710027766588725e-6	-0.49079830011811687	TRUE	378	72	21.41769013615009
ENSG00000170689	chr17:45176230-45176531	338	83804	TRUE	1.8056331626789893e-4	-0.3577389096427752	TRUE	378	72	3.9586757919518316
ENSG00000182742	chr17:45176230-45176531	259	63172	TRUE	3.705764774477732e-4	-0.5213303468948232	TRUE	378	72	1.603737616800525
ENSG00000108468	chr17:45176230-45176531	189	44951	TRUE	0.0010428743260234088	-0.5494106172194337	TRUE	378	72	0.7954936091752868
ENSG00000260027	chr17:45176230-45176531	257	59677	TRUE	0.002485323546940185	-0.38174806307516174	TRUE	378	72	1.307457524714314
ENSG00000159210	chr17:45176230-45176531	141	32216	TRUE	0.030369686435928106	-0.5020835531161687	TRUE	378	72	0.49707803368855275
ENSG00000159217	chr17:45176230-45176531	171	40568	TRUE	0.148	-0.362327878434603	FALSE	378	72	0.6707709615925498
ENSG00000173917	chr17:45176230-45176531	52	9758	TRUE	0.396	-0.4873290547918301	FALSE	378	72	0.12357677844099295
ENSG00000136436	chr17:45176230-45176531	98	21882	TRUE	0.72	-0.1608744128753694	FALSE	378	72	0.2953946477494088
ENSG00000159111	chr17:45176230-45176531	339	80993	TRUE	1.1067418505214012e-6	-0.5042780130514084	TRUE	378	73	2.8614435867787535
ENSG00000182742	chr17:45176230-45176531	259	63172	TRUE	5.2765452486506353e-5	-0.5578562229199371	TRUE	378	73	1.603737616800525
ENSG00000170689	chr17:45176230-45176531	338	83804	TRUE	1.4357776821432092e-4	-0.3299124822802306	TRUE	378	73	3.9586757919518316
ENSG00000159199	chr17:45176230-45176531	377	92540	TRUE	0.012947240755454677	-0.30595561709806773	TRUE	378	73	21.41769013615009
ENSG00000159217	chr17:45176230-45176531	171	40568	TRUE	0.022531100889886496	-0.462356696765875	TRUE	378	73	0.6707709615925498
ENSG00000108468	chr17:45176230-45176531	189	44951	TRUE	0.04	-0.4021343547223216	TRUE	378	73	0.7954936091752868
ENSG00000173917	chr17:45176230-45176531	52	9758	TRUE	0.128	-0.6166120717367964	FALSE	378	73	0.12357677844099295
ENSG00000136436	chr17:45176230-45176531	98	21882	TRUE	0.496	-0.17494959808709254	FALSE	378	73	0.2953946477494088
ENSG00000159210	chr17:45176230-45176531	141	32216	TRUE	0.608	-0.2738145654430515	FALSE	378	73	0.49707803368855275
ENSG00000260027	chr17:45176230-45176531	257	59677	TRUE	0.616	-0.046697840969251725	FALSE	378	73	1.307457524714314
ENSG00000159199	chr17:45176230-45176531	377	92540	TRUE	5.78691227464713e-6	-0.4955581033168457	TRUE	378	74	21.41769013615009
ENSG00000159111	chr17:45176230-45176531	339	80993	TRUE	8.316523304771617e-5	-0.42171541810420754	TRUE	378	74	2.8614435867787535
ENSG00000159217	chr17:45176230-45176531	171	40568	TRUE	0.024	-0.4847245097943297	TRUE	378	74	0.6707709615925498
ENSG00000136436	chr17:45176230-45176531	98	21882	TRUE	0.044	-0.43798400392088643	TRUE	378	74	0.2953946477494088
ENSG00000159210	chr17:45176230-45176531	141	32216	TRUE	0.044	-0.47149523328274556	TRUE	378	74	0.49707803368855275
ENSG00000108468	chr17:45176230-45176531	189	44951	TRUE	0.06	-0.36606510001479964	FALSE	378	74	0.7954936091752868
ENSG00000260027	chr17:45176230-45176531	257	59677	TRUE	0.072	-0.2522558234424398	FALSE	378	74	1.307457524714314
ENSG00000170689	chr17:45176230-45176531	338	83804	TRUE	0.144	-0.17228856961249006	FALSE	378	74	3.9586757919518316
ENSG00000182742	chr17:45176230-45176531	259	63172	TRUE	0.38	-0.09323669479053298	FALSE	378	74	1.603737616800525
ENSG00000173917	chr17:45176230-45176531	52	9758	TRUE	0.552	-0.33120985287454774	FALSE	378	74	0.12357677844099295
ENSG00000159111	chr17:45176230-45176531	339	80993	TRUE	1.4581751462875272e-7	-0.5353442111317748	TRUE	378	75	2.8614435867787535
ENSG00000170689	chr17:45176230-45176531	338	83804	TRUE	2.636943454186391e-6	-0.4589334054755636	TRUE	378	75	3.9586757919518316
ENSG00000182742	chr17:45176230-45176531	259	63172	TRUE	0.018657633580798916	-0.3988082146833024	TRUE	378	75	1.603737616800525
ENSG00000159210	chr17:45176230-45176531	141	32216	TRUE	0.028	-0.48161945055645305	TRUE	378	75	0.49707803368855275
ENSG00000159199	chr17:45176230-45176531	377	92540	TRUE	0.056	-0.31455122440075467	FALSE	378	75	21.41769013615009
ENSG00000159217	chr17:45176230-45176531	171	40568	TRUE	0.088	-0.4043510933303094	FALSE	378	75	0.6707709615925498
ENSG00000260027	chr17:45176230-45176531	257	59677	TRUE	0.172	-0.21916503697401732	FALSE	378	75	1.307457524714314
ENSG00000108468	chr17:45176230-45176531	189	44951	TRUE	0.228	-0.30788402892627054	FALSE	378	75	0.7954936091752868
ENSG00000136436	chr17:45176230-45176531	98	21882	TRUE	0.872	-0.09248743789511948	FALSE	378	75	0.2953946477494088
ENSG00000173917	chr17:45176230-45176531	52	9758	TRUE	0.98	-0.2242946489580362	FALSE	378	75	0.12357677844099295
ENSG00000170689	chr17:45176230-45176531	338	83804	TRUE	1.2059949338556579e-5	-0.4125156201476847	TRUE	378	76	3.9586757919518316
ENSG00000159199	chr17:45176230-45176531	377	92540	TRUE	1.5494563048310678e-5	-0.4412869102393868	TRUE	378	76	21.41769013615009
ENSG00000182742	chr17:45176230-45176531	259	63172	TRUE	2.326009827916583e-5	-0.5578562229199371	TRUE	378	76	1.603737616800525
ENSG00000159210	chr17:45176230-45176531	141	32216	TRUE	1.5078990161443082e-4	-0.7487235206992939	TRUE	378	76	0.49707803368855275
ENSG00000108468	chr17:45176230-45176531	189	44951	TRUE	0.0013888258468075024	-0.5226932788436542	TRUE	378	76	0.7954936091752868
ENSG00000260027	chr17:45176230-45176531	257	59677	TRUE	0.020663456355712345	-0.2895543648654153	TRUE	378	76	1.307457524714314
ENSG00000159217	chr17:45176230-45176531	171	40568	TRUE	0.076	-0.3902069110100398	FALSE	378	76	0.6707709615925498
ENSG00000159111	chr17:45176230-45176531	339	80993	TRUE	0.164	-0.2108322943215204	FALSE	378	76	2.8614435867787535
ENSG00000136436	chr17:45176230-45176531	98	21882	TRUE	0.38	-0.2326650959433798	FALSE	378	76	0.2953946477494088
ENSG00000173917	chr17:45176230-45176531	52	9758	TRUE	0.844	-0.15718045309949913	FALSE	378	76	0.12357677844099295
ENSG00000136436	chr17:45176230-45176531	98	21882	TRUE	7.439719812416829e-4	-0.6976278205539059	TRUE	378	77	0.2953946477494088
ENSG00000108468	chr17:45176230-45176531	189	44951	TRUE	0.0024687579254332667	-0.5226932788436542	TRUE	378	77	0.7954936091752868
ENSG00000260027	chr17:45176230-45176531	257	59677	TRUE	0.005678032719586022	-0.3349148982652909	TRUE	378	77	1.307457524714314
ENSG00000170689	chr17:45176230-45176531	338	83804	TRUE	0.008508372430867814	-0.25519312890052515	TRUE	378	77	3.9586757919518316
ENSG00000173917	chr17:45176230-45176531	52	9758	TRUE	0.028	-0.7097214761282777	TRUE	378	77	0.12357677844099295
ENSG00000182742	chr17:45176230-45176531	259	63172	TRUE	0.036	-0.3397940550822222	TRUE	378	77	1.603737616800525
ENSG00000159111	chr17:45176230-45176531	339	80993	TRUE	0.048	-0.25730233380536927	TRUE	378	77	2.8614435867787535
ENSG00000159217	chr17:45176230-45176531	171	40568	TRUE	0.068	-0.4403303904358761	TRUE	378	77	0.6707709615925498
ENSG00000159199	chr17:45176230-45176531	377	92540	TRUE	0.096	-0.2503934601007991	FALSE	378	77	21.41769013615009
ENSG00000159210	chr17:45176230-45176531	141	32216	TRUE	0.212	-0.37397872736848337	FALSE	378	77	0.49707803368855275
ENSG00000159199	chr17:45176230-45176531	377	92540	TRUE	1.7632237347433004e-7	-0.47943843795356944	TRUE	378	78	21.41769013615009
ENSG00000170689	chr17:45176230-45176531	338	83804	TRUE	2.6789236368165645e-5	-0.35529780070014394	TRUE	378	78	3.9586757919518316
ENSG00000159111	chr17:45176230-45176531	339	80993	TRUE	0.006334404517802608	-0.3195642087452317	TRUE	378	78	2.8614435867787535
ENSG00000173917	chr17:45176230-45176531	52	9758	TRUE	0.014996664721565578	-0.8617245695733278	TRUE	378	78	0.12357677844099295
ENSG00000260027	chr17:45176230-45176531	257	59677	TRUE	0.02349290439538164	-0.30683235629725086	TRUE	378	78	1.307457524714314
ENSG00000182742	chr17:45176230-45176531	259	63172	TRUE	0.044	-0.3484937500326076	TRUE	378	78	1.603737616800525
ENSG00000136436	chr17:45176230-45176531	98	21882	TRUE	0.08	-0.40443144420985977	FALSE	378	78	0.2953946477494088
ENSG00000108468	chr17:45176230-45176531	189	44951	TRUE	0.144	-0.34251037203590295	FALSE	378	78	0.7954936091752868
ENSG00000159210	chr17:45176230-45176531	141	32216	TRUE	0.388	-0.3275858218840322	FALSE	378	78	0.49707803368855275
ENSG00000159217	chr17:45176230-45176531	171	40568	TRUE	0.76	-0.22419695957111052	FALSE	378	78	0.6707709615925498
ENSG00000159111	chr17:45176230-45176531	339	80993	TRUE	4.402934406840263e-9	-0.5880168946018259	TRUE	378	79	2.8614435867787535
ENSG00000170689	chr17:45176230-45176531	338	83804	TRUE	3.7915694506878567e-4	-0.32632219828491116	TRUE	378	79	3.9586757919518316
ENSG00000159199	chr17:45176230-45176531	377	92540	TRUE	0.0014232337794196914	-0.35247421668442147	TRUE	378	79	21.41769013615009
ENSG00000159210	chr17:45176230-45176531	141	32216	TRUE	0.0033402316009825753	-0.6426818832889691	TRUE	378	79	0.49707803368855275
ENSG00000182742	chr17:45176230-45176531	259	63172	TRUE	0.004038000070931781	-0.450941019003425	TRUE	378	79	1.603737616800525
ENSG00000173917	chr17:45176230-45176531	52	9758	TRUE	0.009704475945604418	-0.9161723535957043	TRUE	378	79	0.12357677844099295
ENSG00000108468	chr17:45176230-45176531	189	44951	TRUE	0.028	-0.3960598403126372	TRUE	378	79	0.7954936091752868
ENSG00000136436	chr17:45176230-45176531	98	21882	TRUE	0.112	-0.3395802998598918	FALSE	378	79	0.2953946477494088
ENSG00000159217	chr17:45176230-45176531	171	40568	TRUE	0.156	-0.37620005301616044	FALSE	378	79	0.6707709615925498
ENSG00000260027	chr17:45176230-45176531	257	59677	TRUE	0.324	-0.1709098683667964	FALSE	378	79	1.307457524714314
ENSG00000159111	chr17:45176230-45176531	339	80993	TRUE	2.853434810375921e-4	-0.40305596287260714	TRUE	378	80	2.8614435867787535
ENSG00000159210	chr17:45176230-45176531	141	32216	TRUE	4.306291745239388e-4	-0.7125033327865407	TRUE	378	80	0.49707803368855275
ENSG00000182742	chr17:45176230-45176531	259	63172	TRUE	0.0090172898908219	-0.4416031544240888	TRUE	378	80	1.603737616800525
ENSG00000170689	chr17:45176230-45176531	338	83804	TRUE	0.024	-0.28740775376569494	TRUE	378	80	3.9586757919518316
ENSG00000108468	chr17:45176230-45176531	189	44951	TRUE	0.028	-0.4205128840371761	TRUE	378	80	0.7954936091752868
ENSG00000159199	chr17:45176230-45176531	377	92540	TRUE	0.06	-0.296995396664828	FALSE	378	80	21.41769013615009
ENSG00000159217	chr17:45176230-45176531	171	40568	TRUE	0.128	-0.38318648333226735	FALSE	378	80	0.6707709615925498
ENSG00000136436	chr17:45176230-45176531	98	21882	TRUE	0.488	-0.2326650959433798	FALSE	378	80	0.2953946477494088
ENSG00000260027	chr17:45176230-45176531	257	59677	TRUE	0.548	-0.14893149927130156	FALSE	378	80	1.307457524714314
ENSG00000173917	chr17:45176230-45176531	52	9758	TRUE	0.756	-0.2946839768494338	FALSE	378	80	0.12357677844099295
ENSG00000108468	chr17:45176230-45176531	189	44951	TRUE	5.640475360070007e-4	-0.5697784149133954	TRUE	378	81	0.7954936091752868
ENSG00000170689	chr17:45176230-45176531	338	83804	TRUE	7.335028311592565e-4	-0.3407372561718216	TRUE	378	81	3.9586757919518316
ENSG00000260027	chr17:45176230-45176531	257	59677	TRUE	0.0012773507721169676	-0.40017353754534607	TRUE	378	81	1.307457524714314
ENSG00000159111	chr17:45176230-45176531	339	80993	TRUE	0.016913603115038534	-0.2943361116279799	TRUE	378	81	2.8614435867787535
ENSG00000136436	chr17:45176230-45176531	98	21882	TRUE	0.056	-0.4550575172798279	FALSE	378	81	0.2953946477494088
ENSG00000182742	chr17:45176230-45176531	259	63172	TRUE	0.176	-0.28866959010454807	FALSE	378	81	1.603737616800525
ENSG00000159199	chr17:45176230-45176531	377	92540	TRUE	0.292	-0.22942803969191683	FALSE	378	81	21.41769013615009
ENSG00000159210	chr17:45176230-45176531	141	32216	TRUE	0.528	-0.29151656717651053	FALSE	378	81	0.49707803368855275
ENSG00000173917	chr17:45176230-45176531	52	9758	TRUE	0.596	-0.09305011567978339	FALSE	378	81	0.12357677844099295
ENSG00000159217	chr17:45176230-45176531	171	40568	TRUE	0.832	-0.21793796909942809	FALSE	378	81	0.6707709615925498
ENSG00000170689	chr17:45176230-45176531	338	83804	TRUE	1.4058619989557042e-5	-0.38985502273651274	TRUE	378	82	3.9586757919518316
ENSG00000159199	chr17:45176230-45176531	377	92540	TRUE	1.6487198758595618e-4	-0.41557460760803444	TRUE	378	82	21.41769013615009
ENSG00000159111	chr17:45176230-45176531	339	80993	TRUE	3.3008139911581795e-4	-0.3879666267496671	TRUE	378	82	2.8614435867787535
ENSG00000159217	chr17:45176230-45176531	171	40568	TRUE	0.011299552183343428	-0.5150981588378486	TRUE	378	82	0.6707709615925498
ENSG00000136436	chr17:45176230-45176531	98	21882	TRUE	0.016535672890610642	-0.4723355087116632	TRUE	378	82	0.2953946477494088
ENSG00000182742	chr17:45176230-45176531	259	63172	TRUE	0.0236291543048449	-0.38980072418952105	TRUE	378	82	1.603737616800525
ENSG00000260027	chr17:45176230-45176531	257	59677	TRUE	0.032	-0.2929934488321865	TRUE	378	82	1.307457524714314
ENSG00000108468	chr17:45176230-45176531	189	44951	TRUE	0.08	-0.36014026605769445	FALSE	378	82	0.7954936091752868
ENSG00000159210	chr17:45176230-45176531	141	32216	TRUE	0.58	-0.14755079279687866	FALSE	378	82	0.49707803368855275
ENSG00000173917	chr17:45176230-45176531	52	9758	TRUE	1	-0.2242946489580362	FALSE	378	82	0.12357677844099295
ENSG00000108468	chr17:45176230-45176531	189	44951	TRUE	7.303918168976957e-5	-0.6398259124416521	TRUE	378	83	0.7954936091752868
ENSG00000159199	chr17:45176230-45176531	377	92540	TRUE	2.2805940417300677e-4	-0.4142220809081394	TRUE	378	83	21.41769013615009
ENSG00000182742	chr17:45176230-45176531	259	63172	TRUE	8.158472083022762e-4	-0.5147875010280512	TRUE	378	83	1.603737616800525
ENSG00000170689	chr17:45176230-45176531	338	83804	TRUE	0.0012653682458604876	-0.2920691311355581	TRUE	378	83	3.9586757919518316
ENSG00000260027	chr17:45176230-45176531	257	59677	TRUE	0.010285691276285064	-0.3349148982652909	TRUE	378	83	1.307457524714314
ENSG00000159217	chr17:45176230-45176531	171	40568	TRUE	0.024	-0.47722997324740535	TRUE	378	83	0.6707709615925498
ENSG00000136436	chr17:45176230-45176531	98	21882	TRUE	0.168	-0.3716415090921905	FALSE	378	83	0.2953946477494088
ENSG00000159210	chr17:45176230-45176531	141	32216	TRUE	0.172	-0.3929618307360563	FALSE	378	83	0.49707803368855275
ENSG00000173917	chr17:45176230-45176531	52	9758	TRUE	0.472	-0.062023220059158835	FALSE	378	83	0.12357677844099295
ENSG00000159111	chr17:45176230-45176531	339	80993	TRUE	0.956	-0.10834933672026925	FALSE	378	83	2.8614435867787535
ENSG00000136436	chr17:45176230-45176531	98	21882	TRUE	1.700945186503336e-4	-0.738850483280419	TRUE	378	84	0.2953946477494088
ENSG00000260027	chr17:45176230-45176531	257	59677	TRUE	2.0916191100360526e-4	-0.44155745831046533	TRUE	378	84	1.307457524714314
ENSG00000182742	chr17:45176230-45176531	259	63172	TRUE	0.0021815371669818492	-0.4825110980042949	TRUE	378	84	1.603737616800525
ENSG00000173917	chr17:45176230-45176531	52	9758	TRUE	0.005379784712666272	-1.0316495710156404	TRUE	378	84	0.12357677844099295
ENSG00000170689	chr17:45176230-45176531	338	83804	TRUE	0.014112125865285291	-0.23710267191762946	TRUE	378	84	3.9586757919518316
ENSG00000159210	chr17:45176230-45176531	141	32216	TRUE	0.015926369390182493	-0.5439037288107957	TRUE	378	84	0.49707803368855275
ENSG00000159199	chr17:45176230-45176531	377	92540	TRUE	0.064	-0.28891653190414335	TRUE	378	84	21.41769013615009
ENSG00000159111	chr17:45176230-45176531	339	80993	TRUE	0.12	-0.23163361304379237	FALSE	378	84	2.8614435867787535
ENSG00000108468	chr17:45176230-45176531	189	44951	TRUE	0.24	-0.30219291684841476	FALSE	378	84	0.7954936091752868
ENSG00000159217	chr17:45176230-45176531	171	40568	TRUE	0.576	-0.2623320884578818	FALSE	378	84	0.6707709615925498
ENSG00000159111	chr17:45176230-45176531	339	80993	TRUE	6.8867372076532145e-6	-0.4685659163320053	TRUE	378	85	2.8614435867787535
ENSG00000182742	chr17:45176230-45176531	259	63172	TRUE	2.541457914274278e-4	-0.5082741940693767	TRUE	378	85	1.603737616800525
ENSG00000170689	chr17:45176230-45176531	338	83804	TRUE	0.01018055676045121	-0.24498934933720884	TRUE	378	85	3.9586757919518316
ENSG00000159217	chr17:45176230-45176531	171	40568	TRUE	0.024	-0.4403303904358761	TRUE	378	85	0.6707709615925498
ENSG00000136436	chr17:45176230-45176531	98	21882	TRUE	0.025867411850112598	-0.4550575172798279	TRUE	378	85	0.2953946477494088
ENSG00000260027	chr17:45176230-45176531	257	59677	TRUE	0.04	-0.2724808515064738	TRUE	378	85	1.307457524714314
ENSG00000159199	chr17:45176230-45176531	377	92540	TRUE	0.1	-0.28664603348146755	FALSE	378	85	21.41769013615009
ENSG00000159210	chr17:45176230-45176531	141	32216	TRUE	0.244	-0.3552421647868975	FALSE	378	85	0.49707803368855275
ENSG00000108468	chr17:45176230-45176531	189	44951	TRUE	0.36	-0.2740693159340267	FALSE	378	85	0.7954936091752868
ENSG00000173917	chr17:45176230-45176531	52	9758	TRUE	0.544	-0.09305011567978339	FALSE	378	85	0.12357677844099295
ENSG00000159199	chr17:45176230-45176531	377	92540	TRUE	1.0899695076010615e-5	-0.4373892812187199	TRUE	378	86	21.41769013615009
ENSG00000159111	chr17:45176230-45176531	339	80993	TRUE	1.982799323474037e-5	-0.44755542303946694	TRUE	378	86	2.8614435867787535
ENSG00000182742	chr17:45176230-45176531	259	63172	TRUE	8.499269594645538e-4	-0.49855903923616485	TRUE	378	86	1.603737616800525
ENSG00000136436	chr17:45176230-45176531	98	21882	TRUE	0.044	-0.40443144420985977	FALSE	378	86	0.2953946477494088
ENSG00000159210	chr17:45176230-45176531	141	32216	TRUE	0.076	-0.45145748004620057	FALSE	378	86	0.49707803368855275
ENSG00000173917	chr17:45176230-45176531	52	9758	TRUE	0.088	-0.7097214761282777	FALSE	378	86	0.12357677844099295
ENSG00000260027	chr17:45176230-45176531	257	59677	TRUE	0.108	-0.24224865008705865	FALSE	378	86	1.307457524714314
ENSG00000159217	chr17:45176230-45176531	171	40568	TRUE	0.188	-0.3485878218083005	FALSE	378	86	0.6707709615925498
ENSG00000108468	chr17:45176230-45176531	189	44951	TRUE	0.208	-0.2852530544267027	FALSE	378	86	0.7954936091752868
ENSG00000170689	chr17:45176230-45176531	338	83804	TRUE	0.244	-0.1477903907498419	FALSE	378	86	3.9586757919518316
ENSG00000159217	chr17:45176230-45176531	171	40568	TRUE	0.013707807724104196	-0.5074445862944131	TRUE	378	87	0.6707709615925498
ENSG00000159199	chr17:45176230-45176531	377	92540	TRUE	0.024	-0.30407561171105435	TRUE	378	87	21.41769013615009
ENSG00000170689	chr17:45176230-45176531	338	83804	TRUE	0.028	-0.23485723171198503	TRUE	378	87	3.9586757919518316
ENSG00000108468	chr17:45176230-45176531	189	44951	TRUE	0.044	-0.3779882673906191	FALSE	378	87	0.7954936091752868
ENSG00000182742	chr17:45176230-45176531	259	63172	TRUE	0.064	-0.3543228288348049	FALSE	378	87	1.603737616800525
ENSG00000159111	chr17:45176230-45176531	339	80993	TRUE	0.1	-0.23913594425562312	FALSE	378	87	2.8614435867787535
ENSG00000136436	chr17:45176230-45176531	98	21882	TRUE	0.12	-0.3395802998598918	FALSE	378	87	0.2953946477494088
ENSG00000173917	chr17:45176230-45176531	52	9758	TRUE	0.156	-0.572217952378343	FALSE	378	87	0.12357677844099295
ENSG00000260027	chr17:45176230-45176531	257	59677	TRUE	0.28	-0.18681625927615714	FALSE	378	87	1.307457524714314
ENSG00000159210	chr17:45176230-45176531	141	32216	TRUE	0.588	-0.28263841583005744	FALSE	378	87	0.49707803368855275
ENSG00000159199	chr17:45176230-45176531	377	92540	TRUE	5.424770541967872e-7	-0.5312773694731869	TRUE	378	88	21.41769013615009
ENSG00000182742	chr17:45176230-45176531	259	63172	TRUE	2.6212500225060442e-5	-0.598786486974819	TRUE	378	88	1.603737616800525
ENSG00000159111	chr17:45176230-45176531	339	80993	TRUE	1.2276231660384926e-4	-0.40305596287260714	TRUE	378	88	2.8614435867787535
ENSG00000108468	chr17:45176230-45176531	189	44951	TRUE	0.0018829263177837369	-0.5426847540311203	TRUE	378	88	0.7954936091752868
ENSG00000170689	chr17:45176230-45176531	338	83804	TRUE	0.0035844262556342377	-0.2746660848741129	TRUE	378	88	3.9586757919518316
ENSG00000260027	chr17:45176230-45176531	257	59677	TRUE	0.03343593108919138	-0.2792860294115882	TRUE	378	88	1.307457524714314
ENSG00000159217	chr17:45176230-45176531	171	40568	TRUE	0.276	-0.32149416092602534	FALSE	378	88	0.6707709615925498
ENSG00000173917	chr17:45176230-45176531	52	9758	TRUE	0.504	-0.3686845582932108	FALSE	378	88	0.12357677844099295
ENSG00000159210	chr17:45176230-45176531	141	32216	TRUE	0.816	-0.26504435581531927	FALSE	378	88	0.49707803368855275
ENSG00000136436	chr17:45176230-45176531	98	21882	TRUE	0.888	-0.05295907370848196	FALSE	378	88	0.2953946477494088
ENSG00000159111	chr17:45176230-45176531	339	80993	TRUE	7.215932875184565e-5	-0.4285609590186099	TRUE	378	89	2.8614435867787535
ENSG00000108468	chr17:45176230-45176531	189	44951	TRUE	3.823142694466923e-4	-0.576632085954458	TRUE	378	89	0.7954936091752868
ENSG00000159199	chr17:45176230-45176531	377	92540	TRUE	0.003934520142399464	-0.3492397148268678	TRUE	378	89	21.41769013615009
ENSG00000136436	chr17:45176230-45176531	98	21882	TRUE	0.0042369775408311605	-0.5805883993636867	TRUE	378	89	0.2953946477494088
ENSG00000260027	chr17:45176230-45176531	257	59677	TRUE	0.0056755624411604505	-0.33846396534636164	TRUE	378	89	1.307457524714314
ENSG00000170689	chr17:45176230-45176531	338	83804	TRUE	0.008231747524771169	-0.25747046961159104	TRUE	378	89	3.9586757919518316
ENSG00000182742	chr17:45176230-45176531	259	63172	TRUE	0.032	-0.4048446044139712	TRUE	378	89	1.603737616800525
ENSG00000173917	chr17:45176230-45176531	52	9758	TRUE	0.288	-0.44668707029448385	FALSE	378	89	0.12357677844099295
ENSG00000159210	chr17:45176230-45176531	141	32216	TRUE	0.352	-0.3275858218840322	FALSE	378	89	0.49707803368855275
ENSG00000159217	chr17:45176230-45176531	171	40568	TRUE	0.8	-0.2304832224185419	FALSE	378	89	0.6707709615925498
ENSG00000108468	chr17:45176230-45176531	189	44951	TRUE	2.162816991630248e-5	-0.6761677595053726	TRUE	378	90	0.7954936091752868
ENSG00000159199	chr17:45176230-45176531	377	92540	TRUE	0.0038860947918950978	-0.3574479135749584	TRUE	378	90	21.41769013615009
ENSG00000170689	chr17:45176230-45176531	338	83804	TRUE	0.006862932199484396	-0.2677632246194248	TRUE	378	90	3.9586757919518316
ENSG00000182742	chr17:45176230-45176531	259	63172	TRUE	0.016482610648111934	-0.3868106815837096	TRUE	378	90	1.603737616800525
ENSG00000159210	chr17:45176230-45176531	141	32216	TRUE	0.01762348555531565	-0.5333344871006085	TRUE	378	90	0.49707803368855275
ENSG00000159111	chr17:45176230-45176531	339	80993	TRUE	0.020990317622028215	-0.286541954146182	TRUE	378	90	2.8614435867787535
ENSG00000159217	chr17:45176230-45176531	171	40568	TRUE	0.04	-0.4847245097943297	TRUE	378	90	0.6707709615925498
ENSG00000173917	chr17:45176230-45176531	52	9758	TRUE	0.112	-0.6166120717367964	FALSE	378	90	0.12357677844099295
ENSG00000260027	chr17:45176230-45176531	257	59677	TRUE	0.368	-0.18043264248530289	FALSE	378	90	1.307457524714314
ENSG00000136436	chr17:45176230-45176531	98	21882	TRUE	0.652	-0.17494959808709254	FALSE	378	90	0.2953946477494088
ENSG00000159199	chr17:45176230-45176531	377	92540	TRUE	1.6184008449549904e-7	-0.5736798118349706	TRUE	378	91	21.41769013615009
ENSG00000108468	chr17:45176230-45176531	189	44951	TRUE	4.5875103873360343e-4	-0.5835184715396979	TRUE	378	91	0.7954936091752868
ENSG00000159111	chr17:45176230-45176531	339	80993	TRUE	0.0015825621127662538	-0.36152474035334037	TRUE	378	91	2.8614435867787535
ENSG00000170689	chr17:45176230-45176531	338	83804	TRUE	0.024	-0.25747046961159104	TRUE	378	91	3.9586757919518316
ENSG00000159217	chr17:45176230-45176531	171	40568	TRUE	0.028	-0.4998314021845379	TRUE	378	91	0.6707709615925498
ENSG00000260027	chr17:45176230-45176531	257	59677	TRUE	0.068	-0.2724808515064738	FALSE	378	91	1.307457524714314
ENSG00000182742	chr17:45176230-45176531	259	63172	TRUE	0.128	-0.31684812341614227	FALSE	378	91	1.603737616800525
ENSG00000159210	chr17:45176230-45176531	141	32216	TRUE	0.256	-0.3834390566175496	FALSE	378	91	0.49707803368855275
ENSG00000136436	chr17:45176230-45176531	98	21882	TRUE	0.436	-0.18916345730679307	FALSE	378	91	0.2953946477494088
ENSG00000173917	chr17:45176230-45176531	52	9758	TRUE	0.544	-0.3686845582932108	FALSE	378	91	0.12357677844099295
ENSG00000159199	chr17:45176230-45176531	377	92540	TRUE	1.2442283241361277e-4	-0.4376182622589422	TRUE	378	92	21.41769013615009
ENSG00000136436	chr17:45176230-45176531	98	21882	TRUE	2.609390211936423e-4	-0.7180919231136218	TRUE	378	92	0.2953946477494088
ENSG00000108468	chr17:45176230-45176531	189	44951	TRUE	4.0362164168331396e-4	-0.5904378854794886	TRUE	378	92	0.7954936091752868
ENSG00000182742	chr17:45176230-45176531	259	63172	TRUE	0.0012495461449647007	-0.4793228203732476	TRUE	378	92	1.603737616800525
ENSG00000159210	chr17:45176230-45176531	141	32216	TRUE	0.004254323368202667	-0.5760841345599454	TRUE	378	92	0.49707803368855275
ENSG00000170689	chr17:45176230-45176531	338	83804	TRUE	0.005553544790039208	-0.25861048945826015	TRUE	378	92	3.9586757919518316
ENSG00000159217	chr17:45176230-45176531	171	40568	TRUE	0.024	-0.4847245097943297	TRUE	378	92	0.6707709615925498
ENSG00000173917	chr17:45176230-45176531	52	9758	TRUE	0.024	-0.8092571496791923	TRUE	378	92	0.12357677844099295
ENSG00000260027	chr17:45176230-45176531	257	59677	TRUE	0.064	-0.24557666780481296	TRUE	378	92	1.307457524714314
ENSG00000159111	chr17:45176230-45176531	339	80993	TRUE	0.12	-0.2211954638545619	FALSE	378	92	2.8614435867787535
ENSG00000182742	chr17:45176230-45176531	259	63172	TRUE	2.2563413513037364e-6	-0.6624451241971369	TRUE	378	93	1.603737616800525
ENSG00000108468	chr17:45176230-45176531	189	44951	TRUE	7.1006758595474825e-6	-0.690964761433453	TRUE	378	93	0.7954936091752868
ENSG00000170689	chr17:45176230-45176531	338	83804	TRUE	1.467018740432171e-5	-0.3936071575976201	TRUE	378	93	3.9586757919518316
ENSG00000159210	chr17:45176230-45176531	141	32216	TRUE	1.7405348423657832e-5	-0.8240116480035311	TRUE	378	93	0.49707803368855275
ENSG00000159111	chr17:45176230-45176531	339	80993	TRUE	6.2232939397968007e-05	-0.4183047899415553	TRUE	378	93	2.8614435867787535
ENSG00000159217	chr17:45176230-45176531	171	40568	TRUE	0.0026207064610201114	-0.5461250544584729	TRUE	378	93	0.6707709615925498
ENSG00000159199	chr17:45176230-45176531	377	92540	TRUE	0.024	-0.3024065500169968	TRUE	378	93	21.41769013615009
ENSG00000136436	chr17:45176230-45176531	98	21882	TRUE	0.06	-0.43798400392088643	TRUE	378	93	0.2953946477494088
ENSG00000173917	chr17:45176230-45176531	52	9758	TRUE	0.096	-0.6624157613499211	FALSE	378	93	0.12357677844099295
ENSG00000260027	chr17:45176230-45176531	257	59677	TRUE	0.352	0.013008405155016	FALSE	378	93	1.307457524714314
ENSG00000159111	chr17:45176230-45176531	339	80993	TRUE	6.32050848381493e-5	-0.44755542303946694	TRUE	378	94	2.8614435867787535
ENSG00000159217	chr17:45176230-45176531	171	40568	TRUE	7.050799460721173e-5	-0.7387701324008688	TRUE	378	94	0.6707709615925498
ENSG00000159199	chr17:45176230-45176531	377	92540	TRUE	4.8099936302577195e-4	-0.42212975498993455	TRUE	378	94	21.41769013615009
ENSG00000260027	chr17:45176230-45176531	257	59677	TRUE	5.126586020111068e-4	-0.42637105449578916	TRUE	378	94	1.307457524714314
ENSG00000159210	chr17:45176230-45176531	141	32216	TRUE	0.007727270166385025	-0.5652773796033628	TRUE	378	94	0.49707803368855275
ENSG00000182742	chr17:45176230-45176531	259	63172	TRUE	0.017824509859573456	-0.4200470110576415	TRUE	378	94	1.603737616800525
ENSG00000173917	chr17:45176230-45176531	52	9758	TRUE	0.024	-0.8617245695733278	TRUE	378	94	0.12357677844099295
ENSG00000108468	chr17:45176230-45176531	189	44951	TRUE	0.044	-0.3960598403126372	TRUE	378	94	0.7954936091752868
ENSG00000170689	chr17:45176230-45176531	338	83804	TRUE	0.064	-0.2303768087293161	TRUE	378	94	3.9586757919518316
ENSG00000136436	chr17:45176230-45176531	98	21882	TRUE	0.084	-0.3716415090921905	TRUE	378	94	0.2953946477494088
ENSG00000260027	chr17:45176230-45176531	257	59677	TRUE	2.8768417031040973e-6	-0.5443682638942409	TRUE	378	95	1.307457524714314
ENSG00000182742	chr17:45176230-45176531	259	63172	TRUE	4.7522611535687036e-5	-0.6022503422783906	TRUE	378	95	1.603737616800525
ENSG00000159199	chr17:45176230-45176531	377	92540	TRUE	0.005240323708941688	-0.34601244845784773	TRUE	378	95	21.41769013615009
ENSG00000108468	chr17:45176230-45176531	189	44951	TRUE	0.04	-0.4021343547223216	FALSE	378	95	0.7954936091752868
ENSG00000159111	chr17:45176230-45176531	339	80993	TRUE	0.072	-0.27107883675837763	FALSE	378	95	2.8614435867787535
ENSG00000173917	chr17:45176230-45176531	52	9758	TRUE	0.088	-0.7097214761282777	FALSE	378	95	0.12357677844099295
ENSG00000159210	chr17:45176230-45176531	141	32216	TRUE	0.172	-0.43169422522477063	FALSE	378	95	0.49707803368855275
ENSG00000159217	chr17:45176230-45176531	171	40568	TRUE	0.372	-0.10390272585339866	FALSE	378	95	0.6707709615925498
ENSG00000136436	chr17:45176230-45176531	98	21882	TRUE	0.476	-0.17494959808709254	FALSE	378	95	0.2953946477494088
ENSG00000170689	chr17:45176230-45176531	338	83804	TRUE	0.496	-0.10000778576875224	FALSE	378	95	3.9586757919518316
ENSG00000170689	chr17:45176230-45176531	338	83804	TRUE	1.1306236235780927e-5	-0.37370760015991533	TRUE	378	96	3.9586757919518316
ENSG00000182742	chr17:45176230-45176531	259	63172	TRUE	0.0038500963203957628	-0.43541132070982086	TRUE	378	96	1.603737616800525
ENSG00000108468	chr17:45176230-45176531	189	44951	TRUE	0.00920526256500151	-0.46432911632966567	TRUE	378	96	0.7954936091752868
ENSG00000159199	chr17:45176230-45176531	377	92540	TRUE	0.028	-0.3074195391322405	TRUE	378	96	21.41769013615009
ENSG00000159210	chr17:45176230-45176531	141	32216	TRUE	0.064	-0.47149523328274556	FALSE	378	96	0.49707803368855275
ENSG00000260027	chr17:45176230-45176531	257	59677	TRUE	0.164	-0.2126369939765198	FALSE	378	96	1.307457524714314
ENSG00000159217	chr17:45176230-45176531	171	40568	TRUE	0.18	-0.362327878434603	FALSE	378	96	0.6707709615925498
ENSG00000159111	chr17:45176230-45176531	339	80993	TRUE	0.216	-0.19907911289584268	FALSE	378	96	2.8614435867787535
ENSG00000173917	chr17:45176230-45176531	52	9758	TRUE	0.236	-0.4873290547918301	FALSE	378	96	0.12357677844099295
ENSG00000136436	chr17:45176230-45176531	98	21882	TRUE	0.38	0.03526810930325319	FALSE	378	96	0.2953946477494088
ENSG00000159199	chr17:45176230-45176531	377	92540	TRUE	5.942693097539531e-5	-0.41896148225427154	TRUE	378	97	21.41769013615009
ENSG00000108468	chr17:45176230-45176531	189	44951	TRUE	6.15885635637534e-5	-0.6255416864354043	TRUE	378	97	0.7954936091752868
ENSG00000159111	chr17:45176230-45176531	339	80993	TRUE	1.739099913992525e-4	-0.4098133290479158	TRUE	378	97	2.8614435867787535
ENSG00000260027	chr17:45176230-45176531	257	59677	TRUE	0.0010764161030846348	-0.42637105449578916	TRUE	378	97	1.307457524714314
ENSG00000170689	chr17:45176230-45176531	338	83804	TRUE	0.002627415140028136	-0.26546959132091597	TRUE	378	97	3.9586757919518316
ENSG00000159210	chr17:45176230-45176531	141	32216	TRUE	0.0143514520566759	-0.5333344871006085	TRUE	378	97	0.49707803368855275
ENSG00000159217	chr17:45176230-45176531	171	40568	TRUE	0.032	-0.4847245097943297	TRUE	378	97	0.6707709615925498
ENSG00000136436	chr17:45176230-45176531	98	21882	TRUE	0.164	-0.3082161289505567	FALSE	378	97	0.2953946477494088
ENSG00000182742	chr17:45176230-45176531	259	63172	TRUE	0.296	-0.2747840638495982	FALSE	378	97	1.603737616800525
ENSG00000173917	chr17:45176230-45176531	52	9758	TRUE	0.376	-0.44668707029448385	FALSE	378	97	0.12357677844099295
ENSG00000170689	chr17:45176230-45176531	338	83804	TRUE	6.345821819999037e-6	-0.403660822261543	TRUE	378	98	3.9586757919518316
ENSG00000182742	chr17:45176230-45176531	259	63172	TRUE	1.846448850476956e-5	-0.6092031029201573	TRUE	378	98	1.603737616800525
ENSG00000159199	chr17:45176230-45176531	377	92540	TRUE	5.374251499581581e-5	-0.4385345500260964	TRUE	378	98	21.41769013615009
ENSG00000260027	chr17:45176230-45176531	257	59677	TRUE	7.650425783421386e-5	-0.5039539954483326	TRUE	378	98	1.307457524714314
ENSG00000108468	chr17:45176230-45176531	189	44951	TRUE	1.1796039287167645e-4	-0.6113975041151347	TRUE	378	98	0.7954936091752868
ENSG00000159111	chr17:45176230-45176531	339	80993	TRUE	3.5276785574788784e-4	-0.3813105824593539	TRUE	378	98	2.8614435867787535
ENSG00000159217	chr17:45176230-45176531	171	40568	TRUE	5.637895329652243e-4	-0.618475898683157	TRUE	378	98	0.6707709615925498
ENSG00000159210	chr17:45176230-45176531	141	32216	TRUE	0.092	-0.45145748004620057	FALSE	378	98	0.49707803368855275
ENSG00000136436	chr17:45176230-45176531	98	21882	TRUE	0.248	-0.26241243933743186	FALSE	378	98	0.2953946477494088
ENSG00000173917	chr17:45176230-45176531	52	9758	TRUE	0.864	-0.2242946489580362	FALSE	378	98	0.12357677844099295
ENSG00000182742	chr17:45176230-45176531	259	63172	TRUE	0.00254351390932437	-0.4761415731285676	TRUE	378	99	1.603737616800525
ENSG00000260027	chr17:45176230-45176531	257	59677	TRUE	0.013947318385224963	-0.31729935534831955	TRUE	378	99	1.307457524714314
ENSG00000159199	chr17:45176230-45176531	377	92540	TRUE	0.024	-0.3505326454952309	TRUE	378	99	21.41769013615009
ENSG00000108468	chr17:45176230-45176531	189	44951	TRUE	0.04	-0.37201436634598617	FALSE	378	99	0.7954936091752868
ENSG00000159217	chr17:45176230-45176531	171	40568	TRUE	0.064	-0.4043510933303094	FALSE	378	99	0.6707709615925498
ENSG00000136436	chr17:45176230-45176531	98	21882	TRUE	0.076	-0.3716415090921905	FALSE	378	99	0.2953946477494088
ENSG00000170689	chr17:45176230-45176531	338	83804	TRUE	0.076	-0.202685074860268	FALSE	378	99	3.9586757919518316
ENSG00000173917	chr17:45176230-45176531	52	9758	TRUE	0.252	-0.4873290547918301	FALSE	378	99	0.12357677844099295
ENSG00000159210	chr17:45176230-45176531	141	32216	TRUE	0.32	-0.336745821169508	FALSE	378	99	0.49707803368855275
ENSG00000159111	chr17:45176230-45176531	339	80993	TRUE	0.516	-0.15583826250158817	FALSE	378	99	2.8614435867787535
ENSG00000159199	chr17:45176230-45176531	377	92540	TRUE	1.9357530023890457e-5	-0.4702739627038248	TRUE	378	100	21.41769013615009
ENSG00000159111	chr17:45176230-45176531	339	80993	TRUE	0.0012210667729834583	-0.36480359413035	TRUE	378	100	2.8614435867787535
ENSG00000260027	chr17:45176230-45176531	257	59677	TRUE	0.005486314741412826	-0.33846396534636164	TRUE	378	100	1.307457524714314
ENSG00000170689	chr17:45176230-45176531	338	83804	TRUE	0.008616255438452472	-0.25405580519882665	TRUE	378	100	3.9586757919518316
ENSG00000159210	chr17:45176230-45176531	141	32216	TRUE	0.018240143883263615	-0.5545509730103042	TRUE	378	100	0.49707803368855275
ENSG00000108468	chr17:45176230-45176531	189	44951	TRUE	0.036	-0.4205128840371761	TRUE	378	100	0.7954936091752868
ENSG00000159217	chr17:45176230-45176531	171	40568	TRUE	0.052	-0.44763519105910954	TRUE	378	100	0.6707709615925498
ENSG00000173917	chr17:45176230-45176531	52	9758	TRUE	0.104	-0.6624157613499211	FALSE	378	100	0.12357677844099295
ENSG00000182742	chr17:45176230-45176531	259	63172	TRUE	0.18	-0.29146280499622845	FALSE	378	100	1.603737616800525
ENSG00000136436	chr17:45176230-45176531	98	21882	TRUE	0.196	-0.3082161289505567	FALSE	378	100	0.2953946477494088
ENSG00000130402	chr19:38826846-38827147	562	91220	TRUE	1.4339284454748912e-7	-0.528286242000223	TRUE	564	1	8.71740783566153
ENSG00000105193	chr19:38826846-38827147	564	92727	TRUE	3.0946629077518387e-7	-0.3826684821658679	TRUE	564	1	281.3449795306103
ENSG00000167645	chr19:38826846-38827147	564	92411	TRUE	5.262713323677488e-7	-0.4661219779159014	TRUE	564	1	18.180557725762263
ENSG00000099341	chr19:38826846-38827147	564	92652	TRUE	8.068812212007928e-7	-0.48256246349736465	TRUE	564	1	24.372313718137026
ENSG00000178982	chr19:38826846-38827147	564	92718	TRUE	2.9146350256475375e-6	-0.46161206277667954	TRUE	564	1	39.78427450857839
ENSG00000104823	chr19:38826846-38827147	539	88622	TRUE	1.4879289092914732e-4	-0.3103045314035362	TRUE	564	1	5.037980353552715
ENSG00000167641	chr19:38826846-38827147	498	80280	TRUE	4e-4	-0.46682677363560243	TRUE	564	1	7.115003593862308
ENSG00000128626	chr19:38826846-38827147	560	91448	TRUE	0.014389590012094972	-0.41895403936372144	TRUE	564	1	15.173484588060044
ENSG00000167645	chr19:38826846-38827147	564	92411	TRUE	1.1424357965327957e-7	-0.4834771098773314	TRUE	564	2	18.180557725762263
ENSG00000130402	chr19:38826846-38827147	562	91220	TRUE	1.5527745890002963e-6	-0.49768189984733846	TRUE	564	2	8.71740783566153
ENSG00000104823	chr19:38826846-38827147	539	88622	TRUE	1.6332356574332946e-6	-0.3869152147346999	TRUE	564	2	5.037980353552715
ENSG00000178982	chr19:38826846-38827147	564	92718	TRUE	4.992368524987106e-6	-0.46177301497642187	TRUE	564	2	39.78427450857839
ENSG00000099341	chr19:38826846-38827147	564	92652	TRUE	6.9170926653251e-5	-0.4192568676639077	TRUE	564	2	24.372313718137026
ENSG00000105193	chr19:38826846-38827147	564	92727	TRUE	0.0015400372062116113	-0.2998350430276773	TRUE	564	2	281.3449795306103
ENSG00000167641	chr19:38826846-38827147	498	80280	TRUE	0.002732117760991533	-0.3727568016280651	TRUE	564	2	7.115003593862308
ENSG00000128626	chr19:38826846-38827147	560	91448	TRUE	0.116	-0.378323332485309	FALSE	564	2	15.173484588060044
ENSG00000099341	chr19:38826846-38827147	564	92652	TRUE	1.4339733590011433e-12	-0.6016579141095013	TRUE	564	3	24.372313718137026
ENSG00000130402	chr19:38826846-38827147	562	91220	TRUE	1.0078869262988583e-5	-0.4615018784158922	TRUE	564	3	8.71740783566153
ENSG00000128626	chr19:38826846-38827147	560	91448	TRUE	8.087577127068556e-5	-0.5252916001025731	TRUE	564	3	15.173484588060044
ENSG00000105193	chr19:38826846-38827147	564	92727	TRUE	3.802446210420321e-4	-0.30056499318027363	TRUE	564	3	281.3449795306103
ENSG00000167641	chr19:38826846-38827147	498	80280	TRUE	8e-4	-0.3630322917362445	TRUE	564	3	7.115003593862308
ENSG00000178982	chr19:38826846-38827147	564	92718	TRUE	9.114635203509372e-4	-0.3746416024536998	TRUE	564	3	39.78427450857839
ENSG00000167645	chr19:38826846-38827147	564	92411	TRUE	0.0033585626004000307	-0.3288124821456666	TRUE	564	3	18.180557725762263
ENSG00000104823	chr19:38826846-38827147	539	88622	TRUE	0.044	-0.19334838505768692	TRUE	564	3	5.037980353552715
ENSG00000178982	chr19:38826846-38827147	564	92718	TRUE	6.718937373954728e-9	-0.49186244142742996	TRUE	564	4	39.78427450857839
ENSG00000130402	chr19:38826846-38827147	562	91220	TRUE	2.7732631566614475e-5	-0.4477134405732537	TRUE	564	4	8.71740783566153
ENSG00000105193	chr19:38826846-38827147	564	92727	TRUE	6.335405422806892e-5	-0.32994410252694273	TRUE	564	4	281.3449795306103
ENSG00000099341	chr19:38826846-38827147	564	92652	TRUE	1.1625353799660058e-4	-0.4042319465077435	TRUE	564	4	24.372313718137026
ENSG00000128626	chr19:38826846-38827147	560	91448	TRUE	1.9653005435813116e-4	-0.5202742840998229	TRUE	564	4	15.173484588060044
ENSG00000167645	chr19:38826846-38827147	564	92411	TRUE	4.1615995791195216e-4	-0.3746474690382149	TRUE	564	4	18.180557725762263
ENSG00000167641	chr19:38826846-38827147	498	80280	TRUE	0.0224	-0.25331775171778226	TRUE	564	4	7.115003593862308
ENSG00000104823	chr19:38826846-38827147	539	88622	TRUE	0.052	-0.1976549406164092	TRUE	564	4	5.037980353552715
ENSG00000099341	chr19:38826846-38827147	564	92652	TRUE	1.7754383436067253e-13	-0.6020900528100182	TRUE	564	5	24.372313718137026
ENSG00000167645	chr19:38826846-38827147	564	92411	TRUE	1.1118886426851975e-11	-0.5431960320700528	TRUE	564	5	18.180557725762263
ENSG00000104823	chr19:38826846-38827147	539	88622	TRUE	3.592312698533583e-8	-0.3949284955505221	TRUE	564	5	5.037980353552715
ENSG00000178982	chr19:38826846-38827147	564	92718	TRUE	3.0219548301196712e-6	-0.4344289501791705	TRUE	564	5	39.78427450857839
ENSG00000105193	chr19:38826846-38827147	564	92727	TRUE	4.914519372364e-5	-0.3066347780143994	TRUE	564	5	281.3449795306103
ENSG00000128626	chr19:38826846-38827147	560	91448	TRUE	2.504916153531732e-4	-0.4843582797720707	TRUE	564	5	15.173484588060044
ENSG00000167641	chr19:38826846-38827147	498	80280	TRUE	0.0016	-0.37043548971794404	TRUE	564	5	7.115003593862308
ENSG00000130402	chr19:38826846-38827147	562	91220	TRUE	0.00887608246113325	-0.36969192210945945	TRUE	564	5	8.71740783566153
ENSG00000105193	chr19:38826846-38827147	564	92727	TRUE	6.792121945713332e-8	-0.37893947628027647	TRUE	564	6	281.3449795306103
ENSG00000104823	chr19:38826846-38827147	539	88622	TRUE	1.3357568281053807e-7	-0.3936927823778533	TRUE	564	6	5.037980353552715
ENSG00000130402	chr19:38826846-38827147	562	91220	TRUE	5.020097246432806e-7	-0.48873723648011547	TRUE	564	6	8.71740783566153
ENSG00000167645	chr19:38826846-38827147	564	92411	TRUE	2.207957826660164e-6	-0.44213529755113345	TRUE	564	6	18.180557725762263
ENSG00000099341	chr19:38826846-38827147	564	92652	TRUE	7.471426477204893e-6	-0.45056246148764956	TRUE	564	6	24.372313718137026
ENSG00000178982	chr19:38826846-38827147	564	92718	TRUE	1.9889261707035574e-4	-0.40658619116282413	TRUE	564	6	39.78427450857839
ENSG00000167641	chr19:38826846-38827147	498	80280	TRUE	4e-4	-0.4032787464049612	TRUE	564	6	7.115003593862308
ENSG00000128626	chr19:38826846-38827147	560	91448	TRUE	0.001377753241295368	-0.46076227414615367	TRUE	564	6	15.173484588060044
ENSG00000178982	chr19:38826846-38827147	564	92718	TRUE	1.8468742732351696e-12	-0.5764724630567821	TRUE	564	7	39.78427450857839
ENSG00000104823	chr19:38826846-38827147	539	88622	TRUE	2.4815989654573974e-11	-0.48285500225267164	TRUE	564	7	5.037980353552715
ENSG00000167645	chr19:38826846-38827147	564	92411	TRUE	1.6069606235970778e-6	-0.43445951380982706	TRUE	564	7	18.180557725762263
ENSG00000099341	chr19:38826846-38827147	564	92652	TRUE	1.0051828569610996e-5	-0.4354663777854846	TRUE	564	7	24.372313718137026
ENSG00000130402	chr19:38826846-38827147	562	91220	TRUE	6.257625450211551e-5	-0.4369201604992514	TRUE	564	7	8.71740783566153
ENSG00000128626	chr19:38826846-38827147	560	91448	TRUE	1.1168640629387327e-4	-0.5003777097513553	TRUE	564	7	15.173484588060044
ENSG00000105193	chr19:38826846-38827147	564	92727	TRUE	0.0013221740256878847	-0.2794942863919072	TRUE	564	7	281.3449795306103
ENSG00000167641	chr19:38826846-38827147	498	80280	TRUE	0.002	-0.3333414614565968	TRUE	564	7	7.115003593862308
ENSG00000178982	chr19:38826846-38827147	564	92718	TRUE	9.336361104106422e-16	-0.6276494925883433	TRUE	564	8	39.78427450857839
ENSG00000167645	chr19:38826846-38827147	564	92411	TRUE	2.1007087028126863e-8	-0.4883452974752691	TRUE	564	8	18.180557725762263
ENSG00000128626	chr19:38826846-38827147	560	91448	TRUE	4.1771842782347725e-7	-0.5988092094815061	TRUE	564	8	15.173484588060044
ENSG00000099341	chr19:38826846-38827147	564	92652	TRUE	6.608853898467087e-7	-0.4793832609454354	TRUE	564	8	24.372313718137026
ENSG00000104823	chr19:38826846-38827147	539	88622	TRUE	2.5809946186712432e-6	-0.36011892654624234	TRUE	564	8	5.037980353552715
ENSG00000167641	chr19:38826846-38827147	498	80280	TRUE	4e-4	-0.3695080097497172	TRUE	564	8	7.115003593862308
ENSG00000105193	chr19:38826846-38827147	564	92727	TRUE	0.002344466820365966	-0.30002006586845464	TRUE	564	8	281.3449795306103
ENSG00000130402	chr19:38826846-38827147	562	91220	TRUE	0.00746929012088382	-0.3799920256482907	TRUE	564	8	8.71740783566153
ENSG00000167645	chr19:38826846-38827147	564	92411	TRUE	1.964244970489989e-8	-0.4850980145317032	TRUE	564	9	18.180557725762263
ENSG00000104823	chr19:38826846-38827147	539	88622	TRUE	2.5163660158762863e-8	-0.4054750123930484	TRUE	564	9	5.037980353552715
ENSG00000130402	chr19:38826846-38827147	562	91220	TRUE	2.4618130124796477e-7	-0.49618726615666153	TRUE	564	9	8.71740783566153
ENSG00000099341	chr19:38826846-38827147	564	92652	TRUE	1.3718900928943935e-6	-0.45536950060679793	TRUE	564	9	24.372313718137026
ENSG00000178982	chr19:38826846-38827147	564	92718	TRUE	4.683706231108651e-6	-0.4351398514154887	TRUE	564	9	39.78427450857839
ENSG00000105193	chr19:38826846-38827147	564	92727	TRUE	7.865650824872422e-6	-0.3398434306627749	TRUE	564	9	281.3449795306103
ENSG00000128626	chr19:38826846-38827147	560	91448	TRUE	5.947294903653217e-5	-0.5191858683251587	TRUE	564	9	15.173484588060044
ENSG00000167641	chr19:38826846-38827147	498	80280	TRUE	0.028	-0.2879475581405613	TRUE	564	9	7.115003593862308
ENSG00000128626	chr19:38826846-38827147	560	91448	TRUE	2.5852083601485688e-11	-0.6675668282057567	TRUE	564	10	15.173484588060044
ENSG00000178982	chr19:38826846-38827147	564	92718	TRUE	8.037209883629375e-9	-0.48317789738043526	TRUE	564	10	39.78427450857839
ENSG00000099341	chr19:38826846-38827147	564	92652	TRUE	2.5387388760596827e-8	-0.4842874612224488	TRUE	564	10	24.372313718137026
ENSG00000167645	chr19:38826846-38827147	564	92411	TRUE	2.907654788673441e-7	-0.45372609303119527	TRUE	564	10	18.180557725762263
ENSG00000105193	chr19:38826846-38827147	564	92727	TRUE	2.0059505262065916e-6	-0.33574908942088566	TRUE	564	10	281.3449795306103
ENSG00000104823	chr19:38826846-38827147	539	88622	TRUE	0.0012488105382380717	-0.27176902625291133	TRUE	564	10	5.037980353552715
ENSG00000167641	chr19:38826846-38827147	498	80280	TRUE	0.005851594957300893	-0.29938361529784574	TRUE	564	10	7.115003593862308
ENSG00000130402	chr19:38826846-38827147	562	91220	TRUE	0.012272627564819866	-0.3520107811409545	TRUE	564	10	8.71740783566153
ENSG00000104823	chr19:38826846-38827147	539	88622	TRUE	2.1990708995515805e-6	-0.3679843415122148	TRUE	564	11	5.037980353552715
ENSG00000178982	chr19:38826846-38827147	564	92718	TRUE	1.1919381176388405e-5	-0.44052245739482476	TRUE	564	11	39.78427450857839
ENSG00000128626	chr19:38826846-38827147	560	91448	TRUE	3.0200276969130982e-5	-0.513756072525855	TRUE	564	11	15.173484588060044
ENSG00000099341	chr19:38826846-38827147	564	92652	TRUE	1.4140717353905126e-4	-0.41444196669427313	TRUE	564	11	24.372313718137026
ENSG00000130402	chr19:38826846-38827147	562	91220	TRUE	1.739183745789255e-4	-0.4276308587021562	TRUE	564	11	8.71740783566153
ENSG00000167645	chr19:38826846-38827147	564	92411	TRUE	0.0012173615918865364	-0.35475477136890676	TRUE	564	11	18.180557725762263
ENSG00000167641	chr19:38826846-38827147	498	80280	TRUE	0.0036	-0.34104794190072685	TRUE	564	11	7.115003593862308
ENSG00000105193	chr19:38826846-38827147	564	92727	TRUE	0.014136314952849074	-0.2464817513237989	TRUE	564	11	281.3449795306103
ENSG00000099341	chr19:38826846-38827147	564	92652	TRUE	8.42449867958264e-7	-0.48867558722397675	TRUE	564	12	24.372313718137026
ENSG00000167645	chr19:38826846-38827147	564	92411	TRUE	5.3178321421346215e-6	-0.4328944855881307	TRUE	564	12	18.180557725762263
ENSG00000130402	chr19:38826846-38827147	562	91220	TRUE	5.646457124331935e-5	-0.4564065828641244	TRUE	564	12	8.71740783566153
ENSG00000178982	chr19:38826846-38827147	564	92718	TRUE	1.9563000799799161e-4	-0.40302741780738405	TRUE	564	12	39.78427450857839
ENSG00000105193	chr19:38826846-38827147	564	92727	TRUE	2.5344061674998156e-4	-0.3215931874296647	TRUE	564	12	281.3449795306103
ENSG00000104823	chr19:38826846-38827147	539	88622	TRUE	3.2300015946871465e-4	-0.3103045314035362	TRUE	564	12	5.037980353552715
ENSG00000128626	chr19:38826846-38827147	560	91448	TRUE	0.0012883854688836294	-0.46683502513836217	TRUE	564	12	15.173484588060044
ENSG00000167641	chr19:38826846-38827147	498	80280	TRUE	0.072	-0.25588634890826256	TRUE	564	12	7.115003593862308
ENSG00000167645	chr19:38826846-38827147	564	92411	TRUE	1.4343466481245932e-10	-0.5401974442596917	TRUE	564	13	18.180557725762263
ENSG00000105193	chr19:38826846-38827147	564	92727	TRUE	2.914934602201558e-8	-0.4089895097856058	TRUE	564	13	281.3449795306103
ENSG00000099341	chr19:38826846-38827147	564	92652	TRUE	6.988570826866008e-7	-0.48163447216867894	TRUE	564	13	24.372313718137026
ENSG00000178982	chr19:38826846-38827147	564	92718	TRUE	0.001490019888171934	-0.38101984354973784	TRUE	564	13	39.78427450857839
ENSG00000104823	chr19:38826846-38827147	539	88622	TRUE	0.004081352547282396	-0.25877423076345396	TRUE	564	13	5.037980353552715
ENSG00000128626	chr19:38826846-38827147	560	91448	TRUE	0.011243015793703182	-0.43077613326072006	TRUE	564	13	15.173484588060044
ENSG00000130402	chr19:38826846-38827147	562	91220	TRUE	0.012785876886833011	-0.36354697416903203	TRUE	564	13	8.71740783566153
ENSG00000167641	chr19:38826846-38827147	498	80280	TRUE	0.024	-0.2735619014486401	TRUE	564	13	7.115003593862308
ENSG00000099341	chr19:38826846-38827147	564	92652	TRUE	7.387697514454645e-9	-0.515559716334085	TRUE	564	14	24.372313718137026
ENSG00000178982	chr19:38826846-38827147	564	92718	TRUE	1.3674916295256662e-8	-0.5059005670117456	TRUE	564	14	39.78427450857839
ENSG00000128626	chr19:38826846-38827147	560	91448	TRUE	1.533732761133848e-8	-0.6264358819532894	TRUE	564	14	15.173484588060044
ENSG00000104823	chr19:38826846-38827147	539	88622	TRUE	3.5332376713388965e-8	-0.4167265905396902	TRUE	564	14	5.037980353552715
ENSG00000105193	chr19:38826846-38827147	564	92727	TRUE	8.944615452282333e-7	-0.3718127419420414	TRUE	564	14	281.3449795306103
ENSG00000130402	chr19:38826846-38827147	562	91220	TRUE	5.587109466160568e-6	-0.47874033619387824	TRUE	564	14	8.71740783566153
ENSG00000167645	chr19:38826846-38827147	564	92411	TRUE	0.0025918021445194353	-0.3555781804665905	TRUE	564	14	18.180557725762263
ENSG00000167641	chr19:38826846-38827147	498	80280	TRUE	0.048	-0.25075371957210724	TRUE	564	14	7.115003593862308
ENSG00000104823	chr19:38826846-38827147	539	88622	TRUE	1.125047736822728e-11	-0.4743396379025957	TRUE	564	15	5.037980353552715
ENSG00000178982	chr19:38826846-38827147	564	92718	TRUE	6.326739877300777e-11	-0.5357481817211687	TRUE	564	15	39.78427450857839
ENSG00000167645	chr19:38826846-38827147	564	92411	TRUE	8.668237228790518e-8	-0.4459885584188594	TRUE	564	15	18.180557725762263
ENSG00000099341	chr19:38826846-38827147	564	92652	TRUE	1.1905390717736365e-6	-0.4639841894352532	TRUE	564	15	24.372313718137026
ENSG00000167641	chr19:38826846-38827147	498	80280	TRUE	0.0032	-0.3342459724836484	TRUE	564	15	7.115003593862308
ENSG00000105193	chr19:38826846-38827147	564	92727	TRUE	0.003323023879003309	-0.2816951481676764	TRUE	564	15	281.3449795306103
ENSG00000130402	chr19:38826846-38827147	562	91220	TRUE	0.0035860788855695547	-0.38655366611008457	TRUE	564	15	8.71740783566153
ENSG00000128626	chr19:38826846-38827147	560	91448	TRUE	0.104	-0.37694247980776874	FALSE	564	15	15.173484588060044
ENSG00000099341	chr19:38826846-38827147	564	92652	TRUE	1.7814343386461982e-14	-0.6443382581328558	TRUE	564	16	24.372313718137026
ENSG00000178982	chr19:38826846-38827147	564	92718	TRUE	2.2105313941667495e-5	-0.4201276077178129	TRUE	564	16	39.78427450857839
ENSG00000130402	chr19:38826846-38827147	562	91220	TRUE	1.6939292116226103e-4	-0.4240739164642675	TRUE	564	16	8.71740783566153
ENSG00000167641	chr19:38826846-38827147	498	80280	TRUE	7.500929729630408e-4	-0.3746165441232865	TRUE	564	16	7.115003593862308
ENSG00000105193	chr19:38826846-38827147	564	92727	TRUE	0.0015915484568174015	-0.2918094299511882	TRUE	564	16	281.3449795306103
ENSG00000167645	chr19:38826846-38827147	564	92411	TRUE	0.005201898781158697	-0.35261610451604897	TRUE	564	16	18.180557725762263
ENSG00000104823	chr19:38826846-38827147	539	88622	TRUE	0.032	-0.21065228114528267	TRUE	564	16	5.037980353552715
ENSG00000128626	chr19:38826846-38827147	560	91448	TRUE	0.12	-0.3720216242255616	FALSE	564	16	15.173484588060044
ENSG00000178982	chr19:38826846-38827147	564	92718	TRUE	6.337595029052754e-11	-0.5567400337098052	TRUE	564	17	39.78427450857839
ENSG00000105193	chr19:38826846-38827147	564	92727	TRUE	1.5325146103853902e-9	-0.4357319219016116	TRUE	564	17	281.3449795306103
ENSG00000167645	chr19:38826846-38827147	564	92411	TRUE	4.647313064182635e-6	-0.4313311532615347	TRUE	564	17	18.180557725762263
ENSG00000128626	chr19:38826846-38827147	560	91448	TRUE	1.0399720460882271e-5	-0.5466456817199514	TRUE	564	17	15.173484588060044
ENSG00000099341	chr19:38826846-38827147	564	92652	TRUE	5.498436693205256e-5	-0.4312369129920466	TRUE	564	17	24.372313718137026
ENSG00000104823	chr19:38826846-38827147	539	88622	TRUE	9.998764780969234e-5	-0.3091391880115073	TRUE	564	17	5.037980353552715
ENSG00000167641	chr19:38826846-38827147	498	80280	TRUE	4e-4	-0.4320377393863848	TRUE	564	17	7.115003593862308
ENSG00000130402	chr19:38826846-38827147	562	91220	TRUE	0.0038229177777603027	-0.3976727580736581	TRUE	564	17	8.71740783566153
ENSG00000178982	chr19:38826846-38827147	564	92718	TRUE	9.837977511466559e-14	-0.5999285788241204	TRUE	564	18	39.78427450857839
ENSG00000105193	chr19:38826846-38827147	564	92727	TRUE	4.458874271359942e-11	-0.44106105789569217	TRUE	564	18	281.3449795306103
ENSG00000130402	chr19:38826846-38827147	562	91220	TRUE	3.404653790359331e-9	-0.5638528727578795	TRUE	564	18	8.71740783566153
ENSG00000099341	chr19:38826846-38827147	564	92652	TRUE	1.3809470031078935e-8	-0.5059583922523121	TRUE	564	18	24.372313718137026
ENSG00000128626	chr19:38826846-38827147	560	91448	TRUE	1.4219024692544498e-8	-0.6519751596735568	TRUE	564	18	15.173484588060044
ENSG00000167645	chr19:38826846-38827147	564	92411	TRUE	3.2814118635423467e-7	-0.4707534266475468	TRUE	564	18	18.180557725762263
ENSG00000104823	chr19:38826846-38827147	539	88622	TRUE	8.517049712795498e-6	-0.3510964140817938	TRUE	564	18	5.037980353552715
ENSG00000167641	chr19:38826846-38827147	498	80280	TRUE	4e-4	-0.44077842944706136	TRUE	564	18	7.115003593862308
ENSG00000128626	chr19:38826846-38827147	560	91448	TRUE	6.023842397345856e-8	-0.5988092094815061	TRUE	564	19	15.173484588060044
ENSG00000105193	chr19:38826846-38827147	564	92727	TRUE	2.5240054482957366e-7	-0.3604591080919226	TRUE	564	19	281.3449795306103
ENSG00000099341	chr19:38826846-38827147	564	92652	TRUE	1.6858410452100236e-4	-0.38787086129049975	TRUE	564	19	24.372313718137026
ENSG00000178982	chr19:38826846-38827147	564	92718	TRUE	2.6981458621906824e-4	-0.37433857891952815	TRUE	564	19	39.78427450857839
ENSG00000167645	chr19:38826846-38827147	564	92411	TRUE	0.001330701772859516	-0.3302685243626713	TRUE	564	19	18.180557725762263
ENSG00000104823	chr19:38826846-38827147	539	88622	TRUE	0.003002805395709726	-0.24756877605557337	TRUE	564	19	5.037980353552715
ENSG00000167641	chr19:38826846-38827147	498	80280	TRUE	0.0136	-0.2861961830655213	TRUE	564	19	7.115003593862308
ENSG00000130402	chr19:38826846-38827147	562	91220	TRUE	0.224	-0.28724876838000757	FALSE	564	19	8.71740783566153
ENSG00000167645	chr19:38826846-38827147	564	92411	TRUE	9.265278505887569e-8	-0.468792152731234	TRUE	564	20	18.180557725762263
ENSG00000104823	chr19:38826846-38827147	539	88622	TRUE	9.658275117502735e-8	-0.39307532247504495	TRUE	564	20	5.037980353552715
ENSG00000099341	chr19:38826846-38827147	564	92652	TRUE	2.1962777082347625e-7	-0.4708079371145466	TRUE	564	20	24.372313718137026
ENSG00000105193	chr19:38826846-38827147	564	92727	TRUE	2.347578269238119e-5	-0.3521326891755594	TRUE	564	20	281.3449795306103
ENSG00000130402	chr19:38826846-38827147	562	91220	TRUE	7.588626721982666e-4	-0.4208801492349834	TRUE	564	20	8.71740783566153
ENSG00000128626	chr19:38826846-38827147	560	91448	TRUE	0.0016517621693809964	-0.46956561276745434	TRUE	564	20	15.173484588060044
ENSG00000178982	chr19:38826846-38827147	564	92718	TRUE	0.0026801067870509815	-0.35597347335060725	TRUE	564	20	39.78427450857839
ENSG00000167641	chr19:38826846-38827147	498	80280	TRUE	0.036	-0.2401190330499463	TRUE	564	20	7.115003593862308
ENSG00000167645	chr19:38826846-38827147	564	92411	TRUE	3.522460024807687e-11	-0.5056058810321962	TRUE	564	21	18.180557725762263
ENSG00000130402	chr19:38826846-38827147	562	91220	TRUE	3.939519352359747e-11	-0.6023270205725155	TRUE	564	21	8.71740783566153
ENSG00000105193	chr19:38826846-38827147	564	92727	TRUE	4.255498555684359e-9	-0.39222513963513084	TRUE	564	21	281.3449795306103
ENSG00000178982	chr19:38826846-38827147	564	92718	TRUE	2.0679762175064825e-7	-0.46394762898782016	TRUE	564	21	39.78427450857839
ENSG00000104823	chr19:38826846-38827147	539	88622	TRUE	6.728656237097331e-6	-0.3522961605466848	TRUE	564	21	5.037980353552715
ENSG00000099341	chr19:38826846-38827147	564	92652	TRUE	5.500353527250739e-5	-0.43008557128890956	TRUE	564	21	24.372313718137026
ENSG00000128626	chr19:38826846-38827147	560	91448	TRUE	0.028	-0.3981954791969242	TRUE	564	21	15.173484588060044
ENSG00000167641	chr19:38826846-38827147	498	80280	TRUE	0.056	-0.28051885304132895	TRUE	564	21	7.115003593862308
ENSG00000167645	chr19:38826846-38827147	564	92411	TRUE	2.8127041277000884e-9	-0.507617880781408	TRUE	564	22	18.180557725762263
ENSG00000130402	chr19:38826846-38827147	562	91220	TRUE	1.276976551672866e-8	-0.5459599575368341	TRUE	564	22	8.71740783566153
ENSG00000099341	chr19:38826846-38827147	564	92652	TRUE	1.433470347963822e-7	-0.486679329757429	TRUE	564	22	24.372313718137026
ENSG00000105193	chr19:38826846-38827147	564	92727	TRUE	2.9393508575660705e-7	-0.3904838452942494	TRUE	564	22	281.3449795306103
ENSG00000104823	chr19:38826846-38827147	539	88622	TRUE	8.087966977403122e-5	-0.3079747851711483	TRUE	564	22	5.037980353552715
ENSG00000167641	chr19:38826846-38827147	498	80280	TRUE	0.0024	-0.34423320270771907	TRUE	564	22	7.115003593862308
ENSG00000178982	chr19:38826846-38827147	564	92718	TRUE	0.0024496582647480017	-0.3633215539936385	TRUE	564	22	39.78427450857839
ENSG00000128626	chr19:38826846-38827147	560	91448	TRUE	0.044	-0.4003982203354779	TRUE	564	22	15.173484588060044
ENSG00000178982	chr19:38826846-38827147	564	92718	TRUE	5.094447306093182e-10	-0.5023368204483152	TRUE	564	23	39.78427450857839
ENSG00000167645	chr19:38826846-38827147	564	92411	TRUE	6.012225922246849e-7	-0.44669025835530407	TRUE	564	23	18.180557725762263
ENSG00000099341	chr19:38826846-38827147	564	92652	TRUE	1.0686406653622436e-6	-0.45458889185429374	TRUE	564	23	24.372313718137026
ENSG00000105193	chr19:38826846-38827147	564	92727	TRUE	4.584106629277208e-6	-0.34605987643471803	TRUE	564	23	281.3449795306103
ENSG00000130402	chr19:38826846-38827147	562	91220	TRUE	5.296102108955005e-5	-0.4441067010925206	TRUE	564	23	8.71740783566153
ENSG00000167641	chr19:38826846-38827147	498	80280	TRUE	0.00583769550980974	-0.30336346621039123	TRUE	564	23	7.115003593862308
ENSG00000104823	chr19:38826846-38827147	539	88622	TRUE	0.052	-0.19119991847911022	TRUE	564	23	5.037980353552715
ENSG00000128626	chr19:38826846-38827147	560	91448	TRUE	0.056	-0.38623937451815227	TRUE	564	23	15.173484588060044
ENSG00000167645	chr19:38826846-38827147	564	92411	TRUE	4.78436059191039e-10	-0.552795838784919	TRUE	564	24	18.180557725762263
ENSG00000178982	chr19:38826846-38827147	564	92718	TRUE	9.321575997898914e-10	-0.5450117851349772	TRUE	564	24	39.78427450857839
ENSG00000105193	chr19:38826846-38827147	564	92727	TRUE	2.2993588385909888e-7	-0.43332837936727575	TRUE	564	24	281.3449795306103
ENSG00000099341	chr19:38826846-38827147	564	92652	TRUE	4.327523229459909e-7	-0.4965544430546771	TRUE	564	24	24.372313718137026
ENSG00000104823	chr19:38826846-38827147	539	88622	TRUE	9.25461678857268e-6	-0.3427260090959132	TRUE	564	24	5.037980353552715
ENSG00000130402	chr19:38826846-38827147	562	91220	TRUE	1.4546818566705567e-5	-0.4636910974109223	TRUE	564	24	8.71740783566153
ENSG00000128626	chr19:38826846-38827147	560	91448	TRUE	0.024	-0.45596406482983776	TRUE	564	24	15.173484588060044
ENSG00000167641	chr19:38826846-38827147	498	80280	TRUE	0.128	-0.21199870490726314	FALSE	564	24	7.115003593862308
ENSG00000099341	chr19:38826846-38827147	564	92652	TRUE	1.3460506494253517e-6	-0.4729140616358727	TRUE	564	25	24.372313718137026
ENSG00000105193	chr19:38826846-38827147	564	92727	TRUE	1.469926540999776e-6	-0.35465012849799926	TRUE	564	25	281.3449795306103
ENSG00000128626	chr19:38826846-38827147	560	91448	TRUE	1.7640465683653613e-5	-0.5323013681154172	TRUE	564	25	15.173484588060044
ENSG00000167645	chr19:38826846-38827147	564	92411	TRUE	1.1598335703220247e-4	-0.3873895417700979	TRUE	564	25	18.180557725762263
ENSG00000178982	chr19:38826846-38827147	564	92718	TRUE	0.0013574535528839832	-0.36836686893233406	TRUE	564	25	39.78427450857839
ENSG00000130402	chr19:38826846-38827147	562	91220	TRUE	0.0036651321635887274	-0.3775820822920002	TRUE	564	25	8.71740783566153
ENSG00000104823	chr19:38826846-38827147	539	88622	TRUE	0.028	-0.23368324980062338	TRUE	564	25	5.037980353552715
ENSG00000167641	chr19:38826846-38827147	498	80280	TRUE	0.26	-0.17668909567405855	FALSE	564	25	7.115003593862308
ENSG00000178982	chr19:38826846-38827147	564	92718	TRUE	5.632176723369435e-7	-0.4709770998441698	TRUE	564	26	39.78427450857839
ENSG00000104823	chr19:38826846-38827147	539	88622	TRUE	6.453110852380024e-6	-0.3546986507619896	TRUE	564	26	5.037980353552715
ENSG00000130402	chr19:38826846-38827147	562	91220	TRUE	5.160095154856624e-5	-0.4542283815833814	TRUE	564	26	8.71740783566153
ENSG00000105193	chr19:38826846-38827147	564	92727	TRUE	1.1435363126442548e-4	-0.32744841627905696	TRUE	564	26	281.3449795306103
ENSG00000167645	chr19:38826846-38827147	564	92411	TRUE	2.3914552400419037e-4	-0.4043287411942109	TRUE	564	26	18.180557725762263
ENSG00000128626	chr19:38826846-38827147	560	91448	TRUE	0.0023112222962522813	-0.4547149781363218	TRUE	564	26	15.173484588060044
ENSG00000099341	chr19:38826846-38827147	564	92652	TRUE	0.004262669327553287	-0.37071114924244064	TRUE	564	26	24.372313718137026
ENSG00000167641	chr19:38826846-38827147	498	80280	TRUE	0.092	-0.223264927339065	TRUE	564	26	7.115003593862308
ENSG00000104823	chr19:38826846-38827147	539	88622	TRUE	6.47377944864528e-7	-0.3746733505232558	TRUE	564	27	5.037980353552715
ENSG00000178982	chr19:38826846-38827147	564	92718	TRUE	1.6236570386324935e-6	-0.483341273751245	TRUE	564	27	39.78427450857839
ENSG00000099341	chr19:38826846-38827147	564	92652	TRUE	1.0472189054324039e-5	-0.4705448876032179	TRUE	564	27	24.372313718137026
ENSG00000167645	chr19:38826846-38827147	564	92411	TRUE	5.116514693772906e-5	-0.425440472399476	TRUE	564	27	18.180557725762263
ENSG00000130402	chr19:38826846-38827147	562	91220	TRUE	0.004068855827608547	-0.4001165252124159	TRUE	564	27	8.71740783566153
ENSG00000167641	chr19:38826846-38827147	498	80280	TRUE	0.006	-0.32702571322980534	TRUE	564	27	7.115003593862308
ENSG00000105193	chr19:38826846-38827147	564	92727	TRUE	0.008563895190678864	-0.2867790753984165	TRUE	564	27	281.3449795306103
ENSG00000128626	chr19:38826846-38827147	560	91448	TRUE	0.096	-0.40019783210807214	TRUE	564	27	15.173484588060044
ENSG00000130402	chr19:38826846-38827147	562	91220	TRUE	1.0692269149428085e-6	-0.4816951657795663	TRUE	564	28	8.71740783566153
ENSG00000105193	chr19:38826846-38827147	564	92727	TRUE	3.6590269579519705e-6	-0.3740076624790385	TRUE	564	28	281.3449795306103
ENSG00000178982	chr19:38826846-38827147	564	92718	TRUE	3.466707656554248e-5	-0.4309584667496118	TRUE	564	28	39.78427450857839
ENSG00000128626	chr19:38826846-38827147	560	91448	TRUE	3.7657015781441226e-5	-0.5539831308951313	TRUE	564	28	15.173484588060044
ENSG00000167645	chr19:38826846-38827147	564	92411	TRUE	1.1087222767263046e-4	-0.40347704092690506	TRUE	564	28	18.180557725762263
ENSG00000167641	chr19:38826846-38827147	498	80280	TRUE	4e-4	-0.4104149276865896	TRUE	564	28	7.115003593862308
ENSG00000104823	chr19:38826846-38827147	539	88622	TRUE	6.883821084121243e-4	-0.2923466419360099	TRUE	564	28	5.037980353552715
ENSG00000099341	chr19:38826846-38827147	564	92652	TRUE	7.644333656071436e-4	-0.39309621985881193	TRUE	564	28	24.372313718137026
ENSG00000105193	chr19:38826846-38827147	564	92727	TRUE	2.3879220573849895e-14	-0.49340547255349865	TRUE	564	29	281.3449795306103
ENSG00000130402	chr19:38826846-38827147	562	91220	TRUE	6.92215318761312e-6	-0.4717467759299061	TRUE	564	29	8.71740783566153
ENSG00000167645	chr19:38826846-38827147	564	92411	TRUE	1.856441289878937e-5	-0.42405791834935735	TRUE	564	29	18.180557725762263
ENSG00000099341	chr19:38826846-38827147	564	92652	TRUE	3.685093786805205e-5	-0.4270198112383561	TRUE	564	29	24.372313718137026
ENSG00000178982	chr19:38826846-38827147	564	92718	TRUE	4.931979482150064e-5	-0.4015600476545531	TRUE	564	29	39.78427450857839
ENSG00000167641	chr19:38826846-38827147	498	80280	TRUE	1.1551480270440787e-4	-0.43106981245246656	TRUE	564	29	7.115003593862308
ENSG00000128626	chr19:38826846-38827147	560	91448	TRUE	2.9126640384773833e-4	-0.5003777097513553	TRUE	564	29	15.173484588060044
ENSG00000104823	chr19:38826846-38827147	539	88622	TRUE	0.0035954121985763143	-0.2509212834686565	TRUE	564	29	5.037980353552715
ENSG00000167645	chr19:38826846-38827147	564	92411	TRUE	2.991729286926244e-11	-0.5420708311492	TRUE	564	30	18.180557725762263
ENSG00000178982	chr19:38826846-38827147	564	92718	TRUE	3.3880288900041064e-7	-0.48301453950890405	TRUE	564	30	39.78427450857839
ENSG00000130402	chr19:38826846-38827147	562	91220	TRUE	4.103420935687007e-7	-0.5033006076148423	TRUE	564	30	8.71740783566153
ENSG00000099341	chr19:38826846-38827147	564	92652	TRUE	8.237198326128438e-7	-0.4574531912248583	TRUE	564	30	24.372313718137026
ENSG00000128626	chr19:38826846-38827147	560	91448	TRUE	1.0530761154093227e-6	-0.5647228458077946	TRUE	564	30	15.173484588060044
ENSG00000105193	chr19:38826846-38827147	564	92727	TRUE	1.0310556219530857e-5	-0.3435679639231015	TRUE	564	30	281.3449795306103
ENSG00000167641	chr19:38826846-38827147	498	80280	TRUE	7.955059156206697e-5	-0.44224037354198753	TRUE	564	30	7.115003593862308
ENSG00000104823	chr19:38826846-38827147	539	88622	TRUE	0.04	-0.2019743900732851	TRUE	564	30	5.037980353552715
ENSG00000099341	chr19:38826846-38827147	564	92652	TRUE	1.2539479298526645e-11	-0.5454455739657638	TRUE	564	31	24.372313718137026
ENSG00000104823	chr19:38826846-38827147	539	88622	TRUE	5.303265248204436e-8	-0.3912245267871035	TRUE	564	31	5.037980353552715
ENSG00000105193	chr19:38826846-38827147	564	92727	TRUE	1.1078326113676297e-6	-0.3383014126240136	TRUE	564	31	281.3449795306103
ENSG00000130402	chr19:38826846-38827147	562	91220	TRUE	2.1814387674025902e-6	-0.45931597642060895	TRUE	564	31	8.71740783566153
ENSG00000128626	chr19:38826846-38827147	560	91448	TRUE	3.4284235615766358e-6	-0.5397867551794255	TRUE	564	31	15.173484588060044
ENSG00000178982	chr19:38826846-38827147	564	92718	TRUE	6.455129549502031e-6	-0.4058892183175775	TRUE	564	31	39.78427450857839
ENSG00000167645	chr19:38826846-38827147	564	92411	TRUE	0.005821687008573523	-0.33497023737226117	TRUE	564	31	18.180557725762263
ENSG00000167641	chr19:38826846-38827147	498	80280	TRUE	0.12	-0.20040740549605962	FALSE	564	31	7.115003593862308
ENSG00000178982	chr19:38826846-38827147	564	92718	TRUE	4.3577437699191066e-13	-0.5506499894155006	TRUE	564	32	39.78427450857839
ENSG00000167645	chr19:38826846-38827147	564	92411	TRUE	4.3860535586364704e-9	-0.4779078922936115	TRUE	564	32	18.180557725762263
ENSG00000099341	chr19:38826846-38827147	564	92652	TRUE	3.070370247816329e-8	-0.48761057284257525	TRUE	564	32	24.372313718137026
ENSG00000128626	chr19:38826846-38827147	560	91448	TRUE	1.1969017071932538e-7	-0.5919272038687327	TRUE	564	32	15.173484588060044
ENSG00000130402	chr19:38826846-38827147	562	91220	TRUE	3.378218253306548e-5	-0.45931597642060895	TRUE	564	32	8.71740783566153
ENSG00000167641	chr19:38826846-38827147	498	80280	TRUE	3.717908236038547e-5	-0.416628300063981	TRUE	564	32	7.115003593862308
ENSG00000105193	chr19:38826846-38827147	564	92727	TRUE	0.0010596207188230677	-0.27892686666250643	TRUE	564	32	281.3449795306103
ENSG00000104823	chr19:38826846-38827147	539	88622	TRUE	0.092	-0.15987614618201418	TRUE	564	32	5.037980353552715
ENSG00000178982	chr19:38826846-38827147	564	92718	TRUE	7.433950912608375e-13	-0.572035138020496	TRUE	564	33	39.78427450857839
ENSG00000099341	chr19:38826846-38827147	564	92652	TRUE	4.057330330948161e-10	-0.5370204485431769	TRUE	564	33	24.372313718137026
ENSG00000167645	chr19:38826846-38827147	564	92411	TRUE	6.695882259898252e-7	-0.4495004760267065	TRUE	564	33	18.180557725762263
ENSG00000105193	chr19:38826846-38827147	564	92727	TRUE	6.692365836175789e-6	-0.3497366716906516	TRUE	564	33	281.3449795306103
ENSG00000128626	chr19:38826846-38827147	560	91448	TRUE	1.9658686372573016e-5	-0.5259473209111745	TRUE	564	33	15.173484588060044
ENSG00000167641	chr19:38826846-38827147	498	80280	TRUE	4e-4	-0.5229541075711559	TRUE	564	33	7.115003593862308
ENSG00000104823	chr19:38826846-38827147	539	88622	TRUE	0.0014932524329763289	-0.26215290921842405	TRUE	564	33	5.037980353552715
ENSG00000130402	chr19:38826846-38827147	562	91220	TRUE	0.004700488338452019	-0.38137094574455777	TRUE	564	33	8.71740783566153
ENSG00000130402	chr19:38826846-38827147	562	91220	TRUE	8.210644426262818e-8	-0.5301968435784832	TRUE	564	34	8.71740783566153
ENSG00000128626	chr19:38826846-38827147	560	91448	TRUE	8.710426836094128e-8	-0.6476870933172365	TRUE	564	34	15.173484588060044
ENSG00000099341	chr19:38826846-38827147	564	92652	TRUE	1.8461349462675115e-4	-0.4312369129920466	TRUE	564	34	24.372313718137026
ENSG00000104823	chr19:38826846-38827147	539	88622	TRUE	4.7270337382516146e-4	-0.29869324103324724	TRUE	564	34	5.037980353552715
ENSG00000105193	chr19:38826846-38827147	564	92727	TRUE	0.048	-0.27504198885166975	TRUE	564	34	281.3449795306103
ENSG00000167645	chr19:38826846-38827147	564	92411	TRUE	0.052	-0.30078877711066987	TRUE	564	34	18.180557725762263
ENSG00000167641	chr19:38826846-38827147	498	80280	TRUE	0.08	-0.27660144065760894	TRUE	564	34	7.115003593862308
ENSG00000178982	chr19:38826846-38827147	564	92718	TRUE	0.236	-0.3026729221212534	FALSE	564	34	39.78427450857839
ENSG00000105193	chr19:38826846-38827147	564	92727	TRUE	2.7807680982904533e-12	-0.4450680264338711	TRUE	564	35	281.3449795306103
ENSG00000178982	chr19:38826846-38827147	564	92718	TRUE	6.565888428286114e-12	-0.5569119570897252	TRUE	564	35	39.78427450857839
ENSG00000099341	chr19:38826846-38827147	564	92652	TRUE	4.269910148054683e-8	-0.49374516998390483	TRUE	564	35	24.372313718137026
ENSG00000167645	chr19:38826846-38827147	564	92411	TRUE	1.7365903892717707e-7	-0.44143580903275703	TRUE	564	35	18.180557725762263
ENSG00000104823	chr19:38826846-38827147	539	88622	TRUE	5.772761834385532e-6	-0.3445155834922877	TRUE	564	35	5.037980353552715
ENSG00000128626	chr19:38826846-38827147	560	91448	TRUE	1.2932654634199847e-4	-0.4960884393378282	TRUE	564	35	15.173484588060044
ENSG00000130402	chr19:38826846-38827147	562	91220	TRUE	4.0257626587499734e-4	-0.39349304957536724	TRUE	564	35	8.71740783566153
ENSG00000167641	chr19:38826846-38827147	498	80280	TRUE	0.0032	-0.3360566975922463	TRUE	564	35	7.115003593862308
ENSG00000130402	chr19:38826846-38827147	562	91220	TRUE	7.481821694306501e-15	-0.6513891031022108	TRUE	564	36	8.71740783566153
ENSG00000105193	chr19:38826846-38827147	564	92727	TRUE	4.071944763371047e-10	-0.4423652224118113	TRUE	564	36	281.3449795306103
ENSG00000178982	chr19:38826846-38827147	564	92718	TRUE	1.0183565217392835e-5	-0.43600920669391297	TRUE	564	36	39.78427450857839
ENSG00000128626	chr19:38826846-38827147	560	91448	TRUE	1.7350189742017588e-4	-0.5029574065332727	TRUE	564	36	15.173484588060044
ENSG00000167641	chr19:38826846-38827147	498	80280	TRUE	4e-4	-0.41710736201123133	TRUE	564	36	7.115003593862308
ENSG00000099341	chr19:38826846-38827147	564	92652	TRUE	8.786351157106659e-4	-0.3897348889078689	TRUE	564	36	24.372313718137026
ENSG00000104823	chr19:38826846-38827147	539	88622	TRUE	0.0011290776004488356	-0.28202114627532104	TRUE	564	36	5.037980353552715
ENSG00000167645	chr19:38826846-38827147	564	92411	TRUE	0.024	-0.34572815330349416	TRUE	564	36	18.180557725762263
ENSG00000105193	chr19:38826846-38827147	564	92727	TRUE	5.959003307896751e-7	-0.3891382465826352	TRUE	564	37	281.3449795306103
ENSG00000104823	chr19:38826846-38827147	539	88622	TRUE	3.3770941815698154e-6	-0.351696162600466	TRUE	564	37	5.037980353552715
ENSG00000167645	chr19:38826846-38827147	564	92411	TRUE	1.1105744859389241e-4	-0.3734794975077924	TRUE	564	37	18.180557725762263
ENSG00000167641	chr19:38826846-38827147	498	80280	TRUE	4e-4	-0.37043548971794404	TRUE	564	37	7.115003593862308
ENSG00000099341	chr19:38826846-38827147	564	92652	TRUE	0.0038226656122487337	-0.36275632757366427	TRUE	564	37	24.372313718137026
ENSG00000130402	chr19:38826846-38827147	562	91220	TRUE	0.004826905434036147	-0.38137094574455777	TRUE	564	37	8.71740783566153
ENSG00000178982	chr19:38826846-38827147	564	92718	TRUE	0.00830870405678115	-0.35246262858477984	TRUE	564	37	39.78427450857839
ENSG00000128626	chr19:38826846-38827147	560	91448	TRUE	0.020081997952366176	-0.4387802944271235	TRUE	564	37	15.173484588060044
ENSG00000104823	chr19:38826846-38827147	539	88622	TRUE	4.492297031464763e-9	-0.4325008023656225	TRUE	564	38	5.037980353552715
ENSG00000167645	chr19:38826846-38827147	564	92411	TRUE	4.4574381395032225e-5	-0.4024556638641461	TRUE	564	38	18.180557725762263
ENSG00000130402	chr19:38826846-38827147	562	91220	TRUE	7.992546770693113e-5	-0.44230670704631025	TRUE	564	38	8.71740783566153
ENSG00000099341	chr19:38826846-38827147	564	92652	TRUE	9.871450534039601e-5	-0.4274026751552089	TRUE	564	38	24.372313718137026
ENSG00000167641	chr19:38826846-38827147	498	80280	TRUE	0.0076	-0.31091104941806824	TRUE	564	38	7.115003593862308
ENSG00000128626	chr19:38826846-38827147	560	91448	TRUE	0.028	-0.4175337642632586	TRUE	564	38	15.173484588060044
ENSG00000105193	chr19:38826846-38827147	564	92727	TRUE	0.104	-0.24924795747196882	FALSE	564	38	281.3449795306103
ENSG00000178982	chr19:38826846-38827147	564	92718	TRUE	0.112	-0.29648757072946186	FALSE	564	38	39.78427450857839
ENSG00000099341	chr19:38826846-38827147	564	92652	TRUE	3.847877763764958e-7	-0.4731775435178749	TRUE	564	39	24.372313718137026
ENSG00000167645	chr19:38826846-38827147	564	92411	TRUE	3.567670565885752e-6	-0.4356779328104272	TRUE	564	39	18.180557725762263
ENSG00000104823	chr19:38826846-38827147	539	88622	TRUE	3.3069902698958705e-5	-0.3079747851711483	TRUE	564	39	5.037980353552715
ENSG00000178982	chr19:38826846-38827147	564	92718	TRUE	3.858230924791255e-5	-0.41061975162275477	TRUE	564	39	39.78427450857839
ENSG00000105193	chr19:38826846-38827147	564	92727	TRUE	9.304744982568513e-5	-0.3189660674634345	TRUE	564	39	281.3449795306103
ENSG00000167641	chr19:38826846-38827147	498	80280	TRUE	0.0012	-0.3755473151496931	TRUE	564	39	7.115003593862308
ENSG00000128626	chr19:38826846-38827147	560	91448	TRUE	0.010614303400020897	-0.4120686204280788	TRUE	564	39	15.173484588060044
ENSG00000130402	chr19:38826846-38827147	562	91220	TRUE	0.048	-0.34392277094076906	TRUE	564	39	8.71740783566153
ENSG00000104823	chr19:38826846-38827147	539	88622	TRUE	3.3462204905918345e-14	-0.5309492904537167	TRUE	564	40	5.037980353552715
ENSG00000105193	chr19:38826846-38827147	564	92727	TRUE	3.802190949205844e-14	-0.5098727890910721	TRUE	564	40	281.3449795306103
ENSG00000128626	chr19:38826846-38827147	560	91448	TRUE	4.700983097734898e-10	-0.6745778442969965	TRUE	564	40	15.173484588060044
ENSG00000130402	chr19:38826846-38827147	562	91220	TRUE	4.860515234733761e-9	-0.5378646535016172	TRUE	564	40	8.71740783566153
ENSG00000178982	chr19:38826846-38827147	564	92718	TRUE	2.4616537221946923e-6	-0.44680110155505215	TRUE	564	40	39.78427450857839
ENSG00000167645	chr19:38826846-38827147	564	92411	TRUE	2.6271268730581644e-5	-0.4073990321066159	TRUE	564	40	18.180557725762263
ENSG00000099341	chr19:38826846-38827147	564	92652	TRUE	0.010035186925362719	-0.35776113644340857	TRUE	564	40	24.372313718137026
ENSG00000167641	chr19:38826846-38827147	498	80280	TRUE	0.0112	-0.3038063503400057	TRUE	564	40	7.115003593862308
ENSG00000105193	chr19:38826846-38827147	564	92727	TRUE	5.772196528097803e-8	-0.3943525882787	TRUE	564	41	281.3449795306103
ENSG00000167645	chr19:38826846-38827147	564	92411	TRUE	1.0004006901500294e-7	-0.4470412363501963	TRUE	564	41	18.180557725762263
ENSG00000130402	chr19:38826846-38827147	562	91220	TRUE	3.6744131603590397e-6	-0.47284877092242183	TRUE	564	41	8.71740783566153
ENSG00000167641	chr19:38826846-38827147	498	80280	TRUE	6.374767963633317e-5	-0.4233496867880495	TRUE	564	41	7.115003593862308
ENSG00000104823	chr19:38826846-38827147	539	88622	TRUE	3.4314210604212154e-4	-0.2929224531752994	TRUE	564	41	5.037980353552715
ENSG00000099341	chr19:38826846-38827147	564	92652	TRUE	0.012341401605413874	-0.35496651006397606	TRUE	564	41	24.372313718137026
ENSG00000178982	chr19:38826846-38827147	564	92718	TRUE	0.032	-0.313960993871337	TRUE	564	41	39.78427450857839
ENSG00000128626	chr19:38826846-38827147	560	91448	TRUE	0.136	-0.38604094318012017	FALSE	564	41	15.173484588060044
ENSG00000099341	chr19:38826846-38827147	564	92652	TRUE	3.622039693167467e-11	-0.5684845036136021	TRUE	564	42	24.372313718137026
ENSG00000130402	chr19:38826846-38827147	562	91220	TRUE	1.0676130204965222e-9	-0.5705220391400498	TRUE	564	42	8.71740783566153
ENSG00000167645	chr19:38826846-38827147	564	92411	TRUE	4.627690321676011e-7	-0.4691485497293133	TRUE	564	42	18.180557725762263
ENSG00000104823	chr19:38826846-38827147	539	88622	TRUE	5.897048381786792e-6	-0.33144329846168663	TRUE	564	42	5.037980353552715
ENSG00000178982	chr19:38826846-38827147	564	92718	TRUE	7.444583241119577e-5	-0.4201276077178129	TRUE	564	42	39.78427450857839
ENSG00000128626	chr19:38826846-38827147	560	91448	TRUE	1.6198108731968214e-4	-0.5340591448066894	TRUE	564	42	15.173484588060044
ENSG00000105193	chr19:38826846-38827147	564	92727	TRUE	0.002757591026393169	-0.27676056628810297	TRUE	564	42	281.3449795306103
ENSG00000167641	chr19:38826846-38827147	498	80280	TRUE	0.056	-0.31313846230593123	TRUE	564	42	7.115003593862308
ENSG00000130402	chr19:38826846-38827147	562	91220	TRUE	2.078045790082205e-6	-0.5006758205916073	TRUE	564	43	8.71740783566153
ENSG00000105193	chr19:38826846-38827147	564	92727	TRUE	5.685150591928857e-6	-0.3703441191042627	TRUE	564	43	281.3449795306103
ENSG00000167645	chr19:38826846-38827147	564	92411	TRUE	6.37285935114161e-6	-0.44143580903275703	TRUE	564	43	18.180557725762263
ENSG00000104823	chr19:38826846-38827147	539	88622	TRUE	1.6351307731214595e-5	-0.3249513073679373	TRUE	564	43	5.037980353552715
ENSG00000128626	chr19:38826846-38827147	560	91448	TRUE	1.7165083022590948e-5	-0.5825745745966406	TRUE	564	43	15.173484588060044
ENSG00000099341	chr19:38826846-38827147	564	92652	TRUE	4.3056961418997015e-5	-0.43098097986366746	TRUE	564	43	24.372313718137026
ENSG00000178982	chr19:38826846-38827147	564	92718	TRUE	0.0011815024053010229	-0.37244612247259123	TRUE	564	43	39.78427450857839
ENSG00000167641	chr19:38826846-38827147	498	80280	TRUE	0.024	-0.2718278927772846	TRUE	564	43	7.115003593862308
ENSG00000178982	chr19:38826846-38827147	564	92718	TRUE	5.617043591409424e-7	-0.46104887144218587	TRUE	564	44	39.78427450857839
ENSG00000099341	chr19:38826846-38827147	564	92652	TRUE	1.1620632087439844e-6	-0.4755510483705656	TRUE	564	44	24.372313718137026
ENSG00000167645	chr19:38826846-38827147	564	92411	TRUE	6.610845273104966e-4	-0.35673174329990776	TRUE	564	44	18.180557725762263
ENSG00000104823	chr19:38826846-38827147	539	88622	TRUE	0.005791744466027524	-0.242554577006171	TRUE	564	44	5.037980353552715
ENSG00000128626	chr19:38826846-38827147	560	91448	TRUE	0.008658260430951636	-0.4385745038211275	TRUE	564	44	15.173484588060044
ENSG00000130402	chr19:38826846-38827147	562	91220	TRUE	0.028	-0.35099729670103885	TRUE	564	44	8.71740783566153
ENSG00000167641	chr19:38826846-38827147	498	80280	TRUE	0.1	-0.25032682356636204	FALSE	564	44	7.115003593862308
ENSG00000105193	chr19:38826846-38827147	564	92727	TRUE	0.168	-0.2073662528718856	FALSE	564	44	281.3449795306103
ENSG00000130402	chr19:38826846-38827147	562	91220	TRUE	9.232049769117832e-6	-0.4706456220480124	TRUE	564	45	8.71740783566153
ENSG00000104823	chr19:38826846-38827147	539	88622	TRUE	3.387297844996157e-5	-0.31263804592908606	TRUE	564	45	5.037980353552715
ENSG00000167645	chr19:38826846-38827147	564	92411	TRUE	4.8607239671403374e-5	-0.4053514456611089	TRUE	564	45	18.180557725762263
ENSG00000105193	chr19:38826846-38827147	564	92727	TRUE	5.523256084748532e-5	-0.3312881077859995	TRUE	564	45	281.3449795306103
ENSG00000167641	chr19:38826846-38827147	498	80280	TRUE	3.0230063853479636e-4	-0.4123238860079681	TRUE	564	45	7.115003593862308
ENSG00000178982	chr19:38826846-38827147	564	92718	TRUE	8.729255542450146e-4	-0.37904261109312554	TRUE	564	45	39.78427450857839
ENSG00000099341	chr19:38826846-38827147	564	92652	TRUE	0.0012237758406526064	-0.4014712871544859	TRUE	564	45	24.372313718137026
ENSG00000128626	chr19:38826846-38827147	560	91448	TRUE	0.092	-0.39539684584425094	TRUE	564	45	15.173484588060044
ENSG00000130402	chr19:38826846-38827147	562	91220	TRUE	1.1183606100453902e-10	-0.5847475779731082	TRUE	564	46	8.71740783566153
ENSG00000128626	chr19:38826846-38827147	560	91448	TRUE	1.912445960829698e-8	-0.6325430338707254	TRUE	564	46	15.173484588060044
ENSG00000105193	chr19:38826846-38827147	564	92727	TRUE	6.731110002477537e-5	-0.3248524542498368	TRUE	564	46	281.3449795306103
ENSG00000104823	chr19:38826846-38827147	539	88622	TRUE	9.331205831026972e-5	-0.29062058584869765	TRUE	564	46	5.037980353552715
ENSG00000099341	chr19:38826846-38827147	564	92652	TRUE	2.2752514504411226e-4	-0.4109043993604482	TRUE	564	46	24.372313718137026
ENSG00000167645	chr19:38826846-38827147	564	92411	TRUE	0.001906086315178232	-0.34441988294325565	TRUE	564	46	18.180557725762263
ENSG00000178982	chr19:38826846-38827147	564	92718	TRUE	0.005349069071430387	-0.3468778515228754	TRUE	564	46	39.78427450857839
ENSG00000167641	chr19:38826846-38827147	498	80280	TRUE	0.019274928986122236	-0.27877646751445706	TRUE	564	46	7.115003593862308
ENSG00000128626	chr19:38826846-38827147	560	91448	TRUE	4.518549705484053e-8	-0.6210548676974712	TRUE	564	47	15.173484588060044
ENSG00000099341	chr19:38826846-38827147	564	92652	TRUE	1.007376764478908e-6	-0.4582353517432791	TRUE	564	47	24.372313718137026
ENSG00000178982	chr19:38826846-38827147	564	92718	TRUE	3.4586071744387853e-6	-0.44433407134484426	TRUE	564	47	39.78427450857839
ENSG00000105193	chr19:38826846-38827147	564	92727	TRUE	2.974597544922776e-5	-0.3490239591466944	TRUE	564	47	281.3449795306103
ENSG00000167641	chr19:38826846-38827147	498	80280	TRUE	4e-4	-0.46088771190673006	TRUE	564	47	7.115003593862308
ENSG00000167645	chr19:38826846-38827147	564	92411	TRUE	5.62958647295865e-4	-0.34736516135487294	TRUE	564	47	18.180557725762263
ENSG00000130402	chr19:38826846-38827147	562	91220	TRUE	0.018241198796476787	-0.36150446079215826	TRUE	564	47	8.71740783566153
ENSG00000104823	chr19:38826846-38827147	539	88622	TRUE	0.268	-0.15987614618201418	FALSE	564	47	5.037980353552715
ENSG00000105193	chr19:38826846-38827147	564	92727	TRUE	4.313319446550383e-4	-0.31108221296436067	TRUE	564	48	281.3449795306103
ENSG00000130402	chr19:38826846-38827147	562	91220	TRUE	4.712524255607881e-4	-0.4145137474509717	TRUE	564	48	8.71740783566153
ENSG00000104823	chr19:38826846-38827147	539	88622	TRUE	0.0010357643626028382	-0.2700674002948129	TRUE	564	48	5.037980353552715
ENSG00000167645	chr19:38826846-38827147	564	92411	TRUE	0.014075115876642508	-0.3383845169687074	TRUE	564	48	18.180557725762263
ENSG00000128626	chr19:38826846-38827147	560	91448	TRUE	0.048	-0.44248955382451083	TRUE	564	48	15.173484588060044
ENSG00000099341	chr19:38826846-38827147	564	92652	TRUE	0.104	-0.31639972709890607	FALSE	564	48	24.372313718137026
ENSG00000167641	chr19:38826846-38827147	498	80280	TRUE	0.188	-0.223264927339065	FALSE	564	48	7.115003593862308
ENSG00000178982	chr19:38826846-38827147	564	92718	TRUE	0.284	-0.2949812140551984	FALSE	564	48	39.78427450857839
ENSG00000130402	chr19:38826846-38827147	562	91220	TRUE	2.856743467271553e-14	-0.6295140345573844	TRUE	564	49	8.71740783566153
ENSG00000104823	chr19:38826846-38827147	539	88622	TRUE	8.368832681306094e-9	-0.4017439024490628	TRUE	564	49	5.037980353552715
ENSG00000167645	chr19:38826846-38827147	564	92411	TRUE	1.65770478453061e-8	-0.453197213557726	TRUE	564	49	18.180557725762263
ENSG00000128626	chr19:38826846-38827147	560	91448	TRUE	2.2044349912647698e-4	-0.5051106831134362	TRUE	564	49	15.173484588060044
ENSG00000099341	chr19:38826846-38827147	564	92652	TRUE	2.7748999920066894e-4	-0.3965903363617782	TRUE	564	49	24.372313718137026
ENSG00000167641	chr19:38826846-38827147	498	80280	TRUE	7.996702155731519e-4	-0.3644175007153354	TRUE	564	49	7.115003593862308
ENSG00000105193	chr19:38826846-38827147	564	92727	TRUE	0.0016766090042814874	-0.26195716489702736	TRUE	564	49	281.3449795306103
ENSG00000178982	chr19:38826846-38827147	564	92718	TRUE	0.008277753454114758	-0.31905500435219825	TRUE	564	49	39.78427450857839
ENSG00000104823	chr19:38826846-38827147	539	88622	TRUE	4.126095773543956e-7	-0.3826187362194262	TRUE	564	50	5.037980353552715
ENSG00000178982	chr19:38826846-38827147	564	92718	TRUE	3.550453984966541e-6	-0.441315713609284	TRUE	564	50	39.78427450857839
ENSG00000167645	chr19:38826846-38827147	564	92411	TRUE	7.406758295479092e-6	-0.42786313466633175	TRUE	564	50	18.180557725762263
ENSG00000105193	chr19:38826846-38827147	564	92727	TRUE	2.4322909513384977e-5	-0.3309309842520092	TRUE	564	50	281.3449795306103
ENSG00000099341	chr19:38826846-38827147	564	92652	TRUE	8.068901541974025e-5	-0.43021345278000833	TRUE	564	50	24.372313718137026
ENSG00000130402	chr19:38826846-38827147	562	91220	TRUE	9.090784043504956e-5	-0.4542283815833814	TRUE	564	50	8.71740783566153
ENSG00000128626	chr19:38826846-38827147	560	91448	TRUE	2.1554442521171807e-4	-0.5053261876385795	TRUE	564	50	15.173484588060044
ENSG00000167641	chr19:38826846-38827147	498	80280	TRUE	0.0014023791851836623	-0.37136356632819867	TRUE	564	50	7.115003593862308
ENSG00000104823	chr19:38826846-38827147	539	88622	TRUE	3.072623096382664e-7	-0.3704131216159636	TRUE	564	51	5.037980353552715
ENSG00000128626	chr19:38826846-38827147	560	91448	TRUE	4.378576654754198e-7	-0.5974301795461194	TRUE	564	51	15.173484588060044
ENSG00000130402	chr19:38826846-38827147	562	91220	TRUE	1.8885656388810987e-5	-0.4564065828641244	TRUE	564	51	8.71740783566153
ENSG00000167645	chr19:38826846-38827147	564	92411	TRUE	3.344615102561406e-4	-0.38452955416271983	TRUE	564	51	18.180557725762263
ENSG00000167641	chr19:38826846-38827147	498	80280	TRUE	8e-4	-0.3825473048208745	TRUE	564	51	7.115003593862308
ENSG00000099341	chr19:38826846-38827147	564	92652	TRUE	0.0012337373307663053	-0.37883348347475376	TRUE	564	51	24.372313718137026
ENSG00000105193	chr19:38826846-38827147	564	92727	TRUE	0.0021546509287235054	-0.26898267186300995	TRUE	564	51	281.3449795306103
ENSG00000178982	chr19:38826846-38827147	564	92718	TRUE	0.011438960454859634	-0.31941955142700973	TRUE	564	51	39.78427450857839
ENSG00000167645	chr19:38826846-38827147	564	92411	TRUE	3.6266152813775056e-10	-0.507068875241369	TRUE	564	52	18.180557725762263
ENSG00000099341	chr19:38826846-38827147	564	92652	TRUE	9.27749770853381e-10	-0.530699458158983	TRUE	564	52	24.372313718137026
ENSG00000104823	chr19:38826846-38827147	539	88622	TRUE	4.560299650874423e-7	-0.3906081221458577	TRUE	564	52	5.037980353552715
ENSG00000178982	chr19:38826846-38827147	564	92718	TRUE	8.821403736270113e-7	-0.46879187230208963	TRUE	564	52	39.78427450857839
ENSG00000105193	chr19:38826846-38827147	564	92727	TRUE	3.598167206880776e-5	-0.33532765233179784	TRUE	564	52	281.3449795306103
ENSG00000130402	chr19:38826846-38827147	562	91220	TRUE	2.61300841226178e-4	-0.4166327613558738	TRUE	564	52	8.71740783566153
ENSG00000128626	chr19:38826846-38827147	560	91448	TRUE	5.535774430295605e-4	-0.5027422555313246	TRUE	564	52	15.173484588060044
ENSG00000167641	chr19:38826846-38827147	498	80280	TRUE	0.0056	-0.36257085081086826	TRUE	564	52	7.115003593862308
ENSG00000099341	chr19:38826846-38827147	564	92652	TRUE	4.377266478665755e-9	-0.5162382804032664	TRUE	564	53	24.372313718137026
ENSG00000167645	chr19:38826846-38827147	564	92411	TRUE	2.9505515390963397e-8	-0.47218148421615513	TRUE	564	53	18.180557725762263
ENSG00000128626	chr19:38826846-38827147	560	91448	TRUE	1.4890694014250624e-7	-0.5580011608381668	TRUE	564	53	15.173484588060044
ENSG00000130402	chr19:38826846-38827147	562	91220	TRUE	1.6626223336699882e-6	-0.47689663621018985	TRUE	564	53	8.71740783566153
ENSG00000178982	chr19:38826846-38827147	564	92718	TRUE	2.27841081998836e-6	-0.4401259927901453	TRUE	564	53	39.78427450857839
ENSG00000104823	chr19:38826846-38827147	539	88622	TRUE	4.787497947487257e-5	-0.3267189551784808	TRUE	564	53	5.037980353552715
ENSG00000105193	chr19:38826846-38827147	564	92727	TRUE	2.656190225736946e-4	-0.2972266919097679	TRUE	564	53	281.3449795306103
ENSG00000167641	chr19:38826846-38827147	498	80280	TRUE	4e-4	-0.35337289143748496	TRUE	564	53	7.115003593862308
ENSG00000167645	chr19:38826846-38827147	564	92411	TRUE	1.8314236641677297e-11	-0.5439466538564388	TRUE	564	54	18.180557725762263
ENSG00000099341	chr19:38826846-38827147	564	92652	TRUE	0.0018448329890505821	-0.37513584358416274	TRUE	564	54	24.372313718137026
ENSG00000130402	chr19:38826846-38827147	562	91220	TRUE	0.0024929238258442205	-0.38378723181870855	TRUE	564	54	8.71740783566153
ENSG00000104823	chr19:38826846-38827147	539	88622	TRUE	0.002533505946282655	-0.24645300257312952	TRUE	564	54	5.037980353552715
ENSG00000178982	chr19:38826846-38827147	564	92718	TRUE	0.0060642979928686586	-0.343685636426855	TRUE	564	54	39.78427450857839
ENSG00000105193	chr19:38826846-38827147	564	92727	TRUE	0.024	-0.2538004293754117	TRUE	564	54	281.3449795306103
ENSG00000167641	chr19:38826846-38827147	498	80280	TRUE	0.048	-0.2524625679103534	TRUE	564	54	7.115003593862308
ENSG00000128626	chr19:38826846-38827147	560	91448	TRUE	0.088	-0.39679548389939656	TRUE	564	54	15.173484588060044
ENSG00000105193	chr19:38826846-38827147	564	92727	TRUE	9.38901161035195e-12	-0.49389923619104525	TRUE	564	55	281.3449795306103
ENSG00000178982	chr19:38826846-38827147	564	92718	TRUE	7.791995188720802e-5	-0.42851835670627914	TRUE	564	55	39.78427450857839
ENSG00000099341	chr19:38826846-38827147	564	92652	TRUE	0.002721534661328545	-0.39784028882334077	TRUE	564	55	24.372313718137026
ENSG00000167641	chr19:38826846-38827147	498	80280	TRUE	0.0032	-0.33877705359793264	TRUE	564	55	7.115003593862308
ENSG00000104823	chr19:38826846-38827147	539	88622	TRUE	0.004456522391809423	-0.2582118861681879	TRUE	564	55	5.037980353552715
ENSG00000167645	chr19:38826846-38827147	564	92411	TRUE	0.00486269488278758	-0.3676537813214864	TRUE	564	55	18.180557725762263
ENSG00000128626	chr19:38826846-38827147	560	91448	TRUE	0.024	-0.4431086919675753	TRUE	564	55	15.173484588060044
ENSG00000130402	chr19:38826846-38827147	562	91220	TRUE	0.14	-0.3153074939359417	FALSE	564	55	8.71740783566153
ENSG00000167645	chr19:38826846-38827147	564	92411	TRUE	1.9494623695816456e-9	-0.4779078922936115	TRUE	564	56	18.180557725762263
ENSG00000099341	chr19:38826846-38827147	564	92652	TRUE	6.264528420381094e-8	-0.48867558722397675	TRUE	564	56	24.372313718137026
ENSG00000178982	chr19:38826846-38827147	564	92718	TRUE	1.223967664802086e-7	-0.45510854293901915	TRUE	564	56	39.78427450857839
ENSG00000105193	chr19:38826846-38827147	564	92727	TRUE	1.2160288880729876e-6	-0.35881995565526736	TRUE	564	56	281.3449795306103
ENSG00000104823	chr19:38826846-38827147	539	88622	TRUE	1.2734625820411528e-6	-0.36555964339375624	TRUE	564	56	5.037980353552715
ENSG00000128626	chr19:38826846-38827147	560	91448	TRUE	4.346460214431358e-6	-0.5694467286996652	TRUE	564	56	15.173484588060044
ENSG00000130402	chr19:38826846-38827147	562	91220	TRUE	1.1223658340428402e-4	-0.44014967443782105	TRUE	564	56	8.71740783566153
ENSG00000167641	chr19:38826846-38827147	498	80280	TRUE	4e-4	-0.41519206794846175	TRUE	564	56	7.115003593862308
ENSG00000105193	chr19:38826846-38827147	564	92727	TRUE	4.8336198984203415e-9	-0.4223658885350021	TRUE	564	57	281.3449795306103
ENSG00000128626	chr19:38826846-38827147	560	91448	TRUE	1.411391424018622e-8	-0.6526910781602799	TRUE	564	57	15.173484588060044
ENSG00000099341	chr19:38826846-38827147	564	92652	TRUE	6.795379895982272e-6	-0.4267646250625976	TRUE	564	57	24.372313718137026
ENSG00000178982	chr19:38826846-38827147	564	92718	TRUE	1.938590878947273e-5	-0.4184865385129575	TRUE	564	57	39.78427450857839
ENSG00000104823	chr19:38826846-38827147	539	88622	TRUE	2.700071976047009e-5	-0.33618316322914144	TRUE	564	57	5.037980353552715
ENSG00000167645	chr19:38826846-38827147	564	92411	TRUE	0.028	-0.33172603757728236	TRUE	564	57	18.180557725762263
ENSG00000167641	chr19:38826846-38827147	498	80280	TRUE	0.06	-0.2670700874009384	TRUE	564	57	7.115003593862308
ENSG00000130402	chr19:38826846-38827147	562	91220	TRUE	0.128	-0.31037407396531647	FALSE	564	57	8.71740783566153
ENSG00000178982	chr19:38826846-38827147	564	92718	TRUE	2.73092792422091e-8	-0.488579110376949	TRUE	564	58	39.78427450857839
ENSG00000128626	chr19:38826846-38827147	560	91448	TRUE	1.1671795199019524e-6	-0.5807567195243206	TRUE	564	58	15.173484588060044
ENSG00000105193	chr19:38826846-38827147	564	92727	TRUE	1.4369450165062966e-6	-0.37446220119207396	TRUE	564	58	281.3449795306103
ENSG00000099341	chr19:38826846-38827147	564	92652	TRUE	3.166007972720767e-6	-0.4508218923534608	TRUE	564	58	24.372313718137026
ENSG00000104823	chr19:38826846-38827147	539	88622	TRUE	3.7725506104901215e-6	-0.36495410506759907	TRUE	564	58	5.037980353552715
ENSG00000130402	chr19:38826846-38827147	562	91220	TRUE	2.592238482671469e-4	-0.4369201604992514	TRUE	564	58	8.71740783566153
ENSG00000167645	chr19:38826846-38827147	564	92411	TRUE	2.831002828212366e-4	-0.3877263839478804	TRUE	564	58	18.180557725762263
ENSG00000167641	chr19:38826846-38827147	498	80280	TRUE	4e-4	-0.4412655795583551	TRUE	564	58	7.115003593862308
ENSG00000099341	chr19:38826846-38827147	564	92652	TRUE	1.4524768591302932e-6	-0.4719922538105985	TRUE	564	59	24.372313718137026
ENSG00000128626	chr19:38826846-38827147	560	91448	TRUE	1.6289231964672357e-6	-0.5803026134327878	TRUE	564	59	15.173484588060044
ENSG00000178982	chr19:38826846-38827147	564	92718	TRUE	3.82462972437457e-5	-0.42106620035003317	TRUE	564	59	39.78427450857839
ENSG00000167645	chr19:38826846-38827147	564	92411	TRUE	1.1473898376418955e-4	-0.396342540137534	TRUE	564	59	18.180557725762263
ENSG00000104823	chr19:38826846-38827147	539	88622	TRUE	1.8194323509158547e-4	-0.2877484068373626	TRUE	564	59	5.037980353552715
ENSG00000167641	chr19:38826846-38827147	498	80280	TRUE	8e-4	-0.36626651736175697	TRUE	564	59	7.115003593862308
ENSG00000130402	chr19:38826846-38827147	562	91220	TRUE	0.024	-0.3570889104279207	TRUE	564	59	8.71740783566153
ENSG00000105193	chr19:38826846-38827147	564	92727	TRUE	0.03080840428315082	-0.24398779319049524	TRUE	564	59	281.3449795306103
ENSG00000099341	chr19:38826846-38827147	564	92652	TRUE	2.696318803612849e-12	-0.5831973477626331	TRUE	564	60	24.372313718137026
ENSG00000178982	chr19:38826846-38827147	564	92718	TRUE	2.1192448354288927e-9	-0.5177321491085802	TRUE	564	60	39.78427450857839
ENSG00000104823	chr19:38826846-38827147	539	88622	TRUE	2.6975178044248444e-9	-0.4073441921503802	TRUE	564	60	5.037980353552715
ENSG00000128626	chr19:38826846-38827147	560	91448	TRUE	1.9077821279770693e-7	-0.594217560026685	TRUE	564	60	15.173484588060044
ENSG00000105193	chr19:38826846-38827147	564	92727	TRUE	8.947242727361682e-7	-0.3668298187538763	TRUE	564	60	281.3449795306103
ENSG00000130402	chr19:38826846-38827147	562	91220	TRUE	5.763754795377451e-6	-0.4699119861100627	TRUE	564	60	8.71740783566153
ENSG00000167641	chr19:38826846-38827147	498	80280	TRUE	0.004	-0.3265756445813608	TRUE	564	60	7.115003593862308
ENSG00000167645	chr19:38826846-38827147	564	92411	TRUE	0.015841598312530042	-0.2700352224066638	TRUE	564	60	18.180557725762263
ENSG00000104823	chr19:38826846-38827147	539	88622	TRUE	8.496435690357146e-10	-0.4426875704848694	TRUE	564	61	5.037980353552715
ENSG00000167645	chr19:38826846-38827147	564	92411	TRUE	1.1698691711195465e-7	-0.48599930464715957	TRUE	564	61	18.180557725762263
ENSG00000099341	chr19:38826846-38827147	564	92652	TRUE	2.388353866582607e-6	-0.4667360496509261	TRUE	564	61	24.372313718137026
ENSG00000178982	chr19:38826846-38827147	564	92718	TRUE	2.9015704301523643e-6	-0.4448907740493748	TRUE	564	61	39.78427450857839
ENSG00000128626	chr19:38826846-38827147	560	91448	TRUE	8.02319396676892e-5	-0.5089946984321294	TRUE	564	61	15.173484588060044
ENSG00000105193	chr19:38826846-38827147	564	92727	TRUE	8.48108300227756e-5	-0.3355067480524587	TRUE	564	61	281.3449795306103
ENSG00000130402	chr19:38826846-38827147	562	91220	TRUE	0.0013526223375428525	-0.3969752985285835	TRUE	564	61	8.71740783566153
ENSG00000167641	chr19:38826846-38827147	498	80280	TRUE	0.036	-0.29277483122219605	TRUE	564	61	7.115003593862308
ENSG00000105193	chr19:38826846-38827147	564	92727	TRUE	2.849400568789238e-10	-0.4212920968112668	TRUE	564	62	281.3449795306103
ENSG00000130402	chr19:38826846-38827147	562	91220	TRUE	6.304970721418557e-7	-0.4761598154378466	TRUE	564	62	8.71740783566153
ENSG00000167641	chr19:38826846-38827147	498	80280	TRUE	4.2179881283131585e-6	-0.45398956673849433	TRUE	564	62	7.115003593862308
ENSG00000099341	chr19:38826846-38827147	564	92652	TRUE	4.739539400737966e-6	-0.4274026751552089	TRUE	564	62	24.372313718137026
ENSG00000167645	chr19:38826846-38827147	564	92411	TRUE	7.117291354305326e-6	-0.37748791418474115	TRUE	564	62	18.180557725762263
ENSG00000178982	chr19:38826846-38827147	564	92718	TRUE	1.5985456012761884e-5	-0.39271031035940407	TRUE	564	62	39.78427450857839
ENSG00000104823	chr19:38826846-38827147	539	88622	TRUE	3.492627585654877e-5	-0.31147081686793276	TRUE	564	62	5.037980353552715
ENSG00000128626	chr19:38826846-38827147	560	91448	TRUE	0.009763384040141002	-0.35852651358106247	TRUE	564	62	15.173484588060044
ENSG00000130402	chr19:38826846-38827147	562	91220	TRUE	3.142285014098007e-11	-0.6221595834182332	TRUE	564	63	8.71740783566153
ENSG00000167645	chr19:38826846-38827147	564	92411	TRUE	8.812937322591041e-7	-0.46950503479188566	TRUE	564	63	18.180557725762263
ENSG00000104823	chr19:38826846-38827147	539	88622	TRUE	2.2051635110425117e-6	-0.3661654359875359	TRUE	564	63	5.037980353552715
ENSG00000178982	chr19:38826846-38827147	564	92718	TRUE	7.2596753085325295e-6	-0.4766579674455924	TRUE	564	63	39.78427450857839
ENSG00000167641	chr19:38826846-38827147	498	80280	TRUE	7.892042913067642e-6	-0.41567065313808493	TRUE	564	63	7.115003593862308
ENSG00000105193	chr19:38826846-38827147	564	92727	TRUE	2.590451378451132e-4	-0.3529002559601677	TRUE	564	63	281.3449795306103
ENSG00000099341	chr19:38826846-38827147	564	92652	TRUE	6.958285675560776e-4	-0.41634066629829825	TRUE	564	63	24.372313718137026
ENSG00000128626	chr19:38826846-38827147	560	91448	TRUE	0.044	-0.4195631569750029	TRUE	564	63	15.173484588060044
ENSG00000105193	chr19:38826846-38827147	564	92727	TRUE	5.330095697626694e-10	-0.4413558093587877	TRUE	564	64	281.3449795306103
ENSG00000130402	chr19:38826846-38827147	562	91220	TRUE	6.779285491060206e-8	-0.5229499794903338	TRUE	564	64	8.71740783566153
ENSG00000167645	chr19:38826846-38827147	564	92411	TRUE	1.7822478728609942e-7	-0.45037979283389307	TRUE	564	64	18.180557725762263
ENSG00000178982	chr19:38826846-38827147	564	92718	TRUE	2.2004988502530645e-5	-0.42044040408542926	TRUE	564	64	39.78427450857839
ENSG00000099341	chr19:38826846-38827147	564	92652	TRUE	6.992300042451792e-4	-0.39684024023229547	TRUE	564	64	24.372313718137026
ENSG00000104823	chr19:38826846-38827147	539	88622	TRUE	0.0028108618402057986	-0.26723580951165005	TRUE	564	64	5.037980353552715
ENSG00000167641	chr19:38826846-38827147	498	80280	TRUE	0.006673805138239661	-0.3100210462801023	TRUE	564	64	7.115003593862308
ENSG00000128626	chr19:38826846-38827147	560	91448	TRUE	0.052	-0.4273009894344568	TRUE	564	64	15.173484588060044
ENSG00000105193	chr19:38826846-38827147	564	92727	TRUE	1.6740782782638736e-7	-0.3501091242655585	TRUE	564	65	281.3449795306103
ENSG00000130402	chr19:38826846-38827147	562	91220	TRUE	1.1933530332281948e-4	-0.4276308587021562	TRUE	564	65	8.71740783566153
ENSG00000178982	chr19:38826846-38827147	564	92718	TRUE	0.0010216131284230268	-0.35104577241027446	TRUE	564	65	39.78427450857839
ENSG00000099341	chr19:38826846-38827147	564	92652	TRUE	0.0017639297336632734	-0.36629998379870266	TRUE	564	65	24.372313718137026
ENSG00000167645	chr19:38826846-38827147	564	92411	TRUE	0.004960712286016682	-0.316735607329345	TRUE	564	65	18.180557725762263
ENSG00000104823	chr19:38826846-38827147	539	88622	TRUE	0.005154609313585738	-0.24589543926536273	TRUE	564	65	5.037980353552715
ENSG00000167641	chr19:38826846-38827147	498	80280	TRUE	0.04	-0.27660144065760894	TRUE	564	65	7.115003593862308
ENSG00000128626	chr19:38826846-38827147	560	91448	TRUE	0.096	-0.36222998190905153	TRUE	564	65	15.173484588060044
ENSG00000167645	chr19:38826846-38827147	564	92411	TRUE	2.074471783645009e-9	-0.5156940573170323	TRUE	564	66	18.180557725762263
ENSG00000105193	chr19:38826846-38827147	564	92727	TRUE	1.155503504869388e-8	-0.387859450480982	TRUE	564	66	281.3449795306103
ENSG00000099341	chr19:38826846-38827147	564	92652	TRUE	2.8575119611703873e-6	-0.44913642502793927	TRUE	564	66	24.372313718137026
ENSG00000130402	chr19:38826846-38827147	562	91220	TRUE	5.035284078176369e-5	-0.4477134405732537	TRUE	564	66	8.71740783566153
ENSG00000128626	chr19:38826846-38827147	560	91448	TRUE	1.0821167558377337e-4	-0.4796927912287625	TRUE	564	66	15.173484588060044
ENSG00000178982	chr19:38826846-38827147	564	92718	TRUE	9.077880760724501e-4	-0.36836686893233406	TRUE	564	66	39.78427450857839
ENSG00000104823	chr19:38826846-38827147	539	88622	TRUE	0.001406663834104524	-0.2695006373565123	TRUE	564	66	5.037980353552715
ENSG00000167641	chr19:38826846-38827147	498	80280	TRUE	0.0088	-0.30424937046966205	TRUE	564	66	7.115003593862308
ENSG00000178982	chr19:38826846-38827147	564	92718	TRUE	8.382299172238986e-7	-0.4600839117890958	TRUE	564	67	39.78427450857839
ENSG00000105193	chr19:38826846-38827147	564	92727	TRUE	7.433761224559347e-5	-0.33422196534782955	TRUE	564	67	281.3449795306103
ENSG00000128626	chr19:38826846-38827147	560	91448	TRUE	0.001405838201567755	-0.4737766345572094	TRUE	564	67	15.173484588060044
ENSG00000167645	chr19:38826846-38827147	564	92411	TRUE	0.002218596536822645	-0.3375708600519345	TRUE	564	67	18.180557725762263
ENSG00000104823	chr19:38826846-38827147	539	88622	TRUE	0.0034664381738709477	-0.2514807928962193	TRUE	564	67	5.037980353552715
ENSG00000099341	chr19:38826846-38827147	564	92652	TRUE	0.006231723033178677	-0.3644659714653269	TRUE	564	67	24.372313718137026
ENSG00000167641	chr19:38826846-38827147	498	80280	TRUE	0.024	-0.27964739723658383	TRUE	564	67	7.115003593862308
ENSG00000130402	chr19:38826846-38827147	562	91220	TRUE	0.084	-0.321249953306987	TRUE	564	67	8.71740783566153
ENSG00000178982	chr19:38826846-38827147	564	92718	TRUE	1.775777343855818e-8	-0.4938360327624185	TRUE	564	68	39.78427450857839
ENSG00000167645	chr19:38826846-38827147	564	92411	TRUE	1.9045389605754293e-8	-0.484017209106534	TRUE	564	68	18.180557725762263
ENSG00000105193	chr19:38826846-38827147	564	92727	TRUE	4.7976406897264935e-8	-0.37579417468519427	TRUE	564	68	281.3449795306103
ENSG00000128626	chr19:38826846-38827147	560	91448	TRUE	2.7164100117160316e-6	-0.5732821857550152	TRUE	564	68	15.173484588060044
ENSG00000130402	chr19:38826846-38827147	562	91220	TRUE	3.0068212726959594e-6	-0.4677133140448544	TRUE	564	68	8.71740783566153
ENSG00000104823	chr19:38826846-38827147	539	88622	TRUE	1.5192244024166569e-5	-0.3385589481067366	TRUE	564	68	5.037980353552715
ENSG00000167641	chr19:38826846-38827147	498	80280	TRUE	8e-4	-0.37508185457430887	TRUE	564	68	7.115003593862308
ENSG00000099341	chr19:38826846-38827147	564	92652	TRUE	0.004884636159500362	-0.35520930626799707	TRUE	564	68	24.372313718137026
ENSG00000105193	chr19:38826846-38827147	564	92727	TRUE	3.478748184351467e-18	-0.5472448755862853	TRUE	564	69	281.3449795306103
ENSG00000099341	chr19:38826846-38827147	564	92652	TRUE	5.273334653262108e-10	-0.5124424258225106	TRUE	564	69	24.372313718137026
ENSG00000178982	chr19:38826846-38827147	564	92718	TRUE	4.105987781710934e-9	-0.49540037623296307	TRUE	564	69	39.78427450857839
ENSG00000128626	chr19:38826846-38827147	560	91448	TRUE	1.7737257711180482e-4	-0.48520817378244585	TRUE	564	69	15.173484588060044
ENSG00000130402	chr19:38826846-38827147	562	91220	TRUE	2.07051350481725e-4	-0.4166327613558738	TRUE	564	69	8.71740783566153
ENSG00000167645	chr19:38826846-38827147	564	92411	TRUE	2.609870655493583e-4	-0.3681522076663608	TRUE	564	69	18.180557725762263
ENSG00000104823	chr19:38826846-38827147	539	88622	TRUE	0.0013341589077471294	-0.2598995779662929	TRUE	564	69	5.037980353552715
ENSG00000167641	chr19:38826846-38827147	498	80280	TRUE	0.0088	-0.30469252668291125	TRUE	564	69	7.115003593862308
ENSG00000099341	chr19:38826846-38827147	564	92652	TRUE	1.779355913572307e-7	-0.49280995994178234	TRUE	564	70	24.372313718137026
ENSG00000104823	chr19:38826846-38827147	539	88622	TRUE	2.790342742173637e-7	-0.36555964339375624	TRUE	564	70	5.037980353552715
ENSG00000167645	chr19:38826846-38827147	564	92411	TRUE	5.472281089332655e-7	-0.4479190550818051	TRUE	564	70	18.180557725762263
ENSG00000130402	chr19:38826846-38827147	562	91220	TRUE	6.012374113580354e-4	-0.4198171293851778	TRUE	564	70	8.71740783566153
ENSG00000105193	chr19:38826846-38827147	564	92727	TRUE	0.0019145543848071434	-0.2934355436060976	TRUE	564	70	281.3449795306103
ENSG00000128626	chr19:38826846-38827147	560	91448	TRUE	0.00700568664939534	-0.4538828540810167	TRUE	564	70	15.173484588060044
ENSG00000167641	chr19:38826846-38827147	498	80280	TRUE	0.036	-0.23377564730251432	TRUE	564	70	7.115003593862308
ENSG00000178982	chr19:38826846-38827147	564	92718	TRUE	0.04	-0.3252648672618772	TRUE	564	70	39.78427450857839
ENSG00000167645	chr19:38826846-38827147	564	92411	TRUE	3.0383582135372496e-10	-0.5232604957258848	TRUE	564	71	18.180557725762263
ENSG00000130402	chr19:38826846-38827147	562	91220	TRUE	3.327111385123798e-6	-0.4780025734363593	TRUE	564	71	8.71740783566153
ENSG00000104823	chr19:38826846-38827147	539	88622	TRUE	5.70550764529814e-6	-0.3355898278142848	TRUE	564	71	5.037980353552715
ENSG00000105193	chr19:38826846-38827147	564	92727	TRUE	1.853614911596132e-5	-0.33109903137368324	TRUE	564	71	281.3449795306103
ENSG00000178982	chr19:38826846-38827147	564	92718	TRUE	2.6700154356928442e-5	-0.4110858889582758	TRUE	564	71	39.78427450857839
ENSG00000128626	chr19:38826846-38827147	560	91448	TRUE	5.61220036086104e-4	-0.4603444044717224	TRUE	564	71	15.173484588060044
ENSG00000099341	chr19:38826846-38827147	564	92652	TRUE	0.092	-0.30826786242728765	FALSE	564	71	24.372313718137026
ENSG00000167641	chr19:38826846-38827147	498	80280	TRUE	0.248	-0.17750051022913116	FALSE	564	71	7.115003593862308
ENSG00000105193	chr19:38826846-38827147	564	92727	TRUE	2.3840478081808315e-8	-0.4511622053452653	TRUE	564	72	281.3449795306103
ENSG00000178982	chr19:38826846-38827147	564	92718	TRUE	3.9896537804787885e-8	-0.5146399123555794	TRUE	564	72	39.78427450857839
ENSG00000128626	chr19:38826846-38827147	560	91448	TRUE	1.2927127566388801e-6	-0.6431745856006126	TRUE	564	72	15.173484588060044
ENSG00000099341	chr19:38826846-38827147	564	92652	TRUE	3.3772862746111586e-6	-0.46817959781791707	TRUE	564	72	24.372313718137026
ENSG00000130402	chr19:38826846-38827147	562	91220	TRUE	7.03515844911436e-6	-0.47431940819644414	TRUE	564	72	8.71740783566153
ENSG00000104823	chr19:38826846-38827147	539	88622	TRUE	2.5788214957363654e-5	-0.3559013978436467	TRUE	564	72	5.037980353552715
ENSG00000167645	chr19:38826846-38827147	564	92411	TRUE	1.4521933833890055e-4	-0.4097915617443135	TRUE	564	72	18.180557725762263
ENSG00000167641	chr19:38826846-38827147	498	80280	TRUE	0.028	-0.30691035193272986	TRUE	564	72	7.115003593862308
ENSG00000128626	chr19:38826846-38827147	560	91448	TRUE	7.020590699965284e-8	-0.6196544194002613	TRUE	564	73	15.173484588060044
ENSG00000104823	chr19:38826846-38827147	539	88622	TRUE	1.531699872743043e-5	-0.32259780759496515	TRUE	564	73	5.037980353552715
ENSG00000130402	chr19:38826846-38827147	562	91220	TRUE	1.844157118416692e-5	-0.46004424248397324	TRUE	564	73	8.71740783566153
ENSG00000099341	chr19:38826846-38827147	564	92652	TRUE	2.327021947293303e-5	-0.43572310792957136	TRUE	564	73	24.372313718137026
ENSG00000178982	chr19:38826846-38827147	564	92718	TRUE	1.1471930029255048e-4	-0.40009416845269374	TRUE	564	73	39.78427450857839
ENSG00000167641	chr19:38826846-38827147	498	80280	TRUE	4e-4	-0.3886415577600344	TRUE	564	73	7.115003593862308
ENSG00000167645	chr19:38826846-38827147	564	92411	TRUE	0.0029922562792601623	-0.3409913071363486	TRUE	564	73	18.180557725762263
ENSG00000105193	chr19:38826846-38827147	564	92727	TRUE	0.009584837166166371	-0.2691436554925897	TRUE	564	73	281.3449795306103
ENSG00000099341	chr19:38826846-38827147	564	92652	TRUE	1.4548790287343674e-6	-0.46162962270207686	TRUE	564	74	24.372313718137026
ENSG00000167645	chr19:38826846-38827147	564	92411	TRUE	4.83933569494794e-6	-0.407057565823155	TRUE	564	74	18.180557725762263
ENSG00000128626	chr19:38826846-38827147	560	91448	TRUE	5.399931097206136e-5	-0.5066198912442261	TRUE	564	74	15.173484588060044
ENSG00000178982	chr19:38826846-38827147	564	92718	TRUE	8.437034956256147e-5	-0.386967852037869	TRUE	564	74	39.78427450857839
ENSG00000104823	chr19:38826846-38827147	539	88622	TRUE	0.001997320583818095	-0.2593367946391294	TRUE	564	74	5.037980353552715
ENSG00000167641	chr19:38826846-38827147	498	80280	TRUE	0.0032	-0.33379364608367723	TRUE	564	74	7.115003593862308
ENSG00000130402	chr19:38826846-38827147	562	91220	TRUE	0.212	-0.27278151024584973	FALSE	564	74	8.71740783566153
ENSG00000105193	chr19:38826846-38827147	564	92727	TRUE	0.244	-0.1716889699612132	FALSE	564	74	281.3449795306103
ENSG00000104823	chr19:38826846-38827147	539	88622	TRUE	9.946761048132868e-9	-0.4230155937021838	TRUE	564	75	5.037980353552715
ENSG00000099341	chr19:38826846-38827147	564	92652	TRUE	2.3000117950271962e-7	-0.4770034482049228	TRUE	564	75	24.372313718137026
ENSG00000130402	chr19:38826846-38827147	562	91220	TRUE	1.7310951556119038e-5	-0.44554831504299086	TRUE	564	75	8.71740783566153
ENSG00000167645	chr19:38826846-38827147	564	92411	TRUE	6.770719040278435e-4	-0.36069383309777914	TRUE	564	75	18.180557725762263
ENSG00000105193	chr19:38826846-38827147	564	92727	TRUE	0.0029150339650585444	-0.27460761406145373	TRUE	564	75	281.3449795306103
ENSG00000167641	chr19:38826846-38827147	498	80280	TRUE	0.0036	-0.3405934781890183	TRUE	564	75	7.115003593862308
ENSG00000178982	chr19:38826846-38827147	564	92718	TRUE	0.004421787493913011	-0.34806745789074345	TRUE	564	75	39.78427450857839
ENSG00000128626	chr19:38826846-38827147	560	91448	TRUE	0.019656131340225397	-0.4195631569750029	TRUE	564	75	15.173484588060044
ENSG00000105193	chr19:38826846-38827147	564	92727	TRUE	4.2062562948539176e-6	-0.38088431469338513	TRUE	564	76	281.3449795306103
ENSG00000130402	chr19:38826846-38827147	562	91220	TRUE	6.510976021639747e-6	-0.4842856154395614	TRUE	564	76	8.71740783566153
ENSG00000104823	chr19:38826846-38827147	539	88622	TRUE	5.9787165590234614e-5	-0.3249513073679373	TRUE	564	76	5.037980353552715
ENSG00000167645	chr19:38826846-38827147	564	92411	TRUE	1.240712248574867e-4	-0.3919435604113888	TRUE	564	76	18.180557725762263
ENSG00000099341	chr19:38826846-38827147	564	92652	TRUE	3.633389805882854e-4	-0.40750136924950553	TRUE	564	76	24.372313718137026
ENSG00000167641	chr19:38826846-38827147	498	80280	TRUE	0.0012	-0.3478821329890356	TRUE	564	76	7.115003593862308
ENSG00000128626	chr19:38826846-38827147	560	91448	TRUE	0.003972988904683172	-0.47061721645924415	TRUE	564	76	15.173484588060044
ENSG00000178982	chr19:38826846-38827147	564	92718	TRUE	0.032	-0.3203678051473	TRUE	564	76	39.78427450857839
ENSG00000167645	chr19:38826846-38827147	564	92411	TRUE	2.4732608498295987e-6	-0.44563783639430765	TRUE	564	77	18.180557725762263
ENSG00000178982	chr19:38826846-38827147	564	92718	TRUE	2.2420714945164694e-5	-0.4515880164402546	TRUE	564	77	39.78427450857839
ENSG00000099341	chr19:38826846-38827147	564	92652	TRUE	7.67880917242978e-5	-0.42561684552201307	TRUE	564	77	24.372313718137026
ENSG00000105193	chr19:38826846-38827147	564	92727	TRUE	1.4579365285621957e-4	-0.33135113876382505	TRUE	564	77	281.3449795306103
ENSG00000130402	chr19:38826846-38827147	562	91220	TRUE	0.0026514873871405567	-0.3910604667308859	TRUE	564	77	8.71740783566153
ENSG00000128626	chr19:38826846-38827147	560	91448	TRUE	0.009989667090067406	-0.4792694030992708	TRUE	564	77	15.173484588060044
ENSG00000104823	chr19:38826846-38827147	539	88622	TRUE	0.036	-0.22431685612423813	TRUE	564	77	5.037980353552715
ENSG00000167641	chr19:38826846-38827147	498	80280	TRUE	0.06	-0.2606073542960856	TRUE	564	77	7.115003593862308
ENSG00000178982	chr19:38826846-38827147	564	92718	TRUE	7.518745017787241e-8	-0.483831513901249	TRUE	564	78	39.78427450857839
ENSG00000130402	chr19:38826846-38827147	562	91220	TRUE	1.8740983445029134e-6	-0.48465605966829806	TRUE	564	78	8.71740783566153
ENSG00000128626	chr19:38826846-38827147	560	91448	TRUE	4.4822702716172495e-6	-0.5526462705299222	TRUE	564	78	15.173484588060044
ENSG00000099341	chr19:38826846-38827147	564	92652	TRUE	5.264627643744102e-6	-0.4499140883515338	TRUE	564	78	24.372313718137026
ENSG00000104823	chr19:38826846-38827147	539	88622	TRUE	8.277631230065377e-5	-0.3097217420436058	TRUE	564	78	5.037980353552715
ENSG00000105193	chr19:38826846-38827147	564	92727	TRUE	0.0012751818670121012	-0.29498153891532564	TRUE	564	78	281.3449795306103
ENSG00000167645	chr19:38826846-38827147	564	92411	TRUE	0.005170383012196356	-0.32396959394284774	TRUE	564	78	18.180557725762263
ENSG00000167641	chr19:38826846-38827147	498	80280	TRUE	0.028	-0.2870716048404951	TRUE	564	78	7.115003593862308
ENSG00000104823	chr19:38826846-38827147	539	88622	TRUE	1.7290134675351212e-7	-0.39307532247504495	TRUE	564	79	5.037980353552715
ENSG00000178982	chr19:38826846-38827147	564	92718	TRUE	1.6840127042336674e-6	-0.47730863609610275	TRUE	564	79	39.78427450857839
ENSG00000130402	chr19:38826846-38827147	562	91220	TRUE	3.935559134347189e-6	-0.506306223370462	TRUE	564	79	8.71740783566153
ENSG00000167645	chr19:38826846-38827147	564	92411	TRUE	8.576324213389018e-5	-0.4242306651664096	TRUE	564	79	18.180557725762263
ENSG00000167641	chr19:38826846-38827147	498	80280	TRUE	4e-4	-0.4485926397000597	TRUE	564	79	7.115003593862308
ENSG00000105193	chr19:38826846-38827147	564	92727	TRUE	0.004365330244045451	-0.29655995760882004	TRUE	564	79	281.3449795306103
ENSG00000099341	chr19:38826846-38827147	564	92652	TRUE	0.032	-0.34408275738286775	TRUE	564	79	24.372313718137026
ENSG00000128626	chr19:38826846-38827147	560	91448	TRUE	0.12	-0.4118666047390436	FALSE	564	79	15.173484588060044
ENSG00000130402	chr19:38826846-38827147	562	91220	TRUE	1.1419306192831345e-4	-0.41733979152973477	TRUE	564	80	8.71740783566153
ENSG00000099341	chr19:38826846-38827147	564	92652	TRUE	8.604726553301453e-4	-0.37071114924244064	TRUE	564	80	24.372313718137026
ENSG00000105193	chr19:38826846-38827147	564	92727	TRUE	0.001580702070632	-0.2717016796623408	TRUE	564	80	281.3449795306103
ENSG00000104823	chr19:38826846-38827147	539	88622	TRUE	0.003303341975942002	-0.24701078144761635	TRUE	564	80	5.037980353552715
ENSG00000178982	chr19:38826846-38827147	564	92718	TRUE	0.008030987533183792	-0.32292389817116707	TRUE	564	80	39.78427450857839
ENSG00000128626	chr19:38826846-38827147	560	91448	TRUE	0.028	-0.39180656184893126	TRUE	564	80	15.173484588060044
ENSG00000167645	chr19:38826846-38827147	564	92411	TRUE	0.072	-0.2761025313539456	TRUE	564	80	18.180557725762263
ENSG00000167641	chr19:38826846-38827147	498	80280	TRUE	0.228	-0.21449471771133277	FALSE	564	80	7.115003593862308
ENSG00000099341	chr19:38826846-38827147	564	92652	TRUE	1.1641793292884838e-8	-0.5161025420543037	TRUE	564	81	24.372313718137026
ENSG00000178982	chr19:38826846-38827147	564	92718	TRUE	2.6098297311281937e-7	-0.4451294266992898	TRUE	564	81	39.78427450857839
ENSG00000130402	chr19:38826846-38827147	562	91220	TRUE	7.303201169947624e-7	-0.49693438944673485	TRUE	564	81	8.71740783566153
ENSG00000167645	chr19:38826846-38827147	564	92411	TRUE	8.729639114949186e-6	-0.3949875787410222	TRUE	564	81	18.180557725762263
ENSG00000167641	chr19:38826846-38827147	498	80280	TRUE	4e-4	-0.4123238860079681	TRUE	564	81	7.115003593862308
ENSG00000128626	chr19:38826846-38827147	560	91448	TRUE	4.171017835418664e-4	-0.49287983461792395	TRUE	564	81	15.173484588060044
ENSG00000105193	chr19:38826846-38827147	564	92727	TRUE	0.0011298318220987133	-0.27790404853106043	TRUE	564	81	281.3449795306103
ENSG00000104823	chr19:38826846-38827147	539	88622	TRUE	0.988	-0.08317337198746699	FALSE	564	81	5.037980353552715
ENSG00000167645	chr19:38826846-38827147	564	92411	TRUE	6.660205843593819e-10	-0.5107328646161924	TRUE	564	82	18.180557725762263
ENSG00000128626	chr19:38826846-38827147	560	91448	TRUE	1.4572714716529472e-9	-0.6593901716474715	TRUE	564	82	15.173484588060044
ENSG00000130402	chr19:38826846-38827147	562	91220	TRUE	2.9137938122820247e-8	-0.5424849778377667	TRUE	564	82	8.71740783566153
ENSG00000178982	chr19:38826846-38827147	564	92718	TRUE	2.0732599312144702e-7	-0.4738147374687198	TRUE	564	82	39.78427450857839
ENSG00000105193	chr19:38826846-38827147	564	92727	TRUE	1.352039384434553e-6	-0.3542017881931159	TRUE	564	82	281.3449795306103
ENSG00000099341	chr19:38826846-38827147	564	92652	TRUE	3.7696790965077547e-5	-0.4210348371294712	TRUE	564	82	24.372313718137026
ENSG00000167641	chr19:38826846-38827147	498	80280	TRUE	1.0501295460186265e-4	-0.4257577912378081	TRUE	564	82	7.115003593862308
ENSG00000104823	chr19:38826846-38827147	539	88622	TRUE	3.950862761094281e-4	-0.28373693839933045	TRUE	564	82	5.037980353552715
ENSG00000099341	chr19:38826846-38827147	564	92652	TRUE	1.3786058638913366e-9	-0.5316595632746308	TRUE	564	83	24.372313718137026
ENSG00000104823	chr19:38826846-38827147	539	88622	TRUE	4.738689404657718e-7	-0.3522961605466848	TRUE	564	83	5.037980353552715
ENSG00000178982	chr19:38826846-38827147	564	92718	TRUE	5.405234966813794e-7	-0.4647538741417465	TRUE	564	83	39.78427450857839
ENSG00000167645	chr19:38826846-38827147	564	92411	TRUE	2.160405796577773e-5	-0.40364734076076747	TRUE	564	83	18.180557725762263
ENSG00000130402	chr19:38826846-38827147	562	91220	TRUE	3.5610529858239905e-5	-0.45604332086021904	TRUE	564	83	8.71740783566153
ENSG00000105193	chr19:38826846-38827147	564	92727	TRUE	6.970489891930526e-4	-0.29996866825465496	TRUE	564	83	281.3449795306103
ENSG00000167641	chr19:38826846-38827147	498	80280	TRUE	0.06	-0.24990005384253156	TRUE	564	83	7.115003593862308
ENSG00000128626	chr19:38826846-38827147	560	91448	TRUE	0.212	-0.3573589696482635	FALSE	564	83	15.173484588060044
ENSG00000104823	chr19:38826846-38827147	539	88622	TRUE	1.2443185365819485e-9	-0.43567644758553303	TRUE	564	84	5.037980353552715
ENSG00000128626	chr19:38826846-38827147	560	91448	TRUE	6.898838968301922e-9	-0.6441234149941613	TRUE	564	84	15.173484588060044
ENSG00000105193	chr19:38826846-38827147	564	92727	TRUE	3.831581974725502e-8	-0.39851786254090094	TRUE	564	84	281.3449795306103
ENSG00000167645	chr19:38826846-38827147	564	92411	TRUE	5.977174776395505e-8	-0.4627468356048796	TRUE	564	84	18.180557725762263
ENSG00000130402	chr19:38826846-38827147	562	91220	TRUE	3.3192907148984433e-6	-0.4839152663062505	TRUE	564	84	8.71740783566153
ENSG00000099341	chr19:38826846-38827147	564	92652	TRUE	4.049939915430536e-6	-0.4488772970450441	TRUE	564	84	24.372313718137026
ENSG00000178982	chr19:38826846-38827147	564	92718	TRUE	5.209663070094434e-4	-0.38269500555245806	TRUE	564	84	39.78427450857839
ENSG00000167641	chr19:38826846-38827147	498	80280	TRUE	0.06	-0.2918959429581043	TRUE	564	84	7.115003593862308
ENSG00000130402	chr19:38826846-38827147	562	91220	TRUE	1.3023057438145386e-7	-0.5221892649771172	TRUE	564	85	8.71740783566153
ENSG00000099341	chr19:38826846-38827147	564	92652	TRUE	2.4912641302351265e-6	-0.47265062786523515	TRUE	564	85	24.372313718137026
ENSG00000178982	chr19:38826846-38827147	564	92718	TRUE	5.117130741533367e-5	-0.4240424452467133	TRUE	564	85	39.78427450857839
ENSG00000128626	chr19:38826846-38827147	560	91448	TRUE	6.273038453667376e-5	-0.5096430521427893	TRUE	564	85	15.173484588060044
ENSG00000105193	chr19:38826846-38827147	564	92727	TRUE	3.99067340405939e-4	-0.3000714653134171	TRUE	564	85	281.3449795306103
ENSG00000167645	chr19:38826846-38827147	564	92411	TRUE	0.007307251938671086	-0.3307541985099576	TRUE	564	85	18.180557725762263
ENSG00000104823	chr19:38826846-38827147	539	88622	TRUE	0.007699042774824513	-0.24980291516390052	TRUE	564	85	5.037980353552715
ENSG00000167641	chr19:38826846-38827147	498	80280	TRUE	0.28	-0.23884812263956245	FALSE	564	85	7.115003593862308
ENSG00000105193	chr19:38826846-38827147	564	92727	TRUE	4.5715697516524e-9	-0.4223994574077983	TRUE	564	86	281.3449795306103
ENSG00000167645	chr19:38826846-38827147	564	92411	TRUE	1.9185537966854346e-8	-0.4592025639761106	TRUE	564	86	18.180557725762263
ENSG00000099341	chr19:38826846-38827147	564	92652	TRUE	1.9299385329894517e-8	-0.4932106900145099	TRUE	564	86	24.372313718137026
ENSG00000178982	chr19:38826846-38827147	564	92718	TRUE	1.2200149721907966e-7	-0.46394762898782016	TRUE	564	86	39.78427450857839
ENSG00000104823	chr19:38826846-38827147	539	88622	TRUE	6.826073704175066e-5	-0.3091391880115073	TRUE	564	86	5.037980353552715
ENSG00000130402	chr19:38826846-38827147	562	91220	TRUE	9.911734408636717e-5	-0.4240739164642675	TRUE	564	86	8.71740783566153
ENSG00000167641	chr19:38826846-38827147	498	80280	TRUE	4e-4	-0.3797432319441718	TRUE	564	86	7.115003593862308
ENSG00000128626	chr19:38826846-38827147	560	91448	TRUE	0.096	-0.36496494963029	TRUE	564	86	15.173484588060044
ENSG00000099341	chr19:38826846-38827147	564	92652	TRUE	5.39030928364368e-10	-0.5569888647757724	TRUE	564	87	24.372313718137026
ENSG00000130402	chr19:38826846-38827147	562	91220	TRUE	1.1871639757382956e-8	-0.5697358292890455	TRUE	564	87	8.71740783566153
ENSG00000167645	chr19:38826846-38827147	564	92411	TRUE	1.447984399261448e-8	-0.5034141676735087	TRUE	564	87	18.180557725762263
ENSG00000104823	chr19:38826846-38827147	539	88622	TRUE	3.444076764589927e-8	-0.40423023661186663	TRUE	564	87	5.037980353552715
ENSG00000128626	chr19:38826846-38827147	560	91448	TRUE	3.3398568254046704e-6	-0.5746383146728773	TRUE	564	87	15.173484588060044
ENSG00000105193	chr19:38826846-38827147	564	92727	TRUE	2.89849182601872e-5	-0.35779241791216077	TRUE	564	87	281.3449795306103
ENSG00000178982	chr19:38826846-38827147	564	92718	TRUE	3.182095871480835e-4	-0.40279562853803164	TRUE	564	87	39.78427450857839
ENSG00000167641	chr19:38826846-38827147	498	80280	TRUE	4e-4	-0.3839513876965577	TRUE	564	87	7.115003593862308
ENSG00000167645	chr19:38826846-38827147	564	92411	TRUE	7.349785023789328e-10	-0.5112832664951474	TRUE	564	88	18.180557725762263
ENSG00000104823	chr19:38826846-38827147	539	88622	TRUE	8.161910877331615e-10	-0.4626314984700808	TRUE	564	88	5.037980353552715
ENSG00000099341	chr19:38826846-38827147	564	92652	TRUE	1.2200664473297808e-9	-0.5414340505809312	TRUE	564	88	24.372313718137026
ENSG00000105193	chr19:38826846-38827147	564	92727	TRUE	9.05740509701239e-8	-0.3982757497585707	TRUE	564	88	281.3449795306103
ENSG00000178982	chr19:38826846-38827147	564	92718	TRUE	1.1690518373487328e-6	-0.4738147374687198	TRUE	564	88	39.78427450857839
ENSG00000130402	chr19:38826846-38827147	562	91220	TRUE	1.936639598541399e-5	-0.46954530799374394	TRUE	564	88	8.71740783566153
ENSG00000128626	chr19:38826846-38827147	560	91448	TRUE	0.005112391742668185	-0.4590915211616404	TRUE	564	88	15.173484588060044
ENSG00000167641	chr19:38826846-38827147	498	80280	TRUE	0.048	-0.26923078129124534	TRUE	564	88	7.115003593862308
ENSG00000104823	chr19:38826846-38827147	539	88622	TRUE	7.784686728553247e-10	-0.4426875704848694	TRUE	564	89	5.037980353552715
ENSG00000167645	chr19:38826846-38827147	564	92411	TRUE	1.1715020916729454e-9	-0.510549443976331	TRUE	564	89	18.180557725762263
ENSG00000105193	chr19:38826846-38827147	564	92727	TRUE	4.4563169602547135e-7	-0.38461835740516204	TRUE	564	89	281.3449795306103
ENSG00000128626	chr19:38826846-38827147	560	91448	TRUE	6.751130415662363e-7	-0.5710247998447766	TRUE	564	89	15.173484588060044
ENSG00000099341	chr19:38826846-38827147	564	92652	TRUE	5.211964059157972e-6	-0.46058438082271014	TRUE	564	89	24.372313718137026
ENSG00000178982	chr19:38826846-38827147	564	92718	TRUE	1.0714930982691322e-4	-0.4011741455415416	TRUE	564	89	39.78427450857839
ENSG00000130402	chr19:38826846-38827147	562	91220	TRUE	4.295549146515216e-4	-0.40887821278153913	TRUE	564	89	8.71740783566153
ENSG00000167641	chr19:38826846-38827147	498	80280	TRUE	0.00829383827421297	-0.31091104941806824	TRUE	564	89	7.115003593862308
ENSG00000167645	chr19:38826846-38827147	564	92411	TRUE	3.5650360342711317e-6	-0.4356779328104272	TRUE	564	90	18.180557725762263
ENSG00000130402	chr19:38826846-38827147	562	91220	TRUE	2.1667920410721117e-5	-0.4571333813887599	TRUE	564	90	8.71740783566153
ENSG00000105193	chr19:38826846-38827147	564	92727	TRUE	3.510404100187485e-5	-0.3379425490122081	TRUE	564	90	281.3449795306103
ENSG00000099341	chr19:38826846-38827147	564	92652	TRUE	4.0682219208984516e-5	-0.42446997840619094	TRUE	564	90	24.372313718137026
ENSG00000104823	chr19:38826846-38827147	539	88622	TRUE	9.787046598845692e-5	-0.3138062201150884	TRUE	564	90	5.037980353552715
ENSG00000167641	chr19:38826846-38827147	498	80280	TRUE	4e-4	-0.42046525722163697	TRUE	564	90	7.115003593862308
ENSG00000178982	chr19:38826846-38827147	564	92718	TRUE	7.680136306671831e-4	-0.38094374601875014	TRUE	564	90	39.78427450857839
ENSG00000128626	chr19:38826846-38827147	560	91448	TRUE	0.024	-0.4159123029620462	TRUE	564	90	15.173484588060044
ENSG00000105193	chr19:38826846-38827147	564	92727	TRUE	1.0411020122716962e-11	-0.4469675593493534	TRUE	564	91	281.3449795306103
ENSG00000099341	chr19:38826846-38827147	564	92652	TRUE	2.840778559449705e-10	-0.5177322457473865	TRUE	564	91	24.372313718137026
ENSG00000104823	chr19:38826846-38827147	539	88622	TRUE	3.7064987849845282e-9	-0.43440535055098284	TRUE	564	91	5.037980353552715
ENSG00000167645	chr19:38826846-38827147	564	92411	TRUE	6.887933665616734e-7	-0.4313311532615347	TRUE	564	91	18.180557725762263
ENSG00000130402	chr19:38826846-38827147	562	91220	TRUE	9.119283837028458e-7	-0.4973080962331502	TRUE	564	91	8.71740783566153
ENSG00000167641	chr19:38826846-38827147	498	80280	TRUE	2.2639235839452647e-5	-0.4190252021619063	TRUE	564	91	7.115003593862308
ENSG00000128626	chr19:38826846-38827147	560	91448	TRUE	8.619671709622374e-5	-0.5070513837077057	TRUE	564	91	15.173484588060044
ENSG00000178982	chr19:38826846-38827147	564	92718	TRUE	0.036	-0.3061367774248245	TRUE	564	91	39.78427450857839
ENSG00000104823	chr19:38826846-38827147	539	88622	TRUE	7.09950361188125e-10	-0.4587498054353969	TRUE	564	92	5.037980353552715
ENSG00000099341	chr19:38826846-38827147	564	92652	TRUE	5.34210690507418e-8	-0.5116303261439388	TRUE	564	92	24.372313718137026
ENSG00000130402	chr19:38826846-38827147	562	91220	TRUE	1.3797014494269463e-7	-0.5494433275370803	TRUE	564	92	8.71740783566153
ENSG00000128626	chr19:38826846-38827147	560	91448	TRUE	1.9108405743541515e-5	-0.5501985726419742	TRUE	564	92	15.173484588060044
ENSG00000178982	chr19:38826846-38827147	564	92718	TRUE	6.606160672814436e-5	-0.44441358715167567	TRUE	564	92	39.78427450857839
ENSG00000167645	chr19:38826846-38827147	564	92411	TRUE	7.931786308367286e-5	-0.40381766069968084	TRUE	564	92	18.180557725762263
ENSG00000167641	chr19:38826846-38827147	498	80280	TRUE	4e-4	-0.5096099814647288	TRUE	564	92	7.115003593862308
ENSG00000105193	chr19:38826846-38827147	564	92727	TRUE	0.005565918583566254	-0.2903791475996851	TRUE	564	92	281.3449795306103
ENSG00000099341	chr19:38826846-38827147	564	92652	TRUE	4.6945590608446554e-8	-0.5335816924676413	TRUE	564	93	24.372313718137026
ENSG00000178982	chr19:38826846-38827147	564	92718	TRUE	1.577225474264695e-6	-0.47706460096131753	TRUE	564	93	39.78427450857839
ENSG00000130402	chr19:38826846-38827147	562	91220	TRUE	2.4964942147330006e-4	-0.4351291049732633	TRUE	564	93	8.71740783566153
ENSG00000167641	chr19:38826846-38827147	498	80280	TRUE	4e-4	-0.3924047031369513	TRUE	564	93	7.115003593862308
ENSG00000105193	chr19:38826846-38827147	564	92727	TRUE	0.0012185177237167277	-0.3007192552683593	TRUE	564	93	281.3449795306103
ENSG00000104823	chr19:38826846-38827147	539	88622	TRUE	0.0027604095706000864	-0.2565261663570535	TRUE	564	93	5.037980353552715
ENSG00000128626	chr19:38826846-38827147	560	91448	TRUE	0.007561117094695091	-0.46243496423601105	TRUE	564	93	15.173484588060044
ENSG00000167645	chr19:38826846-38827147	564	92411	TRUE	0.024	-0.34033916788199026	TRUE	564	93	18.180557725762263
ENSG00000167645	chr19:38826846-38827147	564	92411	TRUE	8.996227956917062e-9	-0.5026843358426465	TRUE	564	94	18.180557725762263
ENSG00000178982	chr19:38826846-38827147	564	92718	TRUE	5.2958185676289316e-8	-0.483504668625522	TRUE	564	94	39.78427450857839
ENSG00000105193	chr19:38826846-38827147	564	92727	TRUE	9.096354796191228e-8	-0.38051470229005346	TRUE	564	94	281.3449795306103
ENSG00000104823	chr19:38826846-38827147	539	88622	TRUE	1.776420848633711e-6	-0.3546986507619896	TRUE	564	94	5.037980353552715
ENSG00000099341	chr19:38826846-38827147	564	92652	TRUE	1.701481766447398e-5	-0.4312369129920466	TRUE	564	94	24.372313718137026
ENSG00000167641	chr19:38826846-38827147	498	80280	TRUE	4e-4	-0.453006804411058	TRUE	564	94	7.115003593862308
ENSG00000130402	chr19:38826846-38827147	562	91220	TRUE	4.6466995878399926e-4	-0.4071216132209363	TRUE	564	94	8.71740783566153
ENSG00000128626	chr19:38826846-38827147	560	91448	TRUE	0.008953203562964057	-0.447864265738386	TRUE	564	94	15.173484588060044
ENSG00000167645	chr19:38826846-38827147	564	92411	TRUE	1.3592218593061662e-8	-0.5012257788718171	TRUE	564	95	18.180557725762263
ENSG00000104823	chr19:38826846-38827147	539	88622	TRUE	6.2035066231355684e-6	-0.3344038885441418	TRUE	564	95	5.037980353552715
ENSG00000099341	chr19:38826846-38827147	564	92652	TRUE	1.5080448197998461e-5	-0.43957955246295466	TRUE	564	95	24.372313718137026
ENSG00000105193	chr19:38826846-38827147	564	92727	TRUE	6.289676457232538e-5	-0.3153252078915747	TRUE	564	95	281.3449795306103
ENSG00000130402	chr19:38826846-38827147	562	91220	TRUE	1.0190279833830265e-4	-0.42514007863193415	TRUE	564	95	8.71740783566153
ENSG00000178982	chr19:38826846-38827147	564	92718	TRUE	7.9915699739996e-4	-0.37025397847659924	TRUE	564	95	39.78427450857839
ENSG00000128626	chr19:38826846-38827147	560	91448	TRUE	8.048608978144661e-4	-0.475464490895841	TRUE	564	95	15.173484588060044
ENSG00000167641	chr19:38826846-38827147	498	80280	TRUE	0.0076	-0.30026707830211574	TRUE	564	95	7.115003593862308
ENSG00000099341	chr19:38826846-38827147	564	92652	TRUE	6.675926454349951e-11	-0.5572681591413513	TRUE	564	96	24.372313718137026
ENSG00000104823	chr19:38826846-38827147	539	88622	TRUE	2.1814505217040612e-7	-0.3856863432456734	TRUE	564	96	5.037980353552715
ENSG00000130402	chr19:38826846-38827147	562	91220	TRUE	4.2752851780428376e-7	-0.5078113826524127	TRUE	564	96	8.71740783566153
ENSG00000178982	chr19:38826846-38827147	564	92718	TRUE	1.2843427879541056e-6	-0.43387626907862487	TRUE	564	96	39.78427450857839
ENSG00000128626	chr19:38826846-38827147	560	91448	TRUE	6.377053411329298e-6	-0.5235444669300549	TRUE	564	96	15.173484588060044
ENSG00000167645	chr19:38826846-38827147	564	92411	TRUE	5.598683756016104e-5	-0.40024515774112723	TRUE	564	96	18.180557725762263
ENSG00000167641	chr19:38826846-38827147	498	80280	TRUE	4e-4	-0.5229541075711559	TRUE	564	96	7.115003593862308
ENSG00000105193	chr19:38826846-38827147	564	92727	TRUE	0.036	-0.24095533264897284	TRUE	564	96	281.3449795306103
ENSG00000128626	chr19:38826846-38827147	560	91448	TRUE	3.4657909739224495e-6	-0.5508657148693024	TRUE	564	97	15.173484588060044
ENSG00000099341	chr19:38826846-38827147	564	92652	TRUE	1.643321989551255e-5	-0.4323891742564756	TRUE	564	97	24.372313718137026
ENSG00000104823	chr19:38826846-38827147	539	88622	TRUE	5.677502645265063e-5	-0.32259780759496515	TRUE	564	97	5.037980353552715
ENSG00000105193	chr19:38826846-38827147	564	92727	TRUE	7.363569780633947e-5	-0.31285466131978623	TRUE	564	97	281.3449795306103
ENSG00000167645	chr19:38826846-38827147	564	92411	TRUE	0.0015123848640454102	-0.3521230159185209	TRUE	564	97	18.180557725762263
ENSG00000167641	chr19:38826846-38827147	498	80280	TRUE	0.002	-0.3676548366742396	TRUE	564	97	7.115003593862308
ENSG00000178982	chr19:38826846-38827147	564	92718	TRUE	0.004095628990612679	-0.3538808776073843	TRUE	564	97	39.78427450857839
ENSG00000130402	chr19:38826846-38827147	562	91220	TRUE	0.044	-0.36388767438100356	TRUE	564	97	8.71740783566153
ENSG00000178982	chr19:38826846-38827147	564	92718	TRUE	2.461232360970243e-10	-0.5109712643751347	TRUE	564	98	39.78427450857839
ENSG00000105193	chr19:38826846-38827147	564	92727	TRUE	8.866984593524935e-7	-0.34634645714234225	TRUE	564	98	281.3449795306103
ENSG00000167645	chr19:38826846-38827147	564	92411	TRUE	9.514311354462575e-6	-0.3922814676716033	TRUE	564	98	18.180557725762263
ENSG00000104823	chr19:38826846-38827147	539	88622	TRUE	1.9518477403806384e-4	-0.30681132136543976	TRUE	564	98	5.037980353552715
ENSG00000099341	chr19:38826846-38827147	564	92652	TRUE	2.0115624744577836e-4	-0.39984246805476253	TRUE	564	98	24.372313718137026
ENSG00000130402	chr19:38826846-38827147	562	91220	TRUE	3.326266789188889e-4	-0.39140772754394515	TRUE	564	98	8.71740783566153
ENSG00000167641	chr19:38826846-38827147	498	80280	TRUE	0.0024	-0.32882739319032783	TRUE	564	98	7.115003593862308
ENSG00000128626	chr19:38826846-38827147	560	91448	TRUE	0.02461003054925609	-0.40481381795322813	TRUE	564	98	15.173484588060044
ENSG00000105193	chr19:38826846-38827147	564	92727	TRUE	3.91767288775895e-12	-0.4405850480895186	TRUE	564	99	281.3449795306103
ENSG00000130402	chr19:38826846-38827147	562	91220	TRUE	3.25044262221351e-9	-0.5367118807348183	TRUE	564	99	8.71740783566153
ENSG00000099341	chr19:38826846-38827147	564	92652	TRUE	8.087576087482343e-7	-0.4671296013808197	TRUE	564	99	24.372313718137026
ENSG00000104823	chr19:38826846-38827147	539	88622	TRUE	2.7742379694925545e-5	-0.3261294985652188	TRUE	564	99	5.037980353552715
ENSG00000167645	chr19:38826846-38827147	564	92411	TRUE	1.2453388839007984e-4	-0.37364629270317895	TRUE	564	99	18.180557725762263
ENSG00000128626	chr19:38826846-38827147	560	91448	TRUE	3.3578194249006196e-4	-0.5038183315421954	TRUE	564	99	15.173484588060044
ENSG00000178982	chr19:38826846-38827147	564	92718	TRUE	7.688504135464728e-4	-0.37987880182969835	TRUE	564	99	39.78427450857839
ENSG00000167641	chr19:38826846-38827147	498	80280	TRUE	0.18	-0.23040387821673436	FALSE	564	99	7.115003593862308
ENSG00000105193	chr19:38826846-38827147	564	92727	TRUE	3.7331194927564996e-16	-0.5024137973795204	TRUE	564	100	281.3449795306103
ENSG00000167645	chr19:38826846-38827147	564	92411	TRUE	2.357052330066322e-15	-0.5949548898081476	TRUE	564	100	18.180557725762263
ENSG00000178982	chr19:38826846-38827147	564	92718	TRUE	2.556612860045421e-9	-0.47470772038836273	TRUE	564	100	39.78427450857839
ENSG00000130402	chr19:38826846-38827147	562	91220	TRUE	3.613758584150757e-8	-0.5267595804388314	TRUE	564	100	8.71740783566153
ENSG00000128626	chr19:38826846-38827147	560	91448	TRUE	5.596823765866791e-8	-0.5735081187350226	TRUE	564	100	15.173484588060044
ENSG00000099341	chr19:38826846-38827147	564	92652	TRUE	1.4206888442297852e-6	-0.45953989567961173	TRUE	564	100	24.372313718137026
ENSG00000104823	chr19:38826846-38827147	539	88622	TRUE	1.8275171280213208e-6	-0.3326268055345296	TRUE	564	100	5.037980353552715
ENSG00000167641	chr19:38826846-38827147	498	80280	TRUE	0.008466177137573055	-0.2879475581405613	TRUE	564	100	7.115003593862308
ENSG00000118640	chr2:86848604-86849049	332	88038	TRUE	0.0014920905839596252	-0.45626642438043996	TRUE	352	1	5.816952613102493
ENSG00000168883	chr2:86848604-86849049	302	76502	TRUE	0.0015213121723076997	-0.4880972750416246	TRUE	352	1	2.581966103107389
ENSG00000168890	chr2:86848604-86849049	135	31522	TRUE	0.023007146092524938	-0.5727819834779293	TRUE	352	1	0.49999479150390114
ENSG00000168906	chr2:86848604-86849049	193	46858	TRUE	0.028	-0.45681572052203456	TRUE	352	1	0.858881006698126
ENSG00000168894	chr2:86848604-86849049	352	92801	TRUE	0.032	-0.2023088497147003	TRUE	352	1	17.19611029511339
ENSG00000176407	chr2:86848604-86849049	297	77115	TRUE	0.056	-0.2700364815333647	FALSE	352	1	2.369355292352886
ENSG00000132300	chr2:86848604-86849049	225	56754	TRUE	0.156	-0.3323210989366598	FALSE	352	1	1.1979749367167725
ENSG00000034510	chr2:86848604-86849049	352	92936	TRUE	0.196	-0.23811927074635442	FALSE	352	1	170.84366178109732
ENSG00000132313	chr2:86848604-86849049	337	87512	TRUE	0.264	-0.2698595635723473	FALSE	352	1	5.006729376959696
ENSG00000042493	chr2:86848604-86849049	325	85410	TRUE	0.272	-0.18457446284952406	FALSE	352	1	5.204027209183621
ENSG00000132305	chr2:86848604-86849049	346	91501	TRUE	0.276	-0.25588471972333426	FALSE	352	1	8.097857224704939
ENSG00000118640	chr2:86848604-86849049	332	88038	TRUE	1.2450394408653094e-5	-0.5811576722082488	TRUE	352	2	5.816952613102493
ENSG00000132313	chr2:86848604-86849049	337	87512	TRUE	2.2196535303925687e-5	-0.5079961374085833	TRUE	352	2	5.006729376959696
ENSG00000042493	chr2:86848604-86849049	325	85410	TRUE	1.705861600628869e-4	-0.4143735781475879	TRUE	352	2	5.204027209183621
ENSG00000132300	chr2:86848604-86849049	225	56754	TRUE	2.9828178561681386e-4	-0.5929728534594595	TRUE	352	2	1.1979749367167725
ENSG00000168883	chr2:86848604-86849049	302	76502	TRUE	3.2054630697525566e-4	-0.5210745974878974	TRUE	352	2	2.581966103107389
ENSG00000168894	chr2:86848604-86849049	352	92801	TRUE	0.0011903546193707051	-0.27729483713714753	TRUE	352	2	17.19611029511339
ENSG00000168906	chr2:86848604-86849049	193	46858	TRUE	0.0046597580890140045	-0.5171883385015165	TRUE	352	2	0.858881006698126
ENSG00000132305	chr2:86848604-86849049	346	91501	TRUE	0.004957970787456342	-0.3647212117662404	TRUE	352	2	8.097857224704939
ENSG00000034510	chr2:86848604-86849049	352	92936	TRUE	0.006279513179436813	-0.37233762081098476	TRUE	352	2	170.84366178109732
ENSG00000176407	chr2:86848604-86849049	297	77115	TRUE	0.04	-0.2526194284559551	TRUE	352	2	2.369355292352886
ENSG00000168890	chr2:86848604-86849049	135	31522	TRUE	0.968	-0.21144550403233153	FALSE	352	2	0.49999479150390114
ENSG00000168894	chr2:86848604-86849049	352	92801	TRUE	1.1642099560997923e-8	-0.4352516608287553	TRUE	352	3	17.19611029511339
ENSG00000034510	chr2:86848604-86849049	352	92936	TRUE	1.7449071132904365e-6	-0.5227941296213707	TRUE	352	3	170.84366178109732
ENSG00000176407	chr2:86848604-86849049	297	77115	TRUE	3.336422091987281e-6	-0.4904832585548431	TRUE	352	3	2.369355292352886
ENSG00000042493	chr2:86848604-86849049	325	85410	TRUE	9.63401904675136e-5	-0.44410048922767054	TRUE	352	3	5.204027209183621
ENSG00000132305	chr2:86848604-86849049	346	91501	TRUE	4.496773920278155e-4	-0.40413327714315495	TRUE	352	3	8.097857224704939
ENSG00000168883	chr2:86848604-86849049	302	76502	TRUE	5.688543821477932e-4	-0.5106879792561988	TRUE	352	3	2.581966103107389
ENSG00000118640	chr2:86848604-86849049	332	88038	TRUE	0.01133997592852326	-0.4146473351787008	TRUE	352	3	5.816952613102493
ENSG00000168890	chr2:86848604-86849049	135	31522	TRUE	0.024	-0.5617267949689337	TRUE	352	3	0.49999479150390114
ENSG00000168906	chr2:86848604-86849049	193	46858	TRUE	0.072	-0.4391858265002434	TRUE	352	3	0.858881006698126
ENSG00000132300	chr2:86848604-86849049	225	56754	TRUE	0.276	-0.30476537641609847	FALSE	352	3	1.1979749367167725
ENSG00000132313	chr2:86848604-86849049	337	87512	TRUE	0.592	-0.22538332125722516	FALSE	352	3	5.006729376959696
ENSG00000168883	chr2:86848604-86849049	302	76502	TRUE	5.202382581812742e-4	-0.5357426472767329	TRUE	352	4	2.581966103107389
ENSG00000132313	chr2:86848604-86849049	337	87512	TRUE	7.517124656851865e-4	-0.435274730017182	TRUE	352	4	5.006729376959696
ENSG00000042493	chr2:86848604-86849049	325	85410	TRUE	0.0058875342088714755	-0.3268530464027535	TRUE	352	4	5.204027209183621
ENSG00000168894	chr2:86848604-86849049	352	92801	TRUE	0.007134427681380812	-0.2513333873069432	TRUE	352	4	17.19611029511339
ENSG00000132300	chr2:86848604-86849049	225	56754	TRUE	0.007492597486414343	-0.474203063197169	TRUE	352	4	1.1979749367167725
ENSG00000168906	chr2:86848604-86849049	193	46858	TRUE	0.028	-0.4627405544791401	TRUE	352	4	0.858881006698126
ENSG00000118640	chr2:86848604-86849049	332	88038	TRUE	0.108	-0.34376970298719733	FALSE	352	4	5.816952613102493
ENSG00000034510	chr2:86848604-86849049	352	92936	TRUE	0.14	-0.3085681629288617	FALSE	352	4	170.84366178109732
ENSG00000132305	chr2:86848604-86849049	346	91501	TRUE	0.152	-0.27486782309090696	FALSE	352	4	8.097857224704939
ENSG00000168890	chr2:86848604-86849049	135	31522	TRUE	0.328	-0.3567450571813049	FALSE	352	4	0.49999479150390114
ENSG00000176407	chr2:86848604-86849049	297	77115	TRUE	0.672	-0.13625467176417083	FALSE	352	4	2.369355292352886
ENSG00000132313	chr2:86848604-86849049	337	87512	TRUE	1.9793217162773595e-6	-0.5534561563654965	TRUE	352	5	5.006729376959696
ENSG00000118640	chr2:86848604-86849049	332	88038	TRUE	2.4570567495856965e-5	-0.5668403693838022	TRUE	352	5	5.816952613102493
ENSG00000168883	chr2:86848604-86849049	302	76502	TRUE	8.103386648970279e-5	-0.5548233888424376	TRUE	352	5	2.581966103107389
ENSG00000176407	chr2:86848604-86849049	297	77115	TRUE	2.740304488451691e-4	-0.40248677755701423	TRUE	352	5	2.369355292352886
ENSG00000042493	chr2:86848604-86849049	325	85410	TRUE	0.0017200246064404956	-0.34076535325800794	TRUE	352	5	5.204027209183621
ENSG00000034510	chr2:86848604-86849049	352	92936	TRUE	0.0025945340635025876	-0.3680522865200331	TRUE	352	5	170.84366178109732
ENSG00000132305	chr2:86848604-86849049	346	91501	TRUE	0.0031588235606182444	-0.37432321087753984	TRUE	352	5	8.097857224704939
ENSG00000168890	chr2:86848604-86849049	135	31522	TRUE	0.01745915626946798	-0.5507556771479305	TRUE	352	5	0.49999479150390114
ENSG00000132300	chr2:86848604-86849049	225	56754	TRUE	0.024	-0.4182943220465127	TRUE	352	5	1.1979749367167725
ENSG00000168894	chr2:86848604-86849049	352	92801	TRUE	0.056	-0.19158054395283042	TRUE	352	5	17.19611029511339
ENSG00000168906	chr2:86848604-86849049	193	46858	TRUE	0.148	-0.3431589387264675	FALSE	352	5	0.858881006698126
ENSG00000176407	chr2:86848604-86849049	297	77115	TRUE	6.639242496444403e-5	-0.4239878467679363	TRUE	352	6	2.369355292352886
ENSG00000168883	chr2:86848604-86849049	302	76502	TRUE	8.312210039681973e-4	-0.5065541797491855	TRUE	352	6	2.581966103107389
ENSG00000042493	chr2:86848604-86849049	325	85410	TRUE	8.784296232549407e-4	-0.38044905473048996	TRUE	352	6	5.204027209183621
ENSG00000132313	chr2:86848604-86849049	337	87512	TRUE	0.006309502132817585	-0.38060182388451214	TRUE	352	6	5.006729376959696
ENSG00000168906	chr2:86848604-86849049	193	46858	TRUE	0.008846699175409048	-0.5049100087230798	TRUE	352	6	0.858881006698126
ENSG00000034510	chr2:86848604-86849049	352	92936	TRUE	0.02834275796210939	-0.3150000163666711	TRUE	352	6	170.84366178109732
ENSG00000168894	chr2:86848604-86849049	352	92801	TRUE	0.056	-0.17765114104558943	TRUE	352	6	17.19611029511339
ENSG00000132300	chr2:86848604-86849049	225	56754	TRUE	0.16	-0.3165105840891976	FALSE	352	6	1.1979749367167725
ENSG00000118640	chr2:86848604-86849049	332	88038	TRUE	0.172	-0.2973304480885486	FALSE	352	6	5.816952613102493
ENSG00000132305	chr2:86848604-86849049	346	91501	TRUE	0.676	-0.20627270905600836	FALSE	352	6	8.097857224704939
ENSG00000168890	chr2:86848604-86849049	135	31522	TRUE	0.988	-0.2288275822605681	FALSE	352	6	0.49999479150390114
ENSG00000176407	chr2:86848604-86849049	297	77115	TRUE	1.892953920543247e-5	-0.46574431184669096	TRUE	352	7	2.369355292352886
ENSG00000118640	chr2:86848604-86849049	332	88038	TRUE	4.7086613021157103e-4	-0.5045694681819075	TRUE	352	7	5.816952613102493
ENSG00000034510	chr2:86848604-86849049	352	92936	TRUE	0.0011749944115606592	-0.3754389376309293	TRUE	352	7	170.84366178109732
ENSG00000042493	chr2:86848604-86849049	325	85410	TRUE	0.005632897237436735	-0.3305498967046332	TRUE	352	7	5.204027209183621
ENSG00000132305	chr2:86848604-86849049	346	91501	TRUE	0.028	-0.3398158700034206	TRUE	352	7	8.097857224704939
ENSG00000168890	chr2:86848604-86849049	135	31522	TRUE	0.032	-0.518334199455553	TRUE	352	7	0.49999479150390114
ENSG00000168906	chr2:86848604-86849049	193	46858	TRUE	0.068	-0.38755305808492096	FALSE	352	7	0.858881006698126
ENSG00000168894	chr2:86848604-86849049	352	92801	TRUE	0.092	-0.18726071409473022	FALSE	352	7	17.19611029511339
ENSG00000132313	chr2:86848604-86849049	337	87512	TRUE	0.152	-0.27257224699310845	FALSE	352	7	5.006729376959696
ENSG00000168883	chr2:86848604-86849049	302	76502	TRUE	0.424	-0.2815105569789387	FALSE	352	7	2.581966103107389
ENSG00000132300	chr2:86848604-86849049	225	56754	TRUE	0.948	-0.18868841047749021	FALSE	352	7	1.1979749367167725
ENSG00000132305	chr2:86848604-86849049	346	91501	TRUE	1.5969768926888967e-7	-0.5219174537043467	TRUE	352	8	8.097857224704939
ENSG00000042493	chr2:86848604-86849049	325	85410	TRUE	1.0367584585462344e-5	-0.4744528368051535	TRUE	352	8	5.204027209183621
ENSG00000168894	chr2:86848604-86849049	352	92801	TRUE	9.198777905372428e-5	-0.3109014111517383	TRUE	352	8	17.19611029511339
ENSG00000132313	chr2:86848604-86849049	337	87512	TRUE	1.3612118127576817e-4	-0.45055226467394327	TRUE	352	8	5.006729376959696
ENSG00000034510	chr2:86848604-86849049	352	92936	TRUE	3.302374421052523e-4	-0.3862459067458097	TRUE	352	8	170.84366178109732
ENSG00000168890	chr2:86848604-86849049	135	31522	TRUE	0.0016	-0.7125067471445428	TRUE	352	8	0.49999479150390114
ENSG00000168883	chr2:86848604-86849049	302	76502	TRUE	0.0017092799887075613	-0.48606100788510576	TRUE	352	8	2.581966103107389
ENSG00000118640	chr2:86848604-86849049	332	88038	TRUE	0.028	-0.386715141845682	TRUE	352	8	5.816952613102493
ENSG00000168906	chr2:86848604-86849049	193	46858	TRUE	0.188	-0.3541300565474708	FALSE	352	8	0.858881006698126
ENSG00000132300	chr2:86848604-86849049	225	56754	TRUE	0.308	-0.30476537641609847	FALSE	352	8	1.1979749367167725
ENSG00000176407	chr2:86848604-86849049	297	77115	TRUE	0.584	-0.1685551636674809	FALSE	352	8	2.369355292352886
ENSG00000132305	chr2:86848604-86849049	346	91501	TRUE	2.5469719792555173e-6	-0.5033616346761027	TRUE	352	9	8.097857224704939
ENSG00000034510	chr2:86848604-86849049	352	92936	TRUE	4.959306199517621e-4	-0.43649896426001433	TRUE	352	9	170.84366178109732
ENSG00000168894	chr2:86848604-86849049	352	92801	TRUE	0.0042390717666004885	-0.27163455974865736	TRUE	352	9	17.19611029511339
ENSG00000168890	chr2:86848604-86849049	135	31522	TRUE	0.010176599132152575	-0.6293655118442969	TRUE	352	9	0.49999479150390114
ENSG00000176407	chr2:86848604-86849049	297	77115	TRUE	0.010841349054021399	-0.32763278287280073	TRUE	352	9	2.369355292352886
ENSG00000132300	chr2:86848604-86849049	225	56754	TRUE	0.012678995625045722	-0.44812955158727574	TRUE	352	9	1.1979749367167725
ENSG00000168906	chr2:86848604-86849049	193	46858	TRUE	0.014054595254981372	-0.48066246247640254	TRUE	352	9	0.858881006698126
ENSG00000132313	chr2:86848604-86849049	337	87512	TRUE	0.06	-0.3430520855681136	TRUE	352	9	5.006729376959696
ENSG00000168883	chr2:86848604-86849049	302	76502	TRUE	0.116	-0.3557899829374942	FALSE	352	9	2.581966103107389
ENSG00000118640	chr2:86848604-86849049	332	88038	TRUE	0.16	-0.3568480478775098	FALSE	352	9	5.816952613102493
ENSG00000042493	chr2:86848604-86849049	325	85410	TRUE	0.3	-0.220135648072469	FALSE	352	9	5.204027209183621
ENSG00000132313	chr2:86848604-86849049	337	87512	TRUE	5.636038799487872e-8	-0.616387412091953	TRUE	352	10	5.006729376959696
ENSG00000034510	chr2:86848604-86849049	352	92936	TRUE	2.9022823684367316e-6	-0.5554321441094494	TRUE	352	10	170.84366178109732
ENSG00000118640	chr2:86848604-86849049	332	88038	TRUE	1.9982261294295214e-5	-0.5470318883036223	TRUE	352	10	5.816952613102493
ENSG00000168894	chr2:86848604-86849049	352	92801	TRUE	7.236534034490115e-5	-0.29851532403701553	TRUE	352	10	17.19611029511339
ENSG00000132300	chr2:86848604-86849049	225	56754	TRUE	5.342176900181538e-4	-0.555376066801808	TRUE	352	10	1.1979749367167725
ENSG00000132305	chr2:86848604-86849049	346	91501	TRUE	0.0016685244603491245	-0.3827777058022117	TRUE	352	10	8.097857224704939
ENSG00000168883	chr2:86848604-86849049	302	76502	TRUE	0.00734817708440591	-0.426272270978471	TRUE	352	10	2.581966103107389
ENSG00000168890	chr2:86848604-86849049	135	31522	TRUE	0.015035908499154288	-0.5951497965063839	TRUE	352	10	0.49999479150390114
ENSG00000176407	chr2:86848604-86849049	297	77115	TRUE	0.044	-0.2719847533228865	TRUE	352	10	2.369355292352886
ENSG00000042493	chr2:86848604-86849049	325	85410	TRUE	0.112	-0.2513302696760631	FALSE	352	10	5.204027209183621
ENSG00000168906	chr2:86848604-86849049	193	46858	TRUE	0.312	-0.33770450863435947	FALSE	352	10	0.858881006698126
ENSG00000132305	chr2:86848604-86849049	346	91501	TRUE	3.473643653799548e-5	-0.46246360349410454	TRUE	352	11	8.097857224704939
ENSG00000168883	chr2:86848604-86849049	302	76502	TRUE	0.0013075018577751452	-0.4962712064873247	TRUE	352	11	2.581966103107389
ENSG00000118640	chr2:86848604-86849049	332	88038	TRUE	0.003833891650797977	-0.4215010062197635	TRUE	352	11	5.816952613102493
ENSG00000132313	chr2:86848604-86849049	337	87512	TRUE	0.010110867667722706	-0.37088012240148016	TRUE	352	11	5.006729376959696
ENSG00000132300	chr2:86848604-86849049	225	56754	TRUE	0.01500739767032222	-0.4611074055854857	TRUE	352	11	1.1979749367167725
ENSG00000168894	chr2:86848604-86849049	352	92801	TRUE	0.01663326260222861	-0.2357679062593041	TRUE	352	11	17.19611029511339
ENSG00000168890	chr2:86848604-86849049	135	31522	TRUE	0.028	-0.5507556771479305	TRUE	352	11	0.49999479150390114
ENSG00000034510	chr2:86848604-86849049	352	92936	TRUE	0.04047152765314277	-0.33106812277555253	TRUE	352	11	170.84366178109732
ENSG00000176407	chr2:86848604-86849049	297	77115	TRUE	0.072	-0.26226959848967457	TRUE	352	11	2.369355292352886
ENSG00000042493	chr2:86848604-86849049	325	85410	TRUE	0.096	-0.2339167204160013	FALSE	352	11	5.204027209183621
ENSG00000168906	chr2:86848604-86849049	193	46858	TRUE	0.964	-0.21762805664260854	FALSE	352	11	0.858881006698126
ENSG00000176407	chr2:86848604-86849049	297	77115	TRUE	1.761800120162046e-7	-0.5436229501484171	TRUE	352	12	2.369355292352886
ENSG00000168894	chr2:86848604-86849049	352	92801	TRUE	1.0017914986390226e-6	-0.3638296234867546	TRUE	352	12	17.19611029511339
ENSG00000034510	chr2:86848604-86849049	352	92936	TRUE	3.503407374737602e-5	-0.4569983000749671	TRUE	352	12	170.84366178109732
ENSG00000118640	chr2:86848604-86849049	332	88038	TRUE	1.134973931966772e-4	-0.5136947044295095	TRUE	352	12	5.816952613102493
ENSG00000132300	chr2:86848604-86849049	225	56754	TRUE	1.5463307442220835e-4	-0.5834814044821619	TRUE	352	12	1.1979749367167725
ENSG00000168906	chr2:86848604-86849049	193	46858	TRUE	8.347410212528467e-4	-0.561004570794006	TRUE	352	12	0.858881006698126
ENSG00000132313	chr2:86848604-86849049	337	87512	TRUE	0.0010754118218415237	-0.4373024113641648	TRUE	352	12	5.006729376959696
ENSG00000042493	chr2:86848604-86849049	325	85410	TRUE	0.0038528942431376723	-0.3213254724343204	TRUE	352	12	5.204027209183621
ENSG00000132305	chr2:86848604-86849049	346	91501	TRUE	0.011258227678322408	-0.33453449116736467	TRUE	352	12	8.097857224704939
ENSG00000168890	chr2:86848604-86849049	135	31522	TRUE	0.128	-0.4454026770017019	FALSE	352	12	0.49999479150390114
ENSG00000168883	chr2:86848604-86849049	302	76502	TRUE	0.472	-0.27095420470299647	FALSE	352	12	2.581966103107389
ENSG00000132305	chr2:86848604-86849049	346	91501	TRUE	1.2376186628599976e-9	-0.5986236271864733	TRUE	352	13	8.097857224704939
ENSG00000034510	chr2:86848604-86849049	352	92936	TRUE	1.3315762553171503e-6	-0.5675185343888938	TRUE	352	13	170.84366178109732
ENSG00000176407	chr2:86848604-86849049	297	77115	TRUE	1.0529978385782554e-5	-0.46129154584006005	TRUE	352	13	2.369355292352886
ENSG00000168883	chr2:86848604-86849049	302	76502	TRUE	2.7590546036638727e-5	-0.5569591331864286	TRUE	352	13	2.581966103107389
ENSG00000042493	chr2:86848604-86849049	325	85410	TRUE	2.621186821698228e-4	-0.35858241804161306	TRUE	352	13	5.204027209183621
ENSG00000168894	chr2:86848604-86849049	352	92801	TRUE	4.339089380726441e-4	-0.27055892499919265	TRUE	352	13	17.19611029511339
ENSG00000118640	chr2:86848604-86849049	332	88038	TRUE	0.003626847526383009	-0.43184295044122223	TRUE	352	13	5.816952613102493
ENSG00000132313	chr2:86848604-86849049	337	87512	TRUE	0.0037606981624213887	-0.3786522356947324	TRUE	352	13	5.006729376959696
ENSG00000168906	chr2:86848604-86849049	193	46858	TRUE	0.048	-0.4391858265002434	TRUE	352	13	0.858881006698126
ENSG00000168890	chr2:86848604-86849049	135	31522	TRUE	0.232	-0.385696430877434	FALSE	352	13	0.49999479150390114
ENSG00000132300	chr2:86848604-86849049	225	56754	TRUE	0.812	-0.17436873916042336	FALSE	352	13	1.1979749367167725
ENSG00000168894	chr2:86848604-86849049	352	92801	TRUE	2.932872245697089e-7	-0.4072025179911032	TRUE	352	14	17.19611029511339
ENSG00000132305	chr2:86848604-86849049	346	91501	TRUE	7.089998953642082e-6	-0.48894766786531374	TRUE	352	14	8.097857224704939
ENSG00000168883	chr2:86848604-86849049	302	76502	TRUE	1.0456038703230124e-5	-0.5981508205065383	TRUE	352	14	2.581966103107389
ENSG00000176407	chr2:86848604-86849049	297	77115	TRUE	4.7895074930682374e-5	-0.4480151174143858	TRUE	352	14	2.369355292352886
ENSG00000034510	chr2:86848604-86849049	352	92936	TRUE	0.01194942780347058	-0.3822911167034002	TRUE	352	14	170.84366178109732
ENSG00000118640	chr2:86848604-86849049	332	88038	TRUE	0.014051077907258402	-0.41978453363074175	TRUE	352	14	5.816952613102493
ENSG00000168906	chr2:86848604-86849049	193	46858	TRUE	0.017496839280160076	-0.48668625010417244	TRUE	352	14	0.858881006698126
ENSG00000132300	chr2:86848604-86849049	225	56754	TRUE	0.027113109458420742	-0.42251890790823804	TRUE	352	14	1.1979749367167725
ENSG00000042493	chr2:86848604-86849049	325	85410	TRUE	0.048	-0.25483834445234343	TRUE	352	14	5.204027209183621
ENSG00000168890	chr2:86848604-86849049	135	31522	TRUE	0.056	-0.4971177135458571	TRUE	352	14	0.49999479150390114
ENSG00000132313	chr2:86848604-86849049	337	87512	TRUE	0.872	-0.17968912995851616	FALSE	352	14	5.006729376959696
ENSG00000118640	chr2:86848604-86849049	332	88038	TRUE	5.795333306434381e-7	-0.6082695178254895	TRUE	352	15	5.816952613102493
ENSG00000132305	chr2:86848604-86849049	346	91501	TRUE	6.248275207998628e-7	-0.5286027994990916	TRUE	352	15	8.097857224704939
ENSG00000168894	chr2:86848604-86849049	352	92801	TRUE	4.621542113385007e-6	-0.3884125733823196	TRUE	352	15	17.19611029511339
ENSG00000176407	chr2:86848604-86849049	297	77115	TRUE	8.062557630833522e-6	-0.4702108635285822	TRUE	352	15	2.369355292352886
ENSG00000042493	chr2:86848604-86849049	325	85410	TRUE	4.673767375477228e-5	-0.44410048922767054	TRUE	352	15	5.204027209183621
ENSG00000132313	chr2:86848604-86849049	337	87512	TRUE	6.71284612597297e-5	-0.4795105567255291	TRUE	352	15	5.006729376959696
ENSG00000168883	chr2:86848604-86849049	302	76502	TRUE	1.610162802589063e-4	-0.5273426524203307	TRUE	352	15	2.581966103107389
ENSG00000168906	chr2:86848604-86849049	193	46858	TRUE	0.0013777200647302756	-0.561004570794006	TRUE	352	15	0.858881006698126
ENSG00000168890	chr2:86848604-86849049	135	31522	TRUE	0.002025821002702377	-0.6644124589434974	TRUE	352	15	0.49999479150390114
ENSG00000132300	chr2:86848604-86849049	225	56754	TRUE	0.00409568843214414	-0.48741868270133293	TRUE	352	15	1.1979749367167725
ENSG00000034510	chr2:86848604-86849049	352	92936	TRUE	0.148	-0.22772035428664061	FALSE	352	15	170.84366178109732
ENSG00000132313	chr2:86848604-86849049	337	87512	TRUE	1.660139615120102e-5	-0.5197645715561376	TRUE	352	16	5.006729376959696
ENSG00000168906	chr2:86848604-86849049	193	46858	TRUE	0.001383542428233478	-0.5866531581646162	TRUE	352	16	0.858881006698126
ENSG00000132305	chr2:86848604-86849049	346	91501	TRUE	0.0051542211827474566	-0.37432321087753984	TRUE	352	16	8.097857224704939
ENSG00000132300	chr2:86848604-86849049	225	56754	TRUE	0.009702499022216343	-0.4611074055854857	TRUE	352	16	1.1979749367167725
ENSG00000118640	chr2:86848604-86849049	332	88038	TRUE	0.01789167443809414	-0.4189270625559369	TRUE	352	16	5.816952613102493
ENSG00000168894	chr2:86848604-86849049	352	92801	TRUE	0.022179147491699996	-0.24841858322060606	TRUE	352	16	17.19611029511339
ENSG00000168883	chr2:86848604-86849049	302	76502	TRUE	0.036	-0.3801635782900916	TRUE	352	16	2.581966103107389
ENSG00000042493	chr2:86848604-86849049	325	85410	TRUE	0.04	-0.2930989196276932	TRUE	352	16	5.204027209183621
ENSG00000176407	chr2:86848604-86849049	297	77115	TRUE	0.04	-0.2603343935839608	TRUE	352	16	2.369355292352886
ENSG00000034510	chr2:86848604-86849049	352	92936	TRUE	0.072	-0.3339158300560783	TRUE	352	16	170.84366178109732
ENSG00000168890	chr2:86848604-86849049	135	31522	TRUE	0.544	-0.3190253912321461	FALSE	352	16	0.49999479150390114
ENSG00000168883	chr2:86848604-86849049	302	76502	TRUE	1.126245407046466e-6	-0.6382902113597526	TRUE	352	17	2.581966103107389
ENSG00000176407	chr2:86848604-86849049	297	77115	TRUE	6.40370507450222e-5	-0.4326788070319809	TRUE	352	17	2.369355292352886
ENSG00000168894	chr2:86848604-86849049	352	92801	TRUE	1.2056104866854829e-4	-0.32005260691896265	TRUE	352	17	17.19611029511339
ENSG00000132305	chr2:86848604-86849049	346	91501	TRUE	2.688219478118167e-4	-0.42768294589221023	TRUE	352	17	8.097857224704939
ENSG00000042493	chr2:86848604-86849049	325	85410	TRUE	2.709115693992521e-4	-0.3833258154860535	TRUE	352	17	5.204027209183621
ENSG00000132313	chr2:86848604-86849049	337	87512	TRUE	0.0015779081368769259	-0.41315632403246205	TRUE	352	17	5.006729376959696
ENSG00000168890	chr2:86848604-86849049	135	31522	TRUE	0.0016350251011868627	-0.6882592008978654	TRUE	352	17	0.49999479150390114
ENSG00000168906	chr2:86848604-86849049	193	46858	TRUE	0.007217650679337301	-0.49880980918666173	TRUE	352	17	0.858881006698126
ENSG00000118640	chr2:86848604-86849049	332	88038	TRUE	0.020532121649141394	-0.37170430657929865	TRUE	352	17	5.816952613102493
ENSG00000034510	chr2:86848604-86849049	352	92936	TRUE	0.732	-0.15106626938044965	FALSE	352	17	170.84366178109732
ENSG00000132300	chr2:86848604-86849049	225	56754	TRUE	0.992	-0.20315163978945258	FALSE	352	17	1.1979749367167725
ENSG00000132305	chr2:86848604-86849049	346	91501	TRUE	2.888353373164867e-6	-0.4902520938500996	TRUE	352	18	8.097857224704939
ENSG00000168883	chr2:86848604-86849049	302	76502	TRUE	5.4585646132324084e-5	-0.5484350608798901	TRUE	352	18	2.581966103107389
ENSG00000132313	chr2:86848604-86849049	337	87512	TRUE	3.66607024334685e-4	-0.43122789695448027	TRUE	352	18	5.006729376959696
ENSG00000132300	chr2:86848604-86849049	225	56754	TRUE	7.998736881437638e-4	-0.5278078067930033	TRUE	352	18	1.1979749367167725
ENSG00000034510	chr2:86848604-86849049	352	92936	TRUE	0.00106037118042758	-0.419131832289926	TRUE	352	18	170.84366178109732
ENSG00000042493	chr2:86848604-86849049	325	85410	TRUE	0.002166059711755375	-0.3566965419026302	TRUE	352	18	5.204027209183621
ENSG00000168894	chr2:86848604-86849049	352	92801	TRUE	0.0023061343969796103	-0.27136557586778354	TRUE	352	18	17.19611029511339
ENSG00000176407	chr2:86848604-86849049	297	77115	TRUE	0.019202801218682786	-0.29755465991960417	TRUE	352	18	2.369355292352886
ENSG00000118640	chr2:86848604-86849049	332	88038	TRUE	0.028	-0.4001904999743511	TRUE	352	18	5.816952613102493
ENSG00000168906	chr2:86848604-86849049	193	46858	TRUE	0.036	-0.45681572052203456	TRUE	352	18	0.858881006698126
ENSG00000168890	chr2:86848604-86849049	135	31522	TRUE	0.06	-0.5076869552560443	TRUE	352	18	0.49999479150390114
ENSG00000168894	chr2:86848604-86849049	352	92801	TRUE	4.315266133283341e-6	-0.3427638520070935	TRUE	352	19	17.19611029511339
ENSG00000168883	chr2:86848604-86849049	302	76502	TRUE	5.909247548120389e-4	-0.5003756048200612	TRUE	352	19	2.581966103107389
ENSG00000042493	chr2:86848604-86849049	325	85410	TRUE	0.014483717175896693	-0.3213254724343204	TRUE	352	19	5.204027209183621
ENSG00000034510	chr2:86848604-86849049	352	92936	TRUE	0.016089732481423813	-0.3217899550802148	TRUE	352	19	170.84366178109732
ENSG00000118640	chr2:86848604-86849049	332	88038	TRUE	0.044	-0.39091268638634036	TRUE	352	19	5.816952613102493
ENSG00000176407	chr2:86848604-86849049	297	77115	TRUE	0.048	-0.25647175395156196	TRUE	352	19	2.369355292352886
ENSG00000132305	chr2:86848604-86849049	346	91501	TRUE	0.088	-0.27542994857664294	FALSE	352	19	8.097857224704939
ENSG00000132300	chr2:86848604-86849049	225	56754	TRUE	0.1	-0.4056942852668791	FALSE	352	19	1.1979749367167725
ENSG00000168906	chr2:86848604-86849049	193	46858	TRUE	0.112	-0.38755305808492096	FALSE	352	19	0.858881006698126
ENSG00000132313	chr2:86848604-86849049	337	87512	TRUE	0.176	-0.2761971108118626	FALSE	352	19	5.006729376959696
ENSG00000168890	chr2:86848604-86849049	135	31522	TRUE	0.668	-0.1605215688696593	FALSE	352	19	0.49999479150390114
ENSG00000168894	chr2:86848604-86849049	352	92801	TRUE	1.9808491618299954e-8	-0.4355530070524911	TRUE	352	20	17.19611029511339
ENSG00000132305	chr2:86848604-86849049	346	91501	TRUE	1.2357161264283777e-7	-0.5393642110065144	TRUE	352	20	8.097857224704939
ENSG00000132313	chr2:86848604-86849049	337	87512	TRUE	3.417898275239969e-7	-0.602669130844173	TRUE	352	20	5.006729376959696
ENSG00000176407	chr2:86848604-86849049	297	77115	TRUE	1.1543523053391e-6	-0.5342395346897806	TRUE	352	20	2.369355292352886
ENSG00000034510	chr2:86848604-86849049	352	92936	TRUE	3.428003825592524e-4	-0.48871988549208467	TRUE	352	20	170.84366178109732
ENSG00000042493	chr2:86848604-86849049	325	85410	TRUE	5.306350825531186e-4	-0.41045587026585206	TRUE	352	20	5.204027209183621
ENSG00000132300	chr2:86848604-86849049	225	56754	TRUE	0.0028170416185085145	-0.4962968340477858	TRUE	352	20	1.1979749367167725
ENSG00000168890	chr2:86848604-86849049	135	31522	TRUE	0.002922047399657776	-0.7003320331984402	TRUE	352	20	0.49999479150390114
ENSG00000168883	chr2:86848604-86849049	302	76502	TRUE	0.00704869292849479	-0.46384972879494724	TRUE	352	20	2.581966103107389
ENSG00000118640	chr2:86848604-86849049	332	88038	TRUE	0.028	-0.41208557947590263	TRUE	352	20	5.816952613102493
ENSG00000168906	chr2:86848604-86849049	193	46858	TRUE	0.06	-0.44503855274568116	TRUE	352	20	0.858881006698126
ENSG00000118640	chr2:86848604-86849049	332	88038	TRUE	0.001421563751941246	-0.457146384786427	TRUE	352	21	5.816952613102493
ENSG00000132300	chr2:86848604-86849049	225	56754	TRUE	0.0022244412617282786	-0.5052299588177935	TRUE	352	21	1.1979749367167725
ENSG00000168894	chr2:86848604-86849049	352	92801	TRUE	0.002829064416214472	-0.23918319248170183	TRUE	352	21	17.19611029511339
ENSG00000132305	chr2:86848604-86849049	346	91501	TRUE	0.003776093009281195	-0.38035707597109747	TRUE	352	21	8.097857224704939
ENSG00000034510	chr2:86848604-86849049	352	92936	TRUE	0.01411250032758779	-0.3587592143104441	TRUE	352	21	170.84366178109732
ENSG00000132313	chr2:86848604-86849049	337	87512	TRUE	0.01639807883629285	-0.38060182388451214	TRUE	352	21	5.006729376959696
ENSG00000168883	chr2:86848604-86849049	302	76502	TRUE	0.019006366070488265	-0.4088083652369854	TRUE	352	21	2.581966103107389
ENSG00000168890	chr2:86848604-86849049	135	31522	TRUE	0.092	-0.47620872378287626	FALSE	352	21	0.49999479150390114
ENSG00000176407	chr2:86848604-86849049	297	77115	TRUE	0.14	-0.21652642587737203	FALSE	352	21	2.369355292352886
ENSG00000168906	chr2:86848604-86849049	193	46858	TRUE	0.148	-0.37632580266166693	FALSE	352	21	0.858881006698126
ENSG00000042493	chr2:86848604-86849049	325	85410	TRUE	0.32	-0.14416481510135393	FALSE	352	21	5.204027209183621
ENSG00000132305	chr2:86848604-86849049	346	91501	TRUE	1.7302201734867816e-7	-0.5366663232808162	TRUE	352	22	8.097857224704939
ENSG00000176407	chr2:86848604-86849049	297	77115	TRUE	1.1513342076513704e-5	-0.4927534321796704	TRUE	352	22	2.369355292352886
ENSG00000168883	chr2:86848604-86849049	302	76502	TRUE	2.2152433526159525e-5	-0.5981508205065383	TRUE	352	22	2.581966103107389
ENSG00000118640	chr2:86848604-86849049	332	88038	TRUE	4.996934329778505e-4	-0.4973106098954143	TRUE	352	22	5.816952613102493
ENSG00000034510	chr2:86848604-86849049	352	92936	TRUE	0.0011813728726456016	-0.41046767436951903	TRUE	352	22	170.84366178109732
ENSG00000042493	chr2:86848604-86849049	325	85410	TRUE	0.0014678659996325769	-0.40070789371428983	TRUE	352	22	5.204027209183621
ENSG00000168890	chr2:86848604-86849049	135	31522	TRUE	0.002063129671350389	-0.6762865592317893	TRUE	352	22	0.49999479150390114
ENSG00000168906	chr2:86848604-86849049	193	46858	TRUE	0.005350631756510529	-0.5233669134306406	TRUE	352	22	0.858881006698126
ENSG00000132300	chr2:86848604-86849049	225	56754	TRUE	0.010993935869222399	-0.4698246226865947	TRUE	352	22	1.1979749367167725
ENSG00000132313	chr2:86848604-86849049	337	87512	TRUE	0.044	-0.34495412281248816	TRUE	352	22	5.006729376959696
ENSG00000168894	chr2:86848604-86849049	352	92801	TRUE	0.496	-0.13420440394365674	FALSE	352	22	17.19611029511339
ENSG00000168894	chr2:86848604-86849049	352	92801	TRUE	1.677604802375666e-10	-0.4657022433500093	TRUE	352	23	17.19611029511339
ENSG00000132313	chr2:86848604-86849049	337	87512	TRUE	4.6032365771226345e-7	-0.5567587790383393	TRUE	352	23	5.006729376959696
ENSG00000176407	chr2:86848604-86849049	297	77115	TRUE	1.0514203853623574e-4	-0.4239878467679363	TRUE	352	23	2.369355292352886
ENSG00000132305	chr2:86848604-86849049	346	91501	TRUE	1.2302980737995128e-4	-0.4421257154518474	TRUE	352	23	8.097857224704939
ENSG00000168883	chr2:86848604-86849049	302	76502	TRUE	1.4225016267099475e-4	-0.5399610568345314	TRUE	352	23	2.581966103107389
ENSG00000034510	chr2:86848604-86849049	352	92936	TRUE	2.3450662080212736e-4	-0.4809153696136468	TRUE	352	23	170.84366178109732
ENSG00000118640	chr2:86848604-86849049	332	88038	TRUE	0.0019545980117166017	-0.46155425574020237	TRUE	352	23	5.816952613102493
ENSG00000132300	chr2:86848604-86849049	225	56754	TRUE	0.024	-0.46545943012519286	TRUE	352	23	1.1979749367167725
ENSG00000168890	chr2:86848604-86849049	135	31522	TRUE	0.04	-0.5507556771479305	TRUE	352	23	0.49999479150390114
ENSG00000042493	chr2:86848604-86849049	325	85410	TRUE	0.108	-0.23564864744379355	FALSE	352	23	5.204027209183621
ENSG00000168906	chr2:86848604-86849049	193	46858	TRUE	0.256	-0.32146386762714857	FALSE	352	23	0.858881006698126
ENSG00000168883	chr2:86848604-86849049	302	76502	TRUE	2.620562027116913e-4	-0.5463118889869202	TRUE	352	24	2.581966103107389
ENSG00000168890	chr2:86848604-86849049	135	31522	TRUE	3.6418212206376643e-4	-0.7622597823416422	TRUE	352	24	0.49999479150390114
ENSG00000176407	chr2:86848604-86849049	297	77115	TRUE	0.0020413180621520685	-0.36457436126093756	TRUE	352	24	2.369355292352886
ENSG00000042493	chr2:86848604-86849049	325	85410	TRUE	0.003817422036666074	-0.3510536597116465	TRUE	352	24	5.204027209183621
ENSG00000034510	chr2:86848604-86849049	352	92936	TRUE	0.008848591334761291	-0.41318425741746	TRUE	352	24	170.84366178109732
ENSG00000132300	chr2:86848604-86849049	225	56754	TRUE	0.008913693472693787	-0.4698246226865947	TRUE	352	24	1.1979749367167725
ENSG00000132305	chr2:86848604-86849049	346	91501	TRUE	0.014627818642359278	-0.3474788238851714	TRUE	352	24	8.097857224704939
ENSG00000118640	chr2:86848604-86849049	332	88038	TRUE	0.028	-0.3842024647967879	TRUE	352	24	5.816952613102493
ENSG00000168894	chr2:86848604-86849049	352	92801	TRUE	0.048	-0.22478883683570672	TRUE	352	24	17.19611029511339
ENSG00000132313	chr2:86848604-86849049	337	87512	TRUE	0.18	-0.29170520556789326	FALSE	352	24	5.006729376959696
ENSG00000168906	chr2:86848604-86849049	193	46858	TRUE	0.476	-0.28952097512439423	FALSE	352	24	0.858881006698126
ENSG00000132305	chr2:86848604-86849049	346	91501	TRUE	8.874419227184512e-7	-0.5179210659940514	TRUE	352	25	8.097857224704939
ENSG00000118640	chr2:86848604-86849049	332	88038	TRUE	2.847301152664704e-6	-0.5821172299695214	TRUE	352	25	5.816952613102493
ENSG00000132313	chr2:86848604-86849049	337	87512	TRUE	8.9232841082032e-6	-0.5327133050716883	TRUE	352	25	5.006729376959696
ENSG00000168883	chr2:86848604-86849049	302	76502	TRUE	2.7599598283755983e-5	-0.5850154183174043	TRUE	352	25	2.581966103107389
ENSG00000034510	chr2:86848604-86849049	352	92936	TRUE	6.629580441464278e-4	-0.4427226854254638	TRUE	352	25	170.84366178109732
ENSG00000168890	chr2:86848604-86849049	135	31522	TRUE	0.024	-0.518334199455553	TRUE	352	25	0.49999479150390114
ENSG00000132300	chr2:86848604-86849049	225	56754	TRUE	0.04	-0.4140820707595981	TRUE	352	25	1.1979749367167725
ENSG00000176407	chr2:86848604-86849049	297	77115	TRUE	0.112	-0.2545443053804475	FALSE	352	25	2.369355292352886
ENSG00000168894	chr2:86848604-86849049	352	92801	TRUE	0.14	-0.17186576393684838	FALSE	352	25	17.19611029511339
ENSG00000042493	chr2:86848604-86849049	325	85410	TRUE	0.192	-0.23564864744379355	FALSE	352	25	5.204027209183621
ENSG00000168906	chr2:86848604-86849049	193	46858	TRUE	0.916	-0.21762805664260854	FALSE	352	25	0.858881006698126
ENSG00000132305	chr2:86848604-86849049	346	91501	TRUE	5.13459666042263e-6	-0.4843914424288571	TRUE	352	26	8.097857224704939
ENSG00000118640	chr2:86848604-86849049	332	88038	TRUE	8.294657360270255e-4	-0.4766425604122242	TRUE	352	26	5.816952613102493
ENSG00000132300	chr2:86848604-86849049	225	56754	TRUE	0.013972889203751782	-0.439542055750552	TRUE	352	26	1.1979749367167725
ENSG00000132313	chr2:86848604-86849049	337	87512	TRUE	0.056	-0.32510671129280855	FALSE	352	26	5.006729376959696
ENSG00000168894	chr2:86848604-86849049	352	92801	TRUE	0.056	-0.20282171678049554	FALSE	352	26	17.19611029511339
ENSG00000168883	chr2:86848604-86849049	302	76502	TRUE	0.06	-0.35765032496302207	FALSE	352	26	2.581966103107389
ENSG00000034510	chr2:86848604-86849049	352	92936	TRUE	0.084	-0.28502191213092054	FALSE	352	26	170.84366178109732
ENSG00000042493	chr2:86848604-86849049	325	85410	TRUE	0.208	-0.16381590268272683	FALSE	352	26	5.204027209183621
ENSG00000176407	chr2:86848604-86849049	297	77115	TRUE	0.364	-0.18865636972399047	FALSE	352	26	2.369355292352886
ENSG00000168906	chr2:86848604-86849049	193	46858	TRUE	0.7	-0.2428948152530387	FALSE	352	26	0.858881006698126
ENSG00000168890	chr2:86848604-86849049	135	31522	TRUE	0.788	-0.2822668412220284	FALSE	352	26	0.49999479150390114
ENSG00000176407	chr2:86848604-86849049	297	77115	TRUE	3.1628779877508834e-7	-0.548337644020469	TRUE	352	27	2.369355292352886
ENSG00000132305	chr2:86848604-86849049	346	91501	TRUE	3.561710801380444e-6	-0.505338380873769	TRUE	352	27	8.097857224704939
ENSG00000132313	chr2:86848604-86849049	337	87512	TRUE	1.8285492454427326e-5	-0.5133335280353124	TRUE	352	27	5.006729376959696
ENSG00000118640	chr2:86848604-86849049	332	88038	TRUE	6.83796672988398e-5	-0.5219570594133054	TRUE	352	27	5.816952613102493
ENSG00000168883	chr2:86848604-86849049	302	76502	TRUE	0.001290301865812686	-0.47996939415822415	TRUE	352	27	2.581966103107389
ENSG00000168906	chr2:86848604-86849049	193	46858	TRUE	0.010271769362176497	-0.49880980918666173	TRUE	352	27	0.858881006698126
ENSG00000034510	chr2:86848604-86849049	352	92936	TRUE	0.014360249552563376	-0.35569350904709296	TRUE	352	27	170.84366178109732
ENSG00000132300	chr2:86848604-86849049	225	56754	TRUE	0.026149310910475038	-0.4182943220465127	TRUE	352	27	1.1979749367167725
ENSG00000042493	chr2:86848604-86849049	325	85410	TRUE	0.028	-0.324086612111377	TRUE	352	27	5.204027209183621
ENSG00000168894	chr2:86848604-86849049	352	92801	TRUE	0.028	-0.22896149351420636	TRUE	352	27	17.19611029511339
ENSG00000168890	chr2:86848604-86849049	135	31522	TRUE	0.54	-0.2732217016190215	FALSE	352	27	0.49999479150390114
ENSG00000168883	chr2:86848604-86849049	302	76502	TRUE	1.793172657765128e-4	-0.5484350608798901	TRUE	352	28	2.581966103107389
ENSG00000118640	chr2:86848604-86849049	332	88038	TRUE	2.0733382402370396e-4	-0.5302670058242169	TRUE	352	28	5.816952613102493
ENSG00000176407	chr2:86848604-86849049	297	77115	TRUE	5.738541822814126e-4	-0.3855136989533008	TRUE	352	28	2.369355292352886
ENSG00000132300	chr2:86848604-86849049	225	56754	TRUE	0.0032653580029367857	-0.5052299588177935	TRUE	352	28	1.1979749367167725
ENSG00000034510	chr2:86848604-86849049	352	92936	TRUE	0.004988555459962615	-0.3685624533308971	TRUE	352	28	170.84366178109732
ENSG00000042493	chr2:86848604-86849049	325	85410	TRUE	0.010140023448214436	-0.32593031209506584	TRUE	352	28	5.204027209183621
ENSG00000168890	chr2:86848604-86849049	135	31522	TRUE	0.011113360237870629	-0.606465109734218	TRUE	352	28	0.49999479150390114
ENSG00000168906	chr2:86848604-86849049	193	46858	TRUE	0.02033240383528384	-0.4627405544791401	TRUE	352	28	0.858881006698126
ENSG00000132305	chr2:86848604-86849049	346	91501	TRUE	0.052	-0.3095647043444649	TRUE	352	28	8.097857224704939
ENSG00000168894	chr2:86848604-86849049	352	92801	TRUE	0.104	-0.2015398908046655	FALSE	352	28	17.19611029511339
ENSG00000132313	chr2:86848604-86849049	337	87512	TRUE	0.44	-0.24833978546603852	FALSE	352	28	5.006729376959696
ENSG00000176407	chr2:86848604-86849049	297	77115	TRUE	1.5714354031470378e-7	-0.5673520219391137	TRUE	352	29	2.369355292352886
ENSG00000034510	chr2:86848604-86849049	352	92936	TRUE	2.560924990799643e-6	-0.5451752511967749	TRUE	352	29	170.84366178109732
ENSG00000132313	chr2:86848604-86849049	337	87512	TRUE	3.1522095668821797e-5	-0.5229908756384454	TRUE	352	29	5.006729376959696
ENSG00000132305	chr2:86848604-86849049	346	91501	TRUE	2.1755328125325213e-4	-0.43018436834962515	TRUE	352	29	8.097857224704939
ENSG00000118640	chr2:86848604-86849049	332	88038	TRUE	6.320900284529085e-4	-0.5018431145373667	TRUE	352	29	5.816952613102493
ENSG00000132300	chr2:86848604-86849049	225	56754	TRUE	0.001135270776371905	-0.5278078067930033	TRUE	352	29	1.1979749367167725
ENSG00000168883	chr2:86848604-86849049	302	76502	TRUE	0.001471381275800189	-0.5003756048200612	TRUE	352	29	2.581966103107389
ENSG00000042493	chr2:86848604-86849049	325	85410	TRUE	0.00205028851331282	-0.3680489549003343	TRUE	352	29	5.204027209183621
ENSG00000168894	chr2:86848604-86849049	352	92801	TRUE	0.004650123813053325	-0.26064713844657295	TRUE	352	29	17.19611029511339
ENSG00000168906	chr2:86848604-86849049	193	46858	TRUE	0.048	-0.45091511908235027	TRUE	352	29	0.858881006698126
ENSG00000168890	chr2:86848604-86849049	135	31522	TRUE	0.2	-0.4152407064914494	FALSE	352	29	0.49999479150390114
ENSG00000168894	chr2:86848604-86849049	352	92801	TRUE	1.016921445352089e-5	-0.3427638520070935	TRUE	352	30	17.19611029511339
ENSG00000168906	chr2:86848604-86849049	193	46858	TRUE	1.7214846984161614e-5	-0.7655012386285446	TRUE	352	30	0.858881006698126
ENSG00000168883	chr2:86848604-86849049	302	76502	TRUE	3.515348640506077e-4	-0.5231609247363633	TRUE	352	30	2.581966103107389
ENSG00000132305	chr2:86848604-86849049	346	91501	TRUE	4.773352473190634e-4	-0.4146211641246831	TRUE	352	30	8.097857224704939
ENSG00000176407	chr2:86848604-86849049	297	77115	TRUE	0.0023216734058378666	-0.3459853347666634	TRUE	352	30	2.369355292352886
ENSG00000132313	chr2:86848604-86849049	337	87512	TRUE	0.004474141318759908	-0.38842662972875	TRUE	352	30	5.006729376959696
ENSG00000034510	chr2:86848604-86849049	352	92936	TRUE	0.010233326248000135	-0.33879486178432305	TRUE	352	30	170.84366178109732
ENSG00000118640	chr2:86848604-86849049	332	88038	TRUE	0.036	-0.4078260693226867	TRUE	352	30	5.816952613102493
ENSG00000132300	chr2:86848604-86849049	225	56754	TRUE	0.04	-0.4015186092956859	TRUE	352	30	1.1979749367167725
ENSG00000168890	chr2:86848604-86849049	135	31522	TRUE	0.28	-0.39547745167001946	FALSE	352	30	0.49999479150390114
ENSG00000042493	chr2:86848604-86849049	325	85410	TRUE	0.632	-0.027812062062520848	FALSE	352	30	5.204027209183621
ENSG00000132300	chr2:86848604-86849049	225	56754	TRUE	8.299165796015959e-5	-0.6169783164702489	TRUE	352	31	1.1979749367167725
ENSG00000168894	chr2:86848604-86849049	352	92801	TRUE	4.585290926557156e-4	-0.291407090770869	TRUE	352	31	17.19611029511339
ENSG00000132313	chr2:86848604-86849049	337	87512	TRUE	0.002931591971358255	-0.3953083226995373	TRUE	352	31	5.006729376959696
ENSG00000132305	chr2:86848604-86849049	346	91501	TRUE	0.004509674882591033	-0.36831447649024884	TRUE	352	31	8.097857224704939
ENSG00000118640	chr2:86848604-86849049	332	88038	TRUE	0.0052325702724169	-0.44138863666443395	TRUE	352	31	5.816952613102493
ENSG00000034510	chr2:86848604-86849049	352	92936	TRUE	0.015910506902247074	-0.34514005853506724	TRUE	352	31	170.84366178109732
ENSG00000168906	chr2:86848604-86849049	193	46858	TRUE	0.021178706638648626	-0.4686898208103264	TRUE	352	31	0.858881006698126
ENSG00000042493	chr2:86848604-86849049	325	85410	TRUE	0.068	-0.23738265611514864	TRUE	352	31	5.204027209183621
ENSG00000168883	chr2:86848604-86849049	302	76502	TRUE	0.068	-0.3613782211997747	TRUE	352	31	2.581966103107389
ENSG00000176407	chr2:86848604-86849049	297	77115	TRUE	0.184	-0.22405027625918428	FALSE	352	31	2.369355292352886
ENSG00000168890	chr2:86848604-86849049	135	31522	TRUE	0.968	-0.23759779188830032	FALSE	352	31	0.49999479150390114
ENSG00000176407	chr2:86848604-86849049	297	77115	TRUE	4.512598036112954e-8	-0.5673520219391137	TRUE	352	32	2.369355292352886
ENSG00000034510	chr2:86848604-86849049	352	92936	TRUE	8.493204402520559e-8	-0.6008965408742082	TRUE	352	32	170.84366178109732
ENSG00000118640	chr2:86848604-86849049	332	88038	TRUE	2.3478151322026586e-7	-0.6661047066463697	TRUE	352	32	5.816952613102493
ENSG00000132300	chr2:86848604-86849049	225	56754	TRUE	1.948853982000013e-6	-0.7224046708832221	TRUE	352	32	1.1979749367167725
ENSG00000168883	chr2:86848604-86849049	302	76502	TRUE	2.287999722159987e-4	-0.5399610568345314	TRUE	352	32	2.581966103107389
ENSG00000168906	chr2:86848604-86849049	193	46858	TRUE	3.986365045104412e-4	-0.6326655559214523	TRUE	352	32	0.858881006698126
ENSG00000042493	chr2:86848604-86849049	325	85410	TRUE	5.38754150789085e-4	-0.38524684778172924	TRUE	352	32	5.204027209183621
ENSG00000132313	chr2:86848604-86849049	337	87512	TRUE	6.066276124201062e-4	-0.4546537458752915	TRUE	352	32	5.006729376959696
ENSG00000132305	chr2:86848604-86849049	346	91501	TRUE	0.00534703306286595	-0.3605403496864006	TRUE	352	32	8.097857224704939
ENSG00000168894	chr2:86848604-86849049	352	92801	TRUE	0.028	-0.20693123009047198	TRUE	352	32	17.19611029511339
ENSG00000168890	chr2:86848604-86849049	135	31522	TRUE	0.42	-0.37598127604422227	FALSE	352	32	0.49999479150390114
ENSG00000132313	chr2:86848604-86849049	337	87512	TRUE	1.2996305872540331e-6	-0.5359687296366551	TRUE	352	33	5.006729376959696
ENSG00000168894	chr2:86848604-86849049	352	92801	TRUE	2.2573627429390945e-4	-0.281622384561643	TRUE	352	33	17.19611029511339
ENSG00000168883	chr2:86848604-86849049	302	76502	TRUE	0.0016647280532781361	-0.48606100788510576	TRUE	352	33	2.581966103107389
ENSG00000042493	chr2:86848604-86849049	325	85410	TRUE	0.004266295552961236	-0.28859752739275235	TRUE	352	33	5.204027209183621
ENSG00000132305	chr2:86848604-86849049	346	91501	TRUE	0.010151896935158167	-0.34158063479948586	TRUE	352	33	8.097857224704939
ENSG00000168906	chr2:86848604-86849049	193	46858	TRUE	0.028	-0.44503855274568116	TRUE	352	33	0.858881006698126
ENSG00000132300	chr2:86848604-86849049	225	56754	TRUE	0.04	-0.3973549843541495	TRUE	352	33	1.1979749367167725
ENSG00000176407	chr2:86848604-86849049	297	77115	TRUE	0.06	-0.26614781330060233	TRUE	352	33	2.369355292352886
ENSG00000168890	chr2:86848604-86849049	135	31522	TRUE	0.204	-0.37598127604422227	FALSE	352	33	0.49999479150390114
ENSG00000118640	chr2:86848604-86849049	332	88038	TRUE	0.324	-0.3099926910027726	FALSE	352	33	5.816952613102493
ENSG00000034510	chr2:86848604-86849049	352	92936	TRUE	0.992	-0.124876900196778	FALSE	352	33	170.84366178109732
ENSG00000034510	chr2:86848604-86849049	352	92936	TRUE	3.6446756117747715e-7	-0.6011629727022729	TRUE	352	34	170.84366178109732
ENSG00000132305	chr2:86848604-86849049	346	91501	TRUE	1.1308547705614715e-6	-0.5112849225504186	TRUE	352	34	8.097857224704939
ENSG00000132313	chr2:86848604-86849049	337	87512	TRUE	5.420331433722732e-5	-0.4868418721654799	TRUE	352	34	5.006729376959696
ENSG00000168890	chr2:86848604-86849049	135	31522	TRUE	6.001677223326299e-5	-0.8672293419431847	TRUE	352	34	0.49999479150390114
ENSG00000132300	chr2:86848604-86849049	225	56754	TRUE	2.202590612864607e-4	-0.5977420976073317	TRUE	352	34	1.1979749367167725
ENSG00000168883	chr2:86848604-86849049	302	76502	TRUE	0.0048786432519771425	-0.44395017135724246	TRUE	352	34	2.581966103107389
ENSG00000042493	chr2:86848604-86849049	325	85410	TRUE	0.005091458450179623	-0.3566965419026302	TRUE	352	34	5.204027209183621
ENSG00000118640	chr2:86848604-86849049	332	88038	TRUE	0.01626259808015809	-0.4129389927163394	TRUE	352	34	5.816952613102493
ENSG00000168894	chr2:86848604-86849049	352	92801	TRUE	0.036	-0.21492687874394534	TRUE	352	34	17.19611029511339
ENSG00000168906	chr2:86848604-86849049	193	46858	TRUE	0.072	-0.3988683713127552	TRUE	352	34	0.858881006698126
ENSG00000176407	chr2:86848604-86849049	297	77115	TRUE	0.352	-0.17037101669624066	FALSE	352	34	2.369355292352886
ENSG00000118640	chr2:86848604-86849049	332	88038	TRUE	1.0084078819162182e-7	-0.657988257441998	TRUE	352	35	5.816952613102493
ENSG00000034510	chr2:86848604-86849049	352	92936	TRUE	4.032383716684462e-6	-0.5081992940313098	TRUE	352	35	170.84366178109732
ENSG00000132305	chr2:86848604-86849049	346	91501	TRUE	3.2394863485706374e-5	-0.45799012691479657	TRUE	352	35	8.097857224704939
ENSG00000132313	chr2:86848604-86849049	337	87512	TRUE	6.894336686270701e-5	-0.4670286183823271	TRUE	352	35	5.006729376959696
ENSG00000168906	chr2:86848604-86849049	193	46858	TRUE	7.519496983727537e-5	-0.6528434378590827	TRUE	352	35	0.858881006698126
ENSG00000176407	chr2:86848604-86849049	297	77115	TRUE	1.6750390685022626e-4	-0.41104879106043823	TRUE	352	35	2.369355292352886
ENSG00000042493	chr2:86848604-86849049	325	85410	TRUE	2.2311031569165196e-4	-0.41241339436656865	TRUE	352	35	5.204027209183621
ENSG00000168883	chr2:86848604-86849049	302	76502	TRUE	7.482999373552776e-4	-0.5127593292758936	TRUE	352	35	2.581966103107389
ENSG00000168894	chr2:86848604-86849049	352	92801	TRUE	0.0019663391881315218	-0.26064713844657295	TRUE	352	35	17.19611029511339
ENSG00000132300	chr2:86848604-86849049	225	56754	TRUE	0.010111532316404104	-0.4611074055854857	TRUE	352	35	1.1979749367167725
ENSG00000168890	chr2:86848604-86849049	135	31522	TRUE	0.044	-0.5398673610051941	TRUE	352	35	0.49999479150390114
ENSG00000168894	chr2:86848604-86849049	352	92801	TRUE	7.215730145279494e-15	-0.5933609120238716	TRUE	352	36	17.19611029511339
ENSG00000118640	chr2:86848604-86849049	332	88038	TRUE	4.5903246069392643e-7	-0.6309275362530444	TRUE	352	36	5.816952613102493
ENSG00000132305	chr2:86848604-86849049	346	91501	TRUE	1.1597570378365325e-6	-0.516591393051181	TRUE	352	36	8.097857224704939
ENSG00000132313	chr2:86848604-86849049	337	87512	TRUE	2.8435239290974454e-5	-0.5058666978472361	TRUE	352	36	5.006729376959696
ENSG00000176407	chr2:86848604-86849049	297	77115	TRUE	2.844444717329392e-5	-0.4568524806735631	TRUE	352	36	2.369355292352886
ENSG00000034510	chr2:86848604-86849049	352	92936	TRUE	1.3272649112913704e-4	-0.48284720168388784	TRUE	352	36	170.84366178109732
ENSG00000132300	chr2:86848604-86849049	225	56754	TRUE	2.30017179668765e-4	-0.588219323488825	TRUE	352	36	1.1979749367167725
ENSG00000168906	chr2:86848604-86849049	193	46858	TRUE	0.0019905034758227746	-0.5483492699879772	TRUE	352	36	0.858881006698126
ENSG00000042493	chr2:86848604-86849049	325	85410	TRUE	0.002374496402900425	-0.33518432099470763	TRUE	352	36	5.204027209183621
ENSG00000168890	chr2:86848604-86849049	135	31522	TRUE	0.010513104254409489	-0.606465109734218	TRUE	352	36	0.49999479150390114
ENSG00000168883	chr2:86848604-86849049	302	76502	TRUE	0.025111044658884696	-0.4088083652369854	TRUE	352	36	2.581966103107389
ENSG00000118640	chr2:86848604-86849049	332	88038	TRUE	1.676218522971137e-7	-0.6220189279334485	TRUE	352	37	5.816952613102493
ENSG00000132313	chr2:86848604-86849049	337	87512	TRUE	3.41549229576775e-7	-0.580091282868963	TRUE	352	37	5.006729376959696
ENSG00000132305	chr2:86848604-86849049	346	91501	TRUE	0.0022236319362077157	-0.37733698895469736	TRUE	352	37	8.097857224704939
ENSG00000042493	chr2:86848604-86849049	325	85410	TRUE	0.0036714724924038072	-0.31673528389493155	TRUE	352	37	5.204027209183621
ENSG00000168894	chr2:86848604-86849049	352	92801	TRUE	0.005361661129351464	-0.2407622094662778	TRUE	352	37	17.19611029511339
ENSG00000034510	chr2:86848604-86849049	352	92936	TRUE	0.016290677732044373	-0.31702270351760653	TRUE	352	37	170.84366178109732
ENSG00000176407	chr2:86848604-86849049	297	77115	TRUE	0.028690591799865744	-0.2856968257053867	TRUE	352	37	2.369355292352886
ENSG00000168883	chr2:86848604-86849049	302	76502	TRUE	0.052	-0.3763868875446077	TRUE	352	37	2.581966103107389
ENSG00000168890	chr2:86848604-86849049	135	31522	TRUE	0.24	-0.3567450571813049	FALSE	352	37	0.49999479150390114
ENSG00000168906	chr2:86848604-86849049	193	46858	TRUE	0.448	-0.2686119853614135	FALSE	352	37	0.858881006698126
ENSG00000132300	chr2:86848604-86849049	225	56754	TRUE	0.868	-0.22512203962505817	FALSE	352	37	1.1979749367167725
ENSG00000168894	chr2:86848604-86849049	352	92801	TRUE	1.3566010419597922e-7	-0.3834623584751369	TRUE	352	38	17.19611029511339
ENSG00000168883	chr2:86848604-86849049	302	76502	TRUE	8.155386917936037e-7	-0.6542066301420729	TRUE	352	38	2.581966103107389
ENSG00000132305	chr2:86848604-86849049	346	91501	TRUE	1.7104471225436266e-5	-0.4618236855235822	TRUE	352	38	8.097857224704939
ENSG00000132313	chr2:86848604-86849049	337	87512	TRUE	2.9502975698155777e-5	-0.4984383141783706	TRUE	352	38	5.006729376959696
ENSG00000042493	chr2:86848604-86849049	325	85410	TRUE	1.8616100500398053e-4	-0.37566716423758884	TRUE	352	38	5.204027209183621
ENSG00000118640	chr2:86848604-86849049	332	88038	TRUE	2.417122604155362e-4	-0.509124871527515	TRUE	352	38	5.816952613102493
ENSG00000168906	chr2:86848604-86849049	193	46858	TRUE	0.007968979537595372	-0.5171883385015165	TRUE	352	38	0.858881006698126
ENSG00000168890	chr2:86848604-86849049	135	31522	TRUE	0.018780356988656988	-0.5507556771479305	TRUE	352	38	0.49999479150390114
ENSG00000034510	chr2:86848604-86849049	352	92936	TRUE	0.028	-0.34435931902732175	TRUE	352	38	170.84366178109732
ENSG00000176407	chr2:86848604-86849049	297	77115	TRUE	0.052	-0.23921672385346704	TRUE	352	38	2.369355292352886
ENSG00000132300	chr2:86848604-86849049	225	56754	TRUE	0.332	-0.296988025824379	FALSE	352	38	1.1979749367167725
ENSG00000168883	chr2:86848604-86849049	302	76502	TRUE	7.182418251023008e-6	-0.6315222785058809	TRUE	352	39	2.581966103107389
ENSG00000132305	chr2:86848604-86849049	346	91501	TRUE	7.185246435644074e-6	-0.48309230227723354	TRUE	352	39	8.097857224704939
ENSG00000118640	chr2:86848604-86849049	332	88038	TRUE	9.533491861630009e-5	-0.5118650338724273	TRUE	352	39	5.816952613102493
ENSG00000168890	chr2:86848604-86849049	135	31522	TRUE	0.0010027348561671388	-0.7371688013788118	TRUE	352	39	0.49999479150390114
ENSG00000176407	chr2:86848604-86849049	297	77115	TRUE	0.001482488516336103	-0.3771014591371006	TRUE	352	39	2.369355292352886
ENSG00000132300	chr2:86848604-86849049	225	56754	TRUE	0.010462556862812722	-0.4524425444583583	TRUE	352	39	1.1979749367167725
ENSG00000132313	chr2:86848604-86849049	337	87512	TRUE	0.013630452818597066	-0.36122349303572054	TRUE	352	39	5.006729376959696
ENSG00000042493	chr2:86848604-86849049	325	85410	TRUE	0.032	-0.26895657372989	TRUE	352	39	5.204027209183621
ENSG00000168906	chr2:86848604-86849049	193	46858	TRUE	0.044	-0.4746637218549593	TRUE	352	39	0.858881006698126
ENSG00000034510	chr2:86848604-86849049	352	92936	TRUE	0.068	-0.28577118340228136	TRUE	352	39	170.84366178109732
ENSG00000168894	chr2:86848604-86849049	352	92801	TRUE	0.08	-0.20128366222022676	TRUE	352	39	17.19611029511339
ENSG00000132300	chr2:86848604-86849049	225	56754	TRUE	1.462925226531752e-5	-0.6463222780523932	TRUE	352	40	1.1979749367167725
ENSG00000176407	chr2:86848604-86849049	297	77115	TRUE	3.5851094440471874e-5	-0.454638059608121	TRUE	352	40	2.369355292352886
ENSG00000132305	chr2:86848604-86849049	346	91501	TRUE	1.5131360128071286e-4	-0.42768294589221023	TRUE	352	40	8.097857224704939
ENSG00000168906	chr2:86848604-86849049	193	46858	TRUE	0.004957775758277716	-0.5110361115199212	TRUE	352	40	0.858881006698126
ENSG00000118640	chr2:86848604-86849049	332	88038	TRUE	0.0066552887230973	-0.42838739180500296	TRUE	352	40	5.816952613102493
ENSG00000034510	chr2:86848604-86849049	352	92936	TRUE	0.064	-0.30655728631493684	FALSE	352	40	170.84366178109732
ENSG00000042493	chr2:86848604-86849049	325	85410	TRUE	0.064	-0.2609980764606692	FALSE	352	40	5.204027209183621
ENSG00000168894	chr2:86848604-86849049	352	92801	TRUE	0.124	-0.15911947971085993	FALSE	352	40	17.19611029511339
ENSG00000132313	chr2:86848604-86849049	337	87512	TRUE	0.136	-0.30275333900567114	FALSE	352	40	5.006729376959696
ENSG00000168883	chr2:86848604-86849049	302	76502	TRUE	0.144	-0.32999398206015673	FALSE	352	40	2.581966103107389
ENSG00000168890	chr2:86848604-86849049	135	31522	TRUE	0.544	-0.30974757764413563	FALSE	352	40	0.49999479150390114
ENSG00000176407	chr2:86848604-86849049	297	77115	TRUE	1.8498723085966142e-6	-0.5018700188566495	TRUE	352	41	2.369355292352886
ENSG00000132305	chr2:86848604-86849049	346	91501	TRUE	2.0628204992400624e-5	-0.4605447004744896	TRUE	352	41	8.097857224704939
ENSG00000042493	chr2:86848604-86849049	325	85410	TRUE	6.423517890975956e-5	-0.46731329216290174	TRUE	352	41	5.204027209183621
ENSG00000034510	chr2:86848604-86849049	352	92936	TRUE	0.001340887330620294	-0.4317524719348764	TRUE	352	41	170.84366178109732
ENSG00000132300	chr2:86848604-86849049	225	56754	TRUE	0.0030974063375287103	-0.5052299588177935	TRUE	352	41	1.1979749367167725
ENSG00000168883	chr2:86848604-86849049	302	76502	TRUE	0.007256674787676942	-0.457850988173504	TRUE	352	41	2.581966103107389
ENSG00000118640	chr2:86848604-86849049	332	88038	TRUE	0.008331911043105138	-0.44138863666443395	TRUE	352	41	5.816952613102493
ENSG00000168890	chr2:86848604-86849049	135	31522	TRUE	0.010192418755468988	-0.6293655118442969	TRUE	352	41	0.49999479150390114
ENSG00000168906	chr2:86848604-86849049	193	46858	TRUE	0.04	-0.42755112601684	TRUE	352	41	0.858881006698126
ENSG00000132313	chr2:86848604-86849049	337	87512	TRUE	0.068	-0.3213570144687945	TRUE	352	41	5.006729376959696
ENSG00000168894	chr2:86848604-86849049	352	92801	TRUE	0.072	-0.17714714277290433	TRUE	352	41	17.19611029511339
ENSG00000132305	chr2:86848604-86849049	346	91501	TRUE	6.511761052859573e-10	-0.5937081367723569	TRUE	352	42	8.097857224704939
ENSG00000168883	chr2:86848604-86849049	302	76502	TRUE	1.131632242238611e-7	-0.6795784198503843	TRUE	352	42	2.581966103107389
ENSG00000132313	chr2:86848604-86849049	337	87512	TRUE	5.803765131778653e-6	-0.5262244108902272	TRUE	352	42	5.006729376959696
ENSG00000168894	chr2:86848604-86849049	352	92801	TRUE	3.2256689812445484e-5	-0.33234520293860115	TRUE	352	42	17.19611029511339
ENSG00000118640	chr2:86848604-86849049	332	88038	TRUE	7.161465298178606e-5	-0.5395567677414759	TRUE	352	42	5.816952613102493
ENSG00000132300	chr2:86848604-86849049	225	56754	TRUE	3.61986057518162e-4	-0.5787589942397589	TRUE	352	42	1.1979749367167725
ENSG00000168890	chr2:86848604-86849049	135	31522	TRUE	0.00356348313204468	-0.6409534861195085	TRUE	352	42	0.49999479150390114
ENSG00000034510	chr2:86848604-86849049	352	92936	TRUE	0.024	-0.297893726030507	TRUE	352	42	170.84366178109732
ENSG00000176407	chr2:86848604-86849049	297	77115	TRUE	0.024	-0.28963861788676115	TRUE	352	42	2.369355292352886
ENSG00000168906	chr2:86848604-86849049	193	46858	TRUE	0.02749525710982001	-0.45091511908235027	TRUE	352	42	0.858881006698126
ENSG00000042493	chr2:86848604-86849049	325	85410	TRUE	0.744	-0.13929358354865773	FALSE	352	42	5.204027209183621
ENSG00000042493	chr2:86848604-86849049	325	85410	TRUE	2.301606116071782e-5	-0.44811076294508156	TRUE	352	43	5.204027209183621
ENSG00000168883	chr2:86848604-86849049	302	76502	TRUE	4.3354845248731906e-5	-0.5719985326505698	TRUE	352	43	2.581966103107389
ENSG00000132305	chr2:86848604-86849049	346	91501	TRUE	5.4555738890216775e-5	-0.46310380543089735	TRUE	352	43	8.097857224704939
ENSG00000168894	chr2:86848604-86849049	352	92801	TRUE	6.0316273529220036e-5	-0.31644065789093156	TRUE	352	43	17.19611029511339
ENSG00000132313	chr2:86848604-86849049	337	87512	TRUE	6.920576652749352e-5	-0.47221630840531903	TRUE	352	43	5.006729376959696
ENSG00000132300	chr2:86848604-86849049	225	56754	TRUE	2.1841847157854505e-4	-0.5834814044821619	TRUE	352	43	1.1979749367167725
ENSG00000118640	chr2:86848604-86849049	332	88038	TRUE	0.0033588071776030695	-0.4266627113355419	TRUE	352	43	5.816952613102493
ENSG00000168906	chr2:86848604-86849049	193	46858	TRUE	0.024	-0.48668625010417244	TRUE	352	43	0.858881006698126
ENSG00000034510	chr2:86848604-86849049	352	92936	TRUE	0.032	-0.32569217837407916	TRUE	352	43	170.84366178109732
ENSG00000168890	chr2:86848604-86849049	135	31522	TRUE	0.184	-0.39547745167001946	FALSE	352	43	0.49999479150390114
ENSG00000176407	chr2:86848604-86849049	297	77115	TRUE	0.32	-0.19973986885300654	FALSE	352	43	2.369355292352886
ENSG00000168883	chr2:86848604-86849049	302	76502	TRUE	3.549426937827833e-8	-0.7149114929626651	TRUE	352	44	2.581966103107389
ENSG00000132305	chr2:86848604-86849049	346	91501	TRUE	2.010890797257128e-6	-0.48959973343161867	TRUE	352	44	8.097857224704939
ENSG00000042493	chr2:86848604-86849049	325	85410	TRUE	3.231879983014562e-5	-0.44010133201437673	TRUE	352	44	5.204027209183621
ENSG00000132300	chr2:86848604-86849049	225	56754	TRUE	1.7784157355564979e-4	-0.6025271601727085	TRUE	352	44	1.1979749367167725
ENSG00000168906	chr2:86848604-86849049	193	46858	TRUE	7.297280472948475e-4	-0.5866531581646162	TRUE	352	44	0.858881006698126
ENSG00000168894	chr2:86848604-86849049	352	92801	TRUE	0.0028336848735409093	-0.2492129459318133	TRUE	352	44	17.19611029511339
ENSG00000168890	chr2:86848604-86849049	135	31522	TRUE	0.004924188964092996	-0.5951497965063839	TRUE	352	44	0.49999479150390114
ENSG00000132313	chr2:86848604-86849049	337	87512	TRUE	0.006836243439305528	-0.3796267004672682	TRUE	352	44	5.006729376959696
ENSG00000118640	chr2:86848604-86849049	332	88038	TRUE	0.010383509132560947	-0.3951224793964725	TRUE	352	44	5.816952613102493
ENSG00000176407	chr2:86848604-86849049	297	77115	TRUE	0.016407400220085966	-0.29755465991960417	TRUE	352	44	2.369355292352886
ENSG00000034510	chr2:86848604-86849049	352	92936	TRUE	0.017356618087686987	-0.33151011647272366	TRUE	352	44	170.84366178109732
ENSG00000132313	chr2:86848604-86849049	337	87512	TRUE	1.098611681038769e-7	-0.586827614364839	TRUE	352	45	5.006729376959696
ENSG00000042493	chr2:86848604-86849049	325	85410	TRUE	8.202855908963184e-7	-0.5457115199749756	TRUE	352	45	5.204027209183621
ENSG00000132305	chr2:86848604-86849049	346	91501	TRUE	7.009525397469983e-6	-0.4708084701559323	TRUE	352	45	8.097857224704939
ENSG00000176407	chr2:86848604-86849049	297	77115	TRUE	1.5017488423115302e-5	-0.47469128651125125	TRUE	352	45	2.369355292352886
ENSG00000168883	chr2:86848604-86849049	302	76502	TRUE	1.9757455087182976e-4	-0.5336380589518096	TRUE	352	45	2.581966103107389
ENSG00000118640	chr2:86848604-86849049	332	88038	TRUE	8.578429497890991e-4	-0.4873889418762203	TRUE	352	45	5.816952613102493
ENSG00000034510	chr2:86848604-86849049	352	92936	TRUE	0.0059778606754249675	-0.3531670937678477	TRUE	352	45	170.84366178109732
ENSG00000132300	chr2:86848604-86849049	225	56754	TRUE	0.007333267759642603	-0.474203063197169	TRUE	352	45	1.1979749367167725
ENSG00000168894	chr2:86848604-86849049	352	92801	TRUE	0.032	-0.1979568251749928	TRUE	352	45	17.19611029511339
ENSG00000168890	chr2:86848604-86849049	135	31522	TRUE	0.044	-0.5290606060486114	TRUE	352	45	0.49999479150390114
ENSG00000168906	chr2:86848604-86849049	193	46858	TRUE	0.052	-0.4391858265002434	TRUE	352	45	0.858881006698126
ENSG00000132305	chr2:86848604-86849049	346	91501	TRUE	3.967870801211857e-12	-0.6421826882353141	TRUE	352	46	8.097857224704939
ENSG00000132300	chr2:86848604-86849049	225	56754	TRUE	1.2372906481833423e-4	-0.5977420976073317	TRUE	352	46	1.1979749367167725
ENSG00000034510	chr2:86848604-86849049	352	92936	TRUE	6.96956055221451e-4	-0.44245412437462406	TRUE	352	46	170.84366178109732
ENSG00000168906	chr2:86848604-86849049	193	46858	TRUE	0.008671315507011376	-0.5110361115199212	TRUE	352	46	0.858881006698126
ENSG00000168883	chr2:86848604-86849049	302	76502	TRUE	0.010839406457714987	-0.42432136460830994	TRUE	352	46	2.581966103107389
ENSG00000168894	chr2:86848604-86849049	352	92801	TRUE	0.01828422249423242	-0.22765624142038776	TRUE	352	46	17.19611029511339
ENSG00000132313	chr2:86848604-86849049	337	87512	TRUE	0.018650681962907145	-0.36604372819434294	TRUE	352	46	5.006729376959696
ENSG00000118640	chr2:86848604-86849049	332	88038	TRUE	0.08	-0.3584912086939629	FALSE	352	46	5.816952613102493
ENSG00000168890	chr2:86848604-86849049	135	31522	TRUE	0.336	-0.37598127604422227	FALSE	352	46	0.49999479150390114
ENSG00000176407	chr2:86848604-86849049	297	77115	TRUE	0.816	-0.08740422358405442	FALSE	352	46	2.369355292352886
ENSG00000042493	chr2:86848604-86849049	325	85410	TRUE	0.828	-0.12960018734481382	FALSE	352	46	5.204027209183621
ENSG00000168894	chr2:86848604-86849049	352	92801	TRUE	6.798439406166311e-14	-0.5548779164948212	TRUE	352	47	17.19611029511339
ENSG00000168883	chr2:86848604-86849049	302	76502	TRUE	2.8827883217625704e-5	-0.5828377650120342	TRUE	352	47	2.581966103107389
ENSG00000132305	chr2:86848604-86849049	346	91501	TRUE	3.868696413479346e-4	-0.41091084478630835	TRUE	352	47	8.097857224704939
ENSG00000132300	chr2:86848604-86849049	225	56754	TRUE	5.283423828582531e-4	-0.5507446180701622	TRUE	352	47	1.1979749367167725
ENSG00000176407	chr2:86848604-86849049	297	77115	TRUE	8.622984699232297e-4	-0.387624445549108	TRUE	352	47	2.369355292352886
ENSG00000042493	chr2:86848604-86849049	325	85410	TRUE	0.0015121830429522462	-0.36994973915538454	TRUE	352	47	5.204027209183621
ENSG00000034510	chr2:86848604-86849049	352	92936	TRUE	0.0015624467557474736	-0.3857007626876774	TRUE	352	47	170.84366178109732
ENSG00000168890	chr2:86848604-86849049	135	31522	TRUE	0.0018916623928320886	-0.6882592008978654	TRUE	352	47	0.49999479150390114
ENSG00000132313	chr2:86848604-86849049	337	87512	TRUE	0.0024221069785689588	-0.4051966070639854	TRUE	352	47	5.006729376959696
ENSG00000118640	chr2:86848604-86849049	332	88038	TRUE	0.006301239568466344	-0.43097828452328724	TRUE	352	47	5.816952613102493
ENSG00000168906	chr2:86848604-86849049	193	46858	TRUE	0.006730934126488883	-0.5110361115199212	TRUE	352	47	0.858881006698126
ENSG00000168894	chr2:86848604-86849049	352	92801	TRUE	5.943301099026535e-5	-0.32870238551678677	TRUE	352	48	17.19611029511339
ENSG00000176407	chr2:86848604-86849049	297	77115	TRUE	8.262518562193715e-4	-0.3771014591371006	TRUE	352	48	2.369355292352886
ENSG00000034510	chr2:86848604-86849049	352	92936	TRUE	0.00122389049058938	-0.47736509787538584	TRUE	352	48	170.84366178109732
ENSG00000132305	chr2:86848604-86849049	346	91501	TRUE	0.00852602965294133	-0.35043698575999294	TRUE	352	48	8.097857224704939
ENSG00000168883	chr2:86848604-86849049	302	76502	TRUE	0.013031721331108193	-0.4088083652369854	TRUE	352	48	2.581966103107389
ENSG00000168906	chr2:86848604-86849049	193	46858	TRUE	0.014097388074269857	-0.49880980918666173	TRUE	352	48	0.858881006698126
ENSG00000132313	chr2:86848604-86849049	337	87512	TRUE	0.024	-0.3631496549251634	TRUE	352	48	5.006729376959696
ENSG00000118640	chr2:86848604-86849049	332	88038	TRUE	0.029724021553919566	-0.40952836455368713	TRUE	352	48	5.816952613102493
ENSG00000132300	chr2:86848604-86849049	225	56754	TRUE	0.032	-0.4182943220465127	TRUE	352	48	1.1979749367167725
ENSG00000168890	chr2:86848604-86849049	135	31522	TRUE	0.032	-0.5727819834779293	TRUE	352	48	0.49999479150390114
ENSG00000042493	chr2:86848604-86849049	325	85410	TRUE	0.044	-0.2751770116304306	TRUE	352	48	5.204027209183621
ENSG00000132305	chr2:86848604-86849049	346	91501	TRUE	9.013635491647413e-10	-0.6056749366336063	TRUE	352	49	8.097857224704939
ENSG00000168883	chr2:86848604-86849049	302	76502	TRUE	5.850657772648151e-8	-0.7030373926743734	TRUE	352	49	2.581966103107389
ENSG00000168894	chr2:86848604-86849049	352	92801	TRUE	6.347109360249018e-7	-0.3678498750079604	TRUE	352	49	17.19611029511339
ENSG00000168906	chr2:86848604-86849049	193	46858	TRUE	7.702808463634636e-6	-0.7581964380053113	TRUE	352	49	0.858881006698126
ENSG00000176407	chr2:86848604-86849049	297	77115	TRUE	1.7277097861922996e-4	-0.4218232626546137	TRUE	352	49	2.369355292352886
ENSG00000034510	chr2:86848604-86849049	352	92936	TRUE	4.399298709460396e-4	-0.4088343464761195	TRUE	352	49	170.84366178109732
ENSG00000132313	chr2:86848604-86849049	337	87512	TRUE	0.002626435645016606	-0.4181535408088326	TRUE	352	49	5.006729376959696
ENSG00000118640	chr2:86848604-86849049	332	88038	TRUE	0.004475107913245957	-0.43184295044122223	TRUE	352	49	5.816952613102493
ENSG00000132300	chr2:86848604-86849049	225	56754	TRUE	0.010628996691055853	-0.4438294141536501	TRUE	352	49	1.1979749367167725
ENSG00000042493	chr2:86848604-86849049	325	85410	TRUE	0.011452596239454216	-0.283214330695849	TRUE	352	49	5.204027209183621
ENSG00000168890	chr2:86848604-86849049	135	31522	TRUE	0.012988879816969473	-0.5839225410831299	TRUE	352	49	0.49999479150390114
ENSG00000168894	chr2:86848604-86849049	352	92801	TRUE	1.3958872057914275e-9	-0.43947624669048047	TRUE	352	50	17.19611029511339
ENSG00000132300	chr2:86848604-86849049	225	56754	TRUE	6.948945615498602e-5	-0.5929728534594595	TRUE	352	50	1.1979749367167725
ENSG00000168883	chr2:86848604-86849049	302	76502	TRUE	3.477601931341466e-4	-0.5273426524203307	TRUE	352	50	2.581966103107389
ENSG00000042493	chr2:86848604-86849049	325	85410	TRUE	0.001155159216347533	-0.3862083240191745	TRUE	352	50	5.204027209183621
ENSG00000176407	chr2:86848604-86849049	297	77115	TRUE	0.006850275457028335	-0.32763278287280073	TRUE	352	50	2.369355292352886
ENSG00000118640	chr2:86848604-86849049	332	88038	TRUE	0.024	-0.41123267076593617	TRUE	352	50	5.816952613102493
ENSG00000132305	chr2:86848604-86849049	346	91501	TRUE	0.024	-0.33629280343972345	TRUE	352	50	8.097857224704939
ENSG00000132313	chr2:86848604-86849049	337	87512	TRUE	0.036	-0.3241683730217537	TRUE	352	50	5.006729376959696
ENSG00000168906	chr2:86848604-86849049	193	46858	TRUE	0.104	-0.4102731345850044	FALSE	352	50	0.858881006698126
ENSG00000168890	chr2:86848604-86849049	135	31522	TRUE	0.44	-0.34722228306279823	FALSE	352	50	0.49999479150390114
ENSG00000034510	chr2:86848604-86849049	352	92936	TRUE	0.768	-0.18466070689016423	FALSE	352	50	170.84366178109732
ENSG00000132305	chr2:86848604-86849049	346	91501	TRUE	2.229633115280981e-6	-0.5073178392783646	TRUE	352	51	8.097857224704939
ENSG00000118640	chr2:86848604-86849049	332	88038	TRUE	1.0672965445670222e-5	-0.605340186786818	TRUE	352	51	5.816952613102493
ENSG00000168883	chr2:86848604-86849049	302	76502	TRUE	3.2928844354339695e-5	-0.5741598739400371	TRUE	352	51	2.581966103107389
ENSG00000034510	chr2:86848604-86849049	352	92936	TRUE	5.6915167617178214e-5	-0.5103243975864347	TRUE	352	51	170.84366178109732
ENSG00000168906	chr2:86848604-86849049	193	46858	TRUE	2.7678627540045873e-4	-0.6393602084954606	TRUE	352	51	0.858881006698126
ENSG00000176407	chr2:86848604-86849049	297	77115	TRUE	6.218508547602836e-4	-0.387624445549108	TRUE	352	51	2.369355292352886
ENSG00000132313	chr2:86848604-86849049	337	87512	TRUE	0.0031159289659089123	-0.4141543835955388	TRUE	352	51	5.006729376959696
ENSG00000168890	chr2:86848604-86849049	135	31522	TRUE	0.014662021402148534	-0.5839225410831299	TRUE	352	51	0.49999479150390114
ENSG00000168894	chr2:86848604-86849049	352	92801	TRUE	0.052	-0.19872387616739395	TRUE	352	51	17.19611029511339
ENSG00000042493	chr2:86848604-86849049	325	85410	TRUE	0.644	-0.17873189467569306	FALSE	352	51	5.204027209183621
ENSG00000132300	chr2:86848604-86849049	225	56754	TRUE	0.936	-0.1959019007100647	FALSE	352	51	1.1979749367167725
ENSG00000132305	chr2:86848604-86849049	346	91501	TRUE	1.1129229646368458e-7	-0.5536114915522998	TRUE	352	52	8.097857224704939
ENSG00000132300	chr2:86848604-86849049	225	56754	TRUE	5.752993107442303e-5	-0.6364744920960461	TRUE	352	52	1.1979749367167725
ENSG00000042493	chr2:86848604-86849049	325	85410	TRUE	4.059342247580526e-4	-0.3566965419026302	TRUE	352	52	5.204027209183621
ENSG00000034510	chr2:86848604-86849049	352	92936	TRUE	5.375022380376543e-4	-0.38423849899444473	TRUE	352	52	170.84366178109732
ENSG00000168894	chr2:86848604-86849049	352	92801	TRUE	6.990063350810448e-4	-0.282435246846771	TRUE	352	52	17.19611029511339
ENSG00000176407	chr2:86848604-86849049	297	77115	TRUE	0.008797644353124509	-0.32763278287280073	TRUE	352	52	2.369355292352886
ENSG00000168883	chr2:86848604-86849049	302	76502	TRUE	0.022945042417653327	-0.4068809166658709	TRUE	352	52	2.581966103107389
ENSG00000118640	chr2:86848604-86849049	332	88038	TRUE	0.072	-0.37336448517549314	TRUE	352	52	5.816952613102493
ENSG00000168906	chr2:86848604-86849049	193	46858	TRUE	0.14	-0.38755305808492096	FALSE	352	52	0.858881006698126
ENSG00000132313	chr2:86848604-86849049	337	87512	TRUE	0.228	-0.2761971108118626	FALSE	352	52	5.006729376959696
ENSG00000168890	chr2:86848604-86849049	135	31522	TRUE	0.26	-0.4152407064914494	FALSE	352	52	0.49999479150390114
ENSG00000132305	chr2:86848604-86849049	346	91501	TRUE	7.1427491972640895e-9	-0.5832310025569107	TRUE	352	53	8.097857224704939
ENSG00000118640	chr2:86848604-86849049	332	88038	TRUE	6.225167039415475e-4	-0.45362975893581137	TRUE	352	53	5.816952613102493
ENSG00000034510	chr2:86848604-86849049	352	92936	TRUE	0.0020043044774592372	-0.38529920936250583	TRUE	352	53	170.84366178109732
ENSG00000176407	chr2:86848604-86849049	297	77115	TRUE	0.0029411276003502643	-0.35215510200686984	TRUE	352	53	2.369355292352886
ENSG00000168883	chr2:86848604-86849049	302	76502	TRUE	0.0033900312375509667	-0.4518770871288713	TRUE	352	53	2.581966103107389
ENSG00000132313	chr2:86848604-86849049	337	87512	TRUE	0.024	-0.3430520855681136	TRUE	352	53	5.006729376959696
ENSG00000042493	chr2:86848604-86849049	325	85410	TRUE	0.028	-0.27874362665062336	TRUE	352	53	5.204027209183621
ENSG00000168890	chr2:86848604-86849049	135	31522	TRUE	0.064	-0.48662533972821476	TRUE	352	53	0.49999479150390114
ENSG00000132300	chr2:86848604-86849049	225	56754	TRUE	0.204	-0.3323210989366598	FALSE	352	53	1.1979749367167725
ENSG00000168906	chr2:86848604-86849049	193	46858	TRUE	0.28	-0.32146386762714857	FALSE	352	53	0.858881006698126
ENSG00000168894	chr2:86848604-86849049	352	92801	TRUE	0.44	-0.14994215717754678	FALSE	352	53	17.19611029511339
ENSG00000176407	chr2:86848604-86849049	297	77115	TRUE	1.550708622113494e-5	-0.46351621095457385	TRUE	352	54	2.369355292352886
ENSG00000132313	chr2:86848604-86849049	337	87512	TRUE	2.982982485856024e-5	-0.4952663926934895	TRUE	352	54	5.006729376959696
ENSG00000132305	chr2:86848604-86849049	346	91501	TRUE	3.130917577652548e-5	-0.4605447004744896	TRUE	352	54	8.097857224704939
ENSG00000118640	chr2:86848604-86849049	332	88038	TRUE	4.326080179026422e-5	-0.5545459419609289	TRUE	352	54	5.816952613102493
ENSG00000042493	chr2:86848604-86849049	325	85410	TRUE	3.134826159897283e-4	-0.3948905671189755	TRUE	352	54	5.204027209183621
ENSG00000168883	chr2:86848604-86849049	302	76502	TRUE	0.001714045588492568	-0.48199707550520654	TRUE	352	54	2.581966103107389
ENSG00000168894	chr2:86848604-86849049	352	92801	TRUE	0.010862378612113574	-0.2206282137908646	TRUE	352	54	17.19611029511339
ENSG00000132300	chr2:86848604-86849049	225	56754	TRUE	0.011011475952837524	-0.4438294141536501	TRUE	352	54	1.1979749367167725
ENSG00000168890	chr2:86848604-86849049	135	31522	TRUE	0.028	-0.5076869552560443	TRUE	352	54	0.49999479150390114
ENSG00000168906	chr2:86848604-86849049	193	46858	TRUE	0.516	-0.2947959171650686	FALSE	352	54	0.858881006698126
ENSG00000034510	chr2:86848604-86849049	352	92936	TRUE	0.564	-0.21168896602126797	FALSE	352	54	170.84366178109732
ENSG00000132313	chr2:86848604-86849049	337	87512	TRUE	1.4569171246243398e-8	-0.6232957814341307	TRUE	352	55	5.006729376959696
ENSG00000168894	chr2:86848604-86849049	352	92801	TRUE	6.15002817107909e-8	-0.40572570852558343	TRUE	352	55	17.19611029511339
ENSG00000168883	chr2:86848604-86849049	302	76502	TRUE	7.237086128075373e-8	-0.6959595614338405	TRUE	352	55	2.581966103107389
ENSG00000132305	chr2:86848604-86849049	346	91501	TRUE	6.29318380913832e-5	-0.4440202594416238	TRUE	352	55	8.097857224704939
ENSG00000132300	chr2:86848604-86849049	225	56754	TRUE	1.99964563733104e-4	-0.6025271601727085	TRUE	352	55	1.1979749367167725
ENSG00000118640	chr2:86848604-86849049	332	88038	TRUE	4.925324889104923e-4	-0.5000284035548384	TRUE	352	55	5.816952613102493
ENSG00000176407	chr2:86848604-86849049	297	77115	TRUE	0.0024473880082283295	-0.35628298762954635	TRUE	352	55	2.369355292352886
ENSG00000168906	chr2:86848604-86849049	193	46858	TRUE	0.009683032375834066	-0.5049100087230798	TRUE	352	55	0.858881006698126
ENSG00000168890	chr2:86848604-86849049	135	31522	TRUE	0.056	-0.5398673610051941	TRUE	352	55	0.49999479150390114
ENSG00000034510	chr2:86848604-86849049	352	92936	TRUE	0.156	-0.2234586308070199	FALSE	352	55	170.84366178109732
ENSG00000042493	chr2:86848604-86849049	325	85410	TRUE	0.56	-0.1199714861470369	FALSE	352	55	5.204027209183621
ENSG00000132313	chr2:86848604-86849049	337	87512	TRUE	4.756850384621085e-6	-0.5273038685095277	TRUE	352	56	5.006729376959696
ENSG00000118640	chr2:86848604-86849049	332	88038	TRUE	4.761648906806588e-6	-0.5611529965482749	TRUE	352	56	5.816952613102493
ENSG00000168894	chr2:86848604-86849049	352	92801	TRUE	1.4731587630814266e-4	-0.3109014111517383	TRUE	352	56	17.19611029511339
ENSG00000034510	chr2:86848604-86849049	352	92936	TRUE	2.1771774925586143e-4	-0.49768248071150456	TRUE	352	56	170.84366178109732
ENSG00000132305	chr2:86848604-86849049	346	91501	TRUE	0.001479559265088179	-0.4022903622139635	TRUE	352	56	8.097857224704939
ENSG00000168906	chr2:86848604-86849049	193	46858	TRUE	0.002095081230706182	-0.5673740956697332	TRUE	352	56	0.858881006698126
ENSG00000132300	chr2:86848604-86849049	225	56754	TRUE	0.002545342140385237	-0.5007564822384856	TRUE	352	56	1.1979749367167725
ENSG00000168890	chr2:86848604-86849049	135	31522	TRUE	0.024	-0.6178698730064673	TRUE	352	56	0.49999479150390114
ENSG00000168883	chr2:86848604-86849049	302	76502	TRUE	0.032	-0.3972821118559575	TRUE	352	56	2.581966103107389
ENSG00000042493	chr2:86848604-86849049	325	85410	TRUE	0.072	-0.2725078248544466	TRUE	352	56	5.204027209183621
ENSG00000176407	chr2:86848604-86849049	297	77115	TRUE	0.38	-0.18314638833171215	FALSE	352	56	2.369355292352886
ENSG00000132313	chr2:86848604-86849049	337	87512	TRUE	8.991526036369272e-11	-0.689421039718775	TRUE	352	57	5.006729376959696
ENSG00000168883	chr2:86848604-86849049	302	76502	TRUE	2.472545934824647e-5	-0.5850154183174043	TRUE	352	57	2.581966103107389
ENSG00000042493	chr2:86848604-86849049	325	85410	TRUE	3.42487043940614e-4	-0.35481312774364016	TRUE	352	57	5.204027209183621
ENSG00000168890	chr2:86848604-86849049	135	31522	TRUE	4.121883980667887e-4	-0.7496597455620087	TRUE	352	57	0.49999479150390114
ENSG00000132305	chr2:86848604-86849049	346	91501	TRUE	0.0012387374835820877	-0.3943314896924788	TRUE	352	57	8.097857224704939
ENSG00000168906	chr2:86848604-86849049	193	46858	TRUE	0.0022877438151990975	-0.561004570794006	TRUE	352	57	0.858881006698126
ENSG00000132300	chr2:86848604-86849049	225	56754	TRUE	0.008068909835536257	-0.474203063197169	TRUE	352	57	1.1979749367167725
ENSG00000168894	chr2:86848604-86849049	352	92801	TRUE	0.028	-0.1979568251749928	TRUE	352	57	17.19611029511339
ENSG00000118640	chr2:86848604-86849049	332	88038	TRUE	0.084	-0.3462128789155261	FALSE	352	57	5.816952613102493
ENSG00000176407	chr2:86848604-86849049	297	77115	TRUE	0.432	-0.17218915813521996	FALSE	352	57	2.369355292352886
ENSG00000034510	chr2:86848604-86849049	352	92936	TRUE	0.504	-0.21548255256932336	FALSE	352	57	170.84366178109732
ENSG00000118640	chr2:86848604-86849049	332	88038	TRUE	4.939629990670276e-4	-0.5027513267429278	TRUE	352	58	5.816952613102493
ENSG00000132305	chr2:86848604-86849049	346	91501	TRUE	0.0023010495441508905	-0.38217216747605454	TRUE	352	58	8.097857224704939
ENSG00000176407	chr2:86848604-86849049	297	77115	TRUE	0.01112100854868961	-0.3155261800161473	TRUE	352	58	2.369355292352886
ENSG00000168890	chr2:86848604-86849049	135	31522	TRUE	0.024	-0.5507556771479305	TRUE	352	58	0.49999479150390114
ENSG00000168883	chr2:86848604-86849049	302	76502	TRUE	0.028	-0.36886303716279545	TRUE	352	58	2.581966103107389
ENSG00000168906	chr2:86848604-86849049	193	46858	TRUE	0.032	-0.43335674769804566	TRUE	352	58	0.858881006698126
ENSG00000132300	chr2:86848604-86849049	225	56754	TRUE	0.036	-0.4438294141536501	TRUE	352	58	1.1979749367167725
ENSG00000042493	chr2:86848604-86849049	325	85410	TRUE	0.056	-0.2760678390998521	TRUE	352	58	5.204027209183621
ENSG00000168894	chr2:86848604-86849049	352	92801	TRUE	0.168	-0.15588835844784743	FALSE	352	58	17.19611029511339
ENSG00000132313	chr2:86848604-86849049	337	87512	TRUE	0.264	-0.24300962531105208	FALSE	352	58	5.006729376959696
ENSG00000034510	chr2:86848604-86849049	352	92936	TRUE	0.872	-0.1741431975177239	FALSE	352	58	170.84366178109732
ENSG00000034510	chr2:86848604-86849049	352	92936	TRUE	1.014149025270819e-5	-0.5180070823727325	TRUE	352	59	170.84366178109732
ENSG00000132305	chr2:86848604-86849049	346	91501	TRUE	2.913844853642024e-4	-0.4258097211656464	TRUE	352	59	8.097857224704939
ENSG00000042493	chr2:86848604-86849049	325	85410	TRUE	4.488715235074006e-4	-0.3929566592678766	TRUE	352	59	5.204027209183621
ENSG00000168883	chr2:86848604-86849049	302	76502	TRUE	6.4983616775122e-4	-0.5003756048200612	TRUE	352	59	2.581966103107389
ENSG00000132313	chr2:86848604-86849049	337	87512	TRUE	9.227833263179205e-4	-0.4383173217407994	TRUE	352	59	5.006729376959696
ENSG00000176407	chr2:86848604-86849049	297	77115	TRUE	0.0015514240849897054	-0.368737986202474	TRUE	352	59	2.369355292352886
ENSG00000118640	chr2:86848604-86849049	332	88038	TRUE	0.016547063832895142	-0.394279537484739	TRUE	352	59	5.816952613102493
ENSG00000168890	chr2:86848604-86849049	135	31522	TRUE	0.092	-0.46586677956141753	FALSE	352	59	0.49999479150390114
ENSG00000168894	chr2:86848604-86849049	352	92801	TRUE	0.32	-0.12130028666422543	FALSE	352	59	17.19611029511339
ENSG00000132300	chr2:86848604-86849049	225	56754	TRUE	0.5	-0.28155798525477316	FALSE	352	59	1.1979749367167725
ENSG00000168906	chr2:86848604-86849049	193	46858	TRUE	0.936	-0.20764396806998653	FALSE	352	59	0.858881006698126
ENSG00000168894	chr2:86848604-86849049	352	92801	TRUE	1.5701124621514623e-11	-0.5402212204302979	TRUE	352	60	17.19611029511339
ENSG00000132305	chr2:86848604-86849049	346	91501	TRUE	1.5485784068847044e-9	-0.6099223245127159	TRUE	352	60	8.097857224704939
ENSG00000176407	chr2:86848604-86849049	297	77115	TRUE	5.081993254936809e-8	-0.5914779192931949	TRUE	352	60	2.369355292352886
ENSG00000118640	chr2:86848604-86849049	332	88038	TRUE	2.286795533492812e-6	-0.5994993081977578	TRUE	352	60	5.816952613102493
ENSG00000132300	chr2:86848604-86849049	225	56754	TRUE	1.0060278449291506e-5	-0.656237746917476	TRUE	352	60	1.1979749367167725
ENSG00000168906	chr2:86848604-86849049	193	46858	TRUE	1.4389146097483138e-5	-0.7293415753331263	TRUE	352	60	0.858881006698126
ENSG00000042493	chr2:86848604-86849049	325	85410	TRUE	1.0448663505070906e-4	-0.46426427015963734	TRUE	352	60	5.204027209183621
ENSG00000132313	chr2:86848604-86849049	337	87512	TRUE	0.003991763849246738	-0.39925550721620073	TRUE	352	60	5.006729376959696
ENSG00000034510	chr2:86848604-86849049	352	92936	TRUE	0.005861078621846566	-0.4189263348120642	TRUE	352	60	170.84366178109732
ENSG00000168883	chr2:86848604-86849049	302	76502	TRUE	0.064	-0.3726200576216885	TRUE	352	60	2.581966103107389
ENSG00000168890	chr2:86848604-86849049	135	31522	TRUE	0.472	-0.30974757764413563	FALSE	352	60	0.49999479150390114
ENSG00000132300	chr2:86848604-86849049	225	56754	TRUE	1.1310519623409891e-5	-0.656237746917476	TRUE	352	61	1.1979749367167725
ENSG00000132305	chr2:86848604-86849049	346	91501	TRUE	1.610743028297376e-5	-0.4701648408608987	TRUE	352	61	8.097857224704939
ENSG00000034510	chr2:86848604-86849049	352	92936	TRUE	0.0037855417484113085	-0.3558901935725505	TRUE	352	61	170.84366178109732
ENSG00000168883	chr2:86848604-86849049	302	76502	TRUE	0.0038144652324224246	-0.4498912712050276	TRUE	352	61	2.581966103107389
ENSG00000168906	chr2:86848604-86849049	193	46858	TRUE	0.008334327090468496	-0.49880980918666173	TRUE	352	61	0.858881006698126
ENSG00000176407	chr2:86848604-86849049	297	77115	TRUE	0.024	-0.2935912095122617	TRUE	352	61	2.369355292352886
ENSG00000118640	chr2:86848604-86849049	332	88038	TRUE	0.028	-0.3675621991089595	TRUE	352	61	5.816952613102493
ENSG00000168894	chr2:86848604-86849049	352	92801	TRUE	0.044	-0.19081728053274105	TRUE	352	61	17.19611029511339
ENSG00000132313	chr2:86848604-86849049	337	87512	TRUE	0.064	-0.3092373725758697	TRUE	352	61	5.006729376959696
ENSG00000168890	chr2:86848604-86849049	135	31522	TRUE	0.096	-0.4352784597279944	FALSE	352	61	0.49999479150390114
ENSG00000042493	chr2:86848604-86849049	325	85410	TRUE	0.224	-0.18708568200557396	FALSE	352	61	5.204027209183621
ENSG00000176407	chr2:86848604-86849049	297	77115	TRUE	1.9347079781129733e-4	-0.40890351922888146	TRUE	352	62	2.369355292352886
ENSG00000168894	chr2:86848604-86849049	352	92801	TRUE	2.2479812182968264e-4	-0.3095199162258262	TRUE	352	62	17.19611029511339
ENSG00000132305	chr2:86848604-86849049	346	91501	TRUE	0.0017841458247155884	-0.3839895454710196	TRUE	352	62	8.097857224704939
ENSG00000042493	chr2:86848604-86849049	325	85410	TRUE	0.0053146485881179345	-0.3370422672152902	TRUE	352	62	5.204027209183621
ENSG00000034510	chr2:86848604-86849049	352	92936	TRUE	0.006213401659386636	-0.3922849436013758	TRUE	352	62	170.84366178109732
ENSG00000168906	chr2:86848604-86849049	193	46858	TRUE	0.01766031569015869	-0.45091511908235027	TRUE	352	62	0.858881006698126
ENSG00000168883	chr2:86848604-86849049	302	76502	TRUE	0.068	-0.3839501816210764	FALSE	352	62	2.581966103107389
ENSG00000132313	chr2:86848604-86849049	337	87512	TRUE	0.08	-0.3064549319045433	FALSE	352	62	5.006729376959696
ENSG00000132300	chr2:86848604-86849049	225	56754	TRUE	0.4	-0.2892523770447738	FALSE	352	62	1.1979749367167725
ENSG00000168890	chr2:86848604-86849049	135	31522	TRUE	0.832	-0.18575886036868194	FALSE	352	62	0.49999479150390114
ENSG00000118640	chr2:86848604-86849049	332	88038	TRUE	0.904	-0.23186467814970557	FALSE	352	62	5.816952613102493
ENSG00000118640	chr2:86848604-86849049	332	88038	TRUE	1.040351386154964e-5	-0.5395567677414759	TRUE	352	63	5.816952613102493
ENSG00000034510	chr2:86848604-86849049	352	92936	TRUE	6.053712159242858e-4	-0.38885971959001875	TRUE	352	63	170.84366178109732
ENSG00000168894	chr2:86848604-86849049	352	92801	TRUE	8.004003410059038e-4	-0.23970933947545836	TRUE	352	63	17.19611029511339
ENSG00000132305	chr2:86848604-86849049	346	91501	TRUE	0.005267540535511012	-0.34984486794298464	TRUE	352	63	8.097857224704939
ENSG00000042493	chr2:86848604-86849049	325	85410	TRUE	0.00725101008612776	-0.3121596535421811	TRUE	352	63	5.204027209183621
ENSG00000168906	chr2:86848604-86849049	193	46858	TRUE	0.024	-0.43335674769804566	TRUE	352	63	0.858881006698126
ENSG00000132313	chr2:86848604-86849049	337	87512	TRUE	0.06	-0.32323064465536966	TRUE	352	63	5.006729376959696
ENSG00000168883	chr2:86848604-86849049	302	76502	TRUE	0.072	-0.3409929810094139	TRUE	352	63	2.581966103107389
ENSG00000176407	chr2:86848604-86849049	297	77115	TRUE	0.084	-0.2297190263458766	FALSE	352	63	2.369355292352886
ENSG00000168890	chr2:86848604-86849049	135	31522	TRUE	0.124	-0.4053252376263665	FALSE	352	63	0.49999479150390114
ENSG00000132300	chr2:86848604-86849049	225	56754	TRUE	0.32	-0.3008714603116072	FALSE	352	63	1.1979749367167725
ENSG00000132305	chr2:86848604-86849049	346	91501	TRUE	8.175489557004116e-7	-0.5119471649494187	TRUE	352	64	8.097857224704939
ENSG00000168883	chr2:86848604-86849049	302	76502	TRUE	6.288235261179588e-6	-0.6025559996265395	TRUE	352	64	2.581966103107389
ENSG00000118640	chr2:86848604-86849049	332	88038	TRUE	3.980595852735823e-4	-0.48469483270695735	TRUE	352	64	5.816952613102493
ENSG00000132300	chr2:86848604-86849049	225	56754	TRUE	5.56067254349181e-4	-0.555376066801808	TRUE	352	64	1.1979749367167725
ENSG00000042493	chr2:86848604-86849049	325	85410	TRUE	6.993865345800016e-4	-0.3709010712313261	TRUE	352	64	5.204027209183621
ENSG00000168906	chr2:86848604-86849049	193	46858	TRUE	0.0018480188298201708	-0.561004570794006	TRUE	352	64	0.858881006698126
ENSG00000176407	chr2:86848604-86849049	297	77115	TRUE	0.00348098106754563	-0.35421756846376207	TRUE	352	64	2.369355292352886
ENSG00000132313	chr2:86848604-86849049	337	87512	TRUE	0.088	-0.30460294828579526	FALSE	352	64	5.006729376959696
ENSG00000034510	chr2:86848604-86849049	352	92936	TRUE	0.196	-0.2747321366967954	FALSE	352	64	170.84366178109732
ENSG00000168894	chr2:86848604-86849049	352	92801	TRUE	0.468	-0.13224920114954752	FALSE	352	64	17.19611029511339
ENSG00000168890	chr2:86848604-86849049	135	31522	TRUE	0.752	-0.2732217016190215	FALSE	352	64	0.49999479150390114
ENSG00000168883	chr2:86848604-86849049	302	76502	TRUE	9.436692851317046e-8	-0.6772533669041406	TRUE	352	65	2.581966103107389
ENSG00000118640	chr2:86848604-86849049	332	88038	TRUE	4.88662489429555e-6	-0.5583176958501372	TRUE	352	65	5.816952613102493
ENSG00000168894	chr2:86848604-86849049	352	92801	TRUE	2.2428473106681987e-5	-0.3458758534980628	TRUE	352	65	17.19611029511339
ENSG00000176407	chr2:86848604-86849049	297	77115	TRUE	2.5547532841174725e-5	-0.42832678249227374	TRUE	352	65	2.369355292352886
ENSG00000132313	chr2:86848604-86849049	337	87512	TRUE	9.733179835682247e-5	-0.47637993334685547	TRUE	352	65	5.006729376959696
ENSG00000132305	chr2:86848604-86849049	346	91501	TRUE	9.198973597646931e-4	-0.4072100431651102	TRUE	352	65	8.097857224704939
ENSG00000042493	chr2:86848604-86849049	325	85410	TRUE	0.0014079769379916687	-0.363307921909096	TRUE	352	65	5.204027209183621
ENSG00000132300	chr2:86848604-86849049	225	56754	TRUE	0.0035923798186655864	-0.4962968340477858	TRUE	352	65	1.1979749367167725
ENSG00000168906	chr2:86848604-86849049	193	46858	TRUE	0.024	-0.4391858265002434	TRUE	352	65	0.858881006698126
ENSG00000168890	chr2:86848604-86849049	135	31522	TRUE	0.404	-0.3283632558114824	FALSE	352	65	0.49999479150390114
ENSG00000034510	chr2:86848604-86849049	352	92936	TRUE	0.464	-0.19442610970906227	FALSE	352	65	170.84366178109732
ENSG00000132305	chr2:86848604-86849049	346	91501	TRUE	1.1084185751576248e-6	-0.5205840940522384	TRUE	352	66	8.097857224704939
ENSG00000168894	chr2:86848604-86849049	352	92801	TRUE	6.526689712632898e-6	-0.34191628806953345	TRUE	352	66	17.19611029511339
ENSG00000176407	chr2:86848604-86849049	297	77115	TRUE	3.447688578226988e-5	-0.4458142092211149	TRUE	352	66	2.369355292352886
ENSG00000034510	chr2:86848604-86849049	352	92936	TRUE	1.2623271184257837e-4	-0.4440662410909084	TRUE	352	66	170.84366178109732
ENSG00000132300	chr2:86848604-86849049	225	56754	TRUE	0.0021971424068925605	-0.5052299588177935	TRUE	352	66	1.1979749367167725
ENSG00000132313	chr2:86848604-86849049	337	87512	TRUE	0.012559929285014232	-0.38255405021879074	TRUE	352	66	5.006729376959696
ENSG00000168883	chr2:86848604-86849049	302	76502	TRUE	0.024	-0.42822581906422585	TRUE	352	66	2.581966103107389
ENSG00000042493	chr2:86848604-86849049	325	85410	TRUE	0.028	-0.2654140426905336	TRUE	352	66	5.204027209183621
ENSG00000118640	chr2:86848604-86849049	332	88038	TRUE	0.032	-0.383365877332992	TRUE	352	66	5.816952613102493
ENSG00000168890	chr2:86848604-86849049	135	31522	TRUE	0.152	-0.4252247950640713	FALSE	352	66	0.49999479150390114
ENSG00000168906	chr2:86848604-86849049	193	46858	TRUE	0.924	-0.16838453762275946	FALSE	352	66	0.858881006698126
ENSG00000176407	chr2:86848604-86849049	297	77115	TRUE	3.578901064326084e-10	-0.6409748850822936	TRUE	352	67	2.369355292352886
ENSG00000168894	chr2:86848604-86849049	352	92801	TRUE	1.3947824379639145e-9	-0.45466584837510027	TRUE	352	67	17.19611029511339
ENSG00000132305	chr2:86848604-86849049	346	91501	TRUE	1.7739118760495484e-8	-0.5468095221352209	TRUE	352	67	8.097857224704939
ENSG00000132313	chr2:86848604-86849049	337	87512	TRUE	3.786056221051232e-5	-0.499497172971509	TRUE	352	67	5.006729376959696
ENSG00000168883	chr2:86848604-86849049	302	76502	TRUE	1.604520819549586e-4	-0.5420748961004495	TRUE	352	67	2.581966103107389
ENSG00000132300	chr2:86848604-86849049	225	56754	TRUE	2.6178958829566404e-4	-0.588219323488825	TRUE	352	67	1.1979749367167725
ENSG00000168906	chr2:86848604-86849049	193	46858	TRUE	6.225170857171829e-4	-0.6326655559214523	TRUE	352	67	0.858881006698126
ENSG00000042493	chr2:86848604-86849049	325	85410	TRUE	9.61690069372606e-4	-0.3862083240191745	TRUE	352	67	5.204027209183621
ENSG00000034510	chr2:86848604-86849049	352	92936	TRUE	0.007665836739097348	-0.33192460858167294	TRUE	352	67	170.84366178109732
ENSG00000118640	chr2:86848604-86849049	332	88038	TRUE	0.04	-0.36921761528702124	TRUE	352	67	5.816952613102493
ENSG00000168890	chr2:86848604-86849049	135	31522	TRUE	0.676	-0.2732217016190215	FALSE	352	67	0.49999479150390114
ENSG00000168894	chr2:86848604-86849049	352	92801	TRUE	3.9562582115729465e-6	-0.3756349975476345	TRUE	352	68	17.19611029511339
ENSG00000176407	chr2:86848604-86849049	297	77115	TRUE	4.4347202688166734e-5	-0.4480151174143858	TRUE	352	68	2.369355292352886
ENSG00000132313	chr2:86848604-86849049	337	87512	TRUE	1.1702300247620236e-4	-0.48160141946959967	TRUE	352	68	5.006729376959696
ENSG00000132305	chr2:86848604-86849049	346	91501	TRUE	4.909128319240709e-4	-0.4158600607580416	TRUE	352	68	8.097857224704939
ENSG00000168883	chr2:86848604-86849049	302	76502	TRUE	0.0022968695274883585	-0.48199707550520654	TRUE	352	68	2.581966103107389
ENSG00000034510	chr2:86848604-86849049	352	92936	TRUE	0.00606910712531511	-0.37900371958461676	TRUE	352	68	170.84366178109732
ENSG00000132300	chr2:86848604-86849049	225	56754	TRUE	0.006419386512081668	-0.48300001143432797	TRUE	352	68	1.1979749367167725
ENSG00000118640	chr2:86848604-86849049	332	88038	TRUE	0.007063075087516829	-0.46067160350044123	TRUE	352	68	5.816952613102493
ENSG00000168890	chr2:86848604-86849049	135	31522	TRUE	0.03298803274984466	-0.5290606060486114	TRUE	352	68	0.49999479150390114
ENSG00000042493	chr2:86848604-86849049	325	85410	TRUE	0.056	-0.2796366598211306	TRUE	352	68	5.204027209183621
ENSG00000168906	chr2:86848604-86849049	193	46858	TRUE	0.152	-0.34863406879261855	FALSE	352	68	0.858881006698126
ENSG00000132305	chr2:86848604-86849049	346	91501	TRUE	4.282769803426716e-6	-0.49286448938671157	TRUE	352	69	8.097857224704939
ENSG00000132300	chr2:86848604-86849049	225	56754	TRUE	1.5997906016265934e-5	-0.6863997174277285	TRUE	352	69	1.1979749367167725
ENSG00000168890	chr2:86848604-86849049	135	31522	TRUE	1.6493077588753888e-4	-0.8402622943429152	TRUE	352	69	0.49999479150390114
ENSG00000132313	chr2:86848604-86849049	337	87512	TRUE	4.629014466645681e-4	-0.4526015477470473	TRUE	352	69	5.006729376959696
ENSG00000118640	chr2:86848604-86849049	332	88038	TRUE	4.711938518286024e-4	-0.4829015508839065	TRUE	352	69	5.816952613102493
ENSG00000034510	chr2:86848604-86849049	352	92936	TRUE	0.0020070688869635867	-0.3924578595074024	TRUE	352	69	170.84366178109732
ENSG00000168906	chr2:86848604-86849049	193	46858	TRUE	0.0022417407162393585	-0.5673740956697332	TRUE	352	69	0.858881006698126
ENSG00000176407	chr2:86848604-86849049	297	77115	TRUE	0.0025444813397724753	-0.35421756846376207	TRUE	352	69	2.369355292352886
ENSG00000168883	chr2:86848604-86849049	302	76502	TRUE	0.004776992024460795	-0.457850988173504	TRUE	352	69	2.581966103107389
ENSG00000168894	chr2:86848604-86849049	352	92801	TRUE	0.084	-0.17765114104558943	TRUE	352	69	17.19611029511339
ENSG00000042493	chr2:86848604-86849049	325	85410	TRUE	0.188	-0.22700972916992068	FALSE	352	69	5.204027209183621
ENSG00000132305	chr2:86848604-86849049	346	91501	TRUE	2.346892149141205e-6	-0.49941624924304895	TRUE	352	70	8.097857224704939
ENSG00000168883	chr2:86848604-86849049	302	76502	TRUE	1.164886863442953e-5	-0.6003517286998092	TRUE	352	70	2.581966103107389
ENSG00000132313	chr2:86848604-86849049	337	87512	TRUE	1.2544219201201482e-5	-0.5435934097367523	TRUE	352	70	5.006729376959696
ENSG00000132300	chr2:86848604-86849049	225	56754	TRUE	4.2617173246347825e-5	-0.6463222780523932	TRUE	352	70	1.1979749367167725
ENSG00000176407	chr2:86848604-86849049	297	77115	TRUE	1.1418068386842041e-4	-0.4305011537266108	TRUE	352	70	2.369355292352886
ENSG00000168894	chr2:86848604-86849049	352	92801	TRUE	2.735422518893964e-4	-0.3026322155614798	TRUE	352	70	17.19611029511339
ENSG00000042493	chr2:86848604-86849049	325	85410	TRUE	3.271795770069391e-4	-0.3987661773499993	TRUE	352	70	5.204027209183621
ENSG00000118640	chr2:86848604-86849049	332	88038	TRUE	8.732724980442148e-4	-0.47842807430459855	TRUE	352	70	5.816952613102493
ENSG00000168906	chr2:86848604-86849049	193	46858	TRUE	0.006010968705984471	-0.5358040166688635	TRUE	352	70	0.858881006698126
ENSG00000168890	chr2:86848604-86849049	135	31522	TRUE	0.023697979854422332	-0.5617267949689337	TRUE	352	70	0.49999479150390114
ENSG00000034510	chr2:86848604-86849049	352	92936	TRUE	0.072	-0.2764597403272644	TRUE	352	70	170.84366178109732
ENSG00000132305	chr2:86848604-86849049	346	91501	TRUE	2.2238608155390575e-7	-0.5225845959316753	TRUE	352	71	8.097857224704939
ENSG00000168894	chr2:86848604-86849049	352	92801	TRUE	1.2850614756625828e-5	-0.3390946657328109	TRUE	352	71	17.19611029511339
ENSG00000118640	chr2:86848604-86849049	332	88038	TRUE	1.4569309695075874e-5	-0.5489067359240596	TRUE	352	71	5.816952613102493
ENSG00000042493	chr2:86848604-86849049	325	85410	TRUE	1.9385333512563982e-4	-0.42322751344998055	TRUE	352	71	5.204027209183621
ENSG00000034510	chr2:86848604-86849049	352	92936	TRUE	2.0887562101394586e-4	-0.4072028656421196	TRUE	352	71	170.84366178109732
ENSG00000168883	chr2:86848604-86849049	302	76502	TRUE	0.0025559384325421347	-0.4518770871288713	TRUE	352	71	2.581966103107389
ENSG00000168890	chr2:86848604-86849049	135	31522	TRUE	0.084	-0.46586677956141753	FALSE	352	71	0.49999479150390114
ENSG00000132300	chr2:86848604-86849049	225	56754	TRUE	0.144	-0.3442937406027358	FALSE	352	71	1.1979749367167725
ENSG00000132313	chr2:86848604-86849049	337	87512	TRUE	0.204	-0.25637213245561297	FALSE	352	71	5.006729376959696
ENSG00000176407	chr2:86848604-86849049	297	77115	TRUE	0.208	-0.20531371367759865	FALSE	352	71	2.369355292352886
ENSG00000168906	chr2:86848604-86849049	193	46858	TRUE	0.276	-0.33227062258373125	FALSE	352	71	0.858881006698126
ENSG00000176407	chr2:86848604-86849049	297	77115	TRUE	1.44888397795044e-10	-0.6638148614404049	TRUE	352	72	2.369355292352886
ENSG00000168894	chr2:86848604-86849049	352	92801	TRUE	1.7451421337697295e-5	-0.3390946657328109	TRUE	352	72	17.19611029511339
ENSG00000118640	chr2:86848604-86849049	332	88038	TRUE	4.3146850042752316e-5	-0.5404890424368505	TRUE	352	72	5.816952613102493
ENSG00000132313	chr2:86848604-86849049	337	87512	TRUE	6.269957168391271e-5	-0.4826479882792887	TRUE	352	72	5.006729376959696
ENSG00000168890	chr2:86848604-86849049	135	31522	TRUE	0.003995678453468293	-0.652635291167144	TRUE	352	72	0.49999479150390114
ENSG00000042493	chr2:86848604-86849049	325	85410	TRUE	0.0079242035045122	-0.31581899612777686	TRUE	352	72	5.204027209183621
ENSG00000034510	chr2:86848604-86849049	352	92936	TRUE	0.008571019231905036	-0.3844964378564013	TRUE	352	72	170.84366178109732
ENSG00000168906	chr2:86848604-86849049	193	46858	TRUE	0.013145382959267454	-0.48668625010417244	TRUE	352	72	0.858881006698126
ENSG00000132300	chr2:86848604-86849049	225	56754	TRUE	0.028	-0.42251890790823804	TRUE	352	72	1.1979749367167725
ENSG00000132305	chr2:86848604-86849049	346	91501	TRUE	0.056	-0.2952436115556414	TRUE	352	72	8.097857224704939
ENSG00000168883	chr2:86848604-86849049	302	76502	TRUE	0.06	-0.3763868875446077	TRUE	352	72	2.581966103107389
ENSG00000132300	chr2:86848604-86849049	225	56754	TRUE	5.81733730128875e-4	-0.5740519915622311	TRUE	352	73	1.1979749367167725
ENSG00000168883	chr2:86848604-86849049	302	76502	TRUE	0.0019547283629864944	-0.4739033934588701	TRUE	352	73	2.581966103107389
ENSG00000132305	chr2:86848604-86849049	346	91501	TRUE	0.004412578164123743	-0.368914225008921	TRUE	352	73	8.097857224704939
ENSG00000168906	chr2:86848604-86849049	193	46858	TRUE	0.014044896154401326	-0.48668625010417244	TRUE	352	73	0.858881006698126
ENSG00000168890	chr2:86848604-86849049	135	31522	TRUE	0.01575808426546127	-0.5507556771479305	TRUE	352	73	0.49999479150390114
ENSG00000176407	chr2:86848604-86849049	297	77115	TRUE	0.024	-0.2935912095122617	TRUE	352	73	2.369355292352886
ENSG00000132313	chr2:86848604-86849049	337	87512	TRUE	0.02662740115046236	-0.35737886706721556	TRUE	352	73	5.006729376959696
ENSG00000118640	chr2:86848604-86849049	332	88038	TRUE	0.028765218584900915	-0.3951224793964725	TRUE	352	73	5.816952613102493
ENSG00000034510	chr2:86848604-86849049	352	92936	TRUE	0.036	-0.2710711455144299	TRUE	352	73	170.84366178109732
ENSG00000168894	chr2:86848604-86849049	352	92801	TRUE	0.1	-0.1708619753829499	FALSE	352	73	17.19611029511339
ENSG00000042493	chr2:86848604-86849049	325	85410	TRUE	0.64	-0.10723237431635901	FALSE	352	73	5.204027209183621
ENSG00000118640	chr2:86848604-86849049	332	88038	TRUE	1.1952367760757147e-5	-0.5687411536388525	TRUE	352	74	5.816952613102493
ENSG00000132305	chr2:86848604-86849049	346	91501	TRUE	1.9832644145504306e-5	-0.4503534348484779	TRUE	352	74	8.097857224704939
ENSG00000042493	chr2:86848604-86849049	325	85410	TRUE	2.803506648805902e-5	-0.4451020130727432	TRUE	352	74	5.204027209183621
ENSG00000176407	chr2:86848604-86849049	297	77115	TRUE	6.176614898616411e-5	-0.4480151174143858	TRUE	352	74	2.369355292352886
ENSG00000132313	chr2:86848604-86849049	337	87512	TRUE	2.649341258781669e-4	-0.46185951560814353	TRUE	352	74	5.006729376959696
ENSG00000168894	chr2:86848604-86849049	352	92801	TRUE	0.0028236771695692303	-0.2550516755530534	TRUE	352	74	17.19611029511339
ENSG00000132300	chr2:86848604-86849049	225	56754	TRUE	0.010038340186654796	-0.46545943012519286	TRUE	352	74	1.1979749367167725
ENSG00000168906	chr2:86848604-86849049	193	46858	TRUE	0.010733679447080716	-0.5049100087230798	TRUE	352	74	0.858881006698126
ENSG00000168883	chr2:86848604-86849049	302	76502	TRUE	0.032	-0.4107383923353849	TRUE	352	74	2.581966103107389
ENSG00000034510	chr2:86848604-86849049	352	92936	TRUE	0.1	-0.2958167993792191	FALSE	352	74	170.84366178109732
ENSG00000168890	chr2:86848604-86849049	135	31522	TRUE	0.692	-0.2822668412220284	FALSE	352	74	0.49999479150390114
ENSG00000132313	chr2:86848604-86849049	337	87512	TRUE	7.213847140558928e-6	-0.5208392047833965	TRUE	352	75	5.006729376959696
ENSG00000176407	chr2:86848604-86849049	297	77115	TRUE	3.2703318869125794e-5	-0.4568524806735631	TRUE	352	75	2.369355292352886
ENSG00000168883	chr2:86848604-86849049	302	76502	TRUE	0.0028325624953689787	-0.457850988173504	TRUE	352	75	2.581966103107389
ENSG00000168890	chr2:86848604-86849049	135	31522	TRUE	0.002866091840787205	-0.6762865592317893	TRUE	352	75	0.49999479150390114
ENSG00000132300	chr2:86848604-86849049	225	56754	TRUE	0.003983311016944421	-0.5097173498101073	TRUE	352	75	1.1979749367167725
ENSG00000042493	chr2:86848604-86849049	325	85410	TRUE	0.005661871334041016	-0.29039639924786975	TRUE	352	75	5.204027209183621
ENSG00000168906	chr2:86848604-86849049	193	46858	TRUE	0.0091416304055012	-0.5110361115199212	TRUE	352	75	0.858881006698126
ENSG00000034510	chr2:86848604-86849049	352	92936	TRUE	0.00989383491863946	-0.3717692950045848	TRUE	352	75	170.84366178109732
ENSG00000118640	chr2:86848604-86849049	332	88038	TRUE	0.023984605029813894	-0.3850395376609379	TRUE	352	75	5.816952613102493
ENSG00000132305	chr2:86848604-86849049	346	91501	TRUE	0.024	-0.3240293837738948	TRUE	352	75	8.097857224704939
ENSG00000168894	chr2:86848604-86849049	352	92801	TRUE	0.884	-0.07996496899496197	FALSE	352	75	17.19611029511339
ENSG00000176407	chr2:86848604-86849049	297	77115	TRUE	3.1800567375395595e-6	-0.5041581954519198	TRUE	352	76	2.369355292352886
ENSG00000168906	chr2:86848604-86849049	193	46858	TRUE	1.7865899249491e-5	-0.7293415753331263	TRUE	352	76	0.858881006698126
ENSG00000132313	chr2:86848604-86849049	337	87512	TRUE	5.084577458976045e-4	-0.42015728424328236	TRUE	352	76	5.006729376959696
ENSG00000118640	chr2:86848604-86849049	332	88038	TRUE	0.0128815106068908	-0.4129389927163394	TRUE	352	76	5.816952613102493
ENSG00000034510	chr2:86848604-86849049	352	92936	TRUE	0.013886727512063657	-0.35134520806177516	TRUE	352	76	170.84366178109732
ENSG00000132305	chr2:86848604-86849049	346	91501	TRUE	0.014049175519628483	-0.3374662032936637	TRUE	352	76	8.097857224704939
ENSG00000042493	chr2:86848604-86849049	325	85410	TRUE	0.056	-0.24085693844655465	TRUE	352	76	5.204027209183621
ENSG00000168894	chr2:86848604-86849049	352	92801	TRUE	0.06	-0.16510370553627585	TRUE	352	76	17.19611029511339
ENSG00000168883	chr2:86848604-86849049	302	76502	TRUE	0.084	-0.35393203671691187	TRUE	352	76	2.581966103107389
ENSG00000168890	chr2:86848604-86849049	135	31522	TRUE	0.088	-0.4454026770017019	TRUE	352	76	0.49999479150390114
ENSG00000132300	chr2:86848604-86849049	225	56754	TRUE	0.176	-0.31258488087539765	FALSE	352	76	1.1979749367167725
ENSG00000132313	chr2:86848604-86849049	337	87512	TRUE	3.0627859714873334e-4	-0.44544175617418125	TRUE	352	77	5.006729376959696
ENSG00000034510	chr2:86848604-86849049	352	92936	TRUE	5.211898361658709e-4	-0.3979442769470509	TRUE	352	77	170.84366178109732
ENSG00000118640	chr2:86848604-86849049	332	88038	TRUE	0.0107758124688324	-0.41123267076593617	TRUE	352	77	5.816952613102493
ENSG00000168894	chr2:86848604-86849049	352	92801	TRUE	0.01213921721816838	-0.2258308701355327	TRUE	352	77	17.19611029511339
ENSG00000168890	chr2:86848604-86849049	135	31522	TRUE	0.016641880037311846	-0.5839225410831299	TRUE	352	77	0.49999479150390114
ENSG00000176407	chr2:86848604-86849049	297	77115	TRUE	0.02796224338653286	-0.27980425778218576	TRUE	352	77	2.369355292352886
ENSG00000168883	chr2:86848604-86849049	302	76502	TRUE	0.048	-0.36698818954235835	TRUE	352	77	2.581966103107389
ENSG00000132305	chr2:86848604-86849049	346	91501	TRUE	0.056	-0.3112928279779936	TRUE	352	77	8.097857224704939
ENSG00000132300	chr2:86848604-86849049	225	56754	TRUE	0.072	-0.37671521829511323	TRUE	352	77	1.1979749367167725
ENSG00000042493	chr2:86848604-86849049	325	85410	TRUE	0.168	-0.2081842598597543	FALSE	352	77	5.204027209183621
ENSG00000168906	chr2:86848604-86849049	193	46858	TRUE	0.332	-0.3160906955282969	FALSE	352	77	0.858881006698126
ENSG00000168883	chr2:86848604-86849049	302	76502	TRUE	2.431793645838072e-6	-0.6315222785058809	TRUE	352	78	2.581966103107389
ENSG00000132305	chr2:86848604-86849049	346	91501	TRUE	2.7728975706512934e-4	-0.42768294589221023	TRUE	352	78	8.097857224704939
ENSG00000176407	chr2:86848604-86849049	297	77115	TRUE	0.003669550617525816	-0.3500955798285754	TRUE	352	78	2.369355292352886
ENSG00000168894	chr2:86848604-86849049	352	92801	TRUE	0.003782102647519714	-0.2601133012375625	TRUE	352	78	17.19611029511339
ENSG00000168906	chr2:86848604-86849049	193	46858	TRUE	0.007519693849059969	-0.5233669134306406	TRUE	352	78	0.858881006698126
ENSG00000132313	chr2:86848604-86849049	337	87512	TRUE	0.028	-0.3430520855681136	TRUE	352	78	5.006729376959696
ENSG00000132300	chr2:86848604-86849049	225	56754	TRUE	0.036	-0.42251890790823804	TRUE	352	78	1.1979749367167725
ENSG00000118640	chr2:86848604-86849049	332	88038	TRUE	0.048	-0.39259512977338584	TRUE	352	78	5.816952613102493
ENSG00000168890	chr2:86848604-86849049	135	31522	TRUE	0.076	-0.5290606060486114	TRUE	352	78	0.49999479150390114
ENSG00000042493	chr2:86848604-86849049	325	85410	TRUE	0.228	-0.20309238972387567	FALSE	352	78	5.204027209183621
ENSG00000034510	chr2:86848604-86849049	352	92936	TRUE	0.908	-0.1487763154398527	FALSE	352	78	170.84366178109732
ENSG00000118640	chr2:86848604-86849049	332	88038	TRUE	1.000741333485617e-5	-0.5725502516691487	TRUE	352	79	5.816952613102493
ENSG00000168890	chr2:86848604-86849049	135	31522	TRUE	2.948910017292958e-4	-0.774970834091196	TRUE	352	79	0.49999479150390114
ENSG00000042493	chr2:86848604-86849049	325	85410	TRUE	2.968240116346388e-4	-0.41339315334540494	TRUE	352	79	5.204027209183621
ENSG00000168894	chr2:86848604-86849049	352	92801	TRUE	3.06494196902176e-4	-0.28841027249948414	TRUE	352	79	17.19611029511339
ENSG00000132305	chr2:86848604-86849049	346	91501	TRUE	3.1913108405076836e-4	-0.413383330465829	TRUE	352	79	8.097857224704939
ENSG00000168906	chr2:86848604-86849049	193	46858	TRUE	0.0015396674873065647	-0.5866531581646162	TRUE	352	79	0.858881006698126
ENSG00000168883	chr2:86848604-86849049	302	76502	TRUE	0.002460608655439532	-0.4840276107325776	TRUE	352	79	2.581966103107389
ENSG00000132313	chr2:86848604-86849049	337	87512	TRUE	0.002974749412764044	-0.40718242298782936	TRUE	352	79	5.006729376959696
ENSG00000132300	chr2:86848604-86849049	225	56754	TRUE	0.0044102653925408575	-0.48300001143432797	TRUE	352	79	1.1979749367167725
ENSG00000176407	chr2:86848604-86849049	297	77115	TRUE	0.015089812749266615	-0.3175369051372936	TRUE	352	79	2.369355292352886
ENSG00000034510	chr2:86848604-86849049	352	92936	TRUE	0.017333097761474486	-0.34349542141185374	TRUE	352	79	170.84366178109732
ENSG00000132305	chr2:86848604-86849049	346	91501	TRUE	2.0217987339973993e-7	-0.5407150491584729	TRUE	352	80	8.097857224704939
ENSG00000132313	chr2:86848604-86849049	337	87512	TRUE	3.880076980815328e-6	-0.5359687296366551	TRUE	352	80	5.006729376959696
ENSG00000168894	chr2:86848604-86849049	352	92801	TRUE	1.2313269845932832e-5	-0.34219875405984146	TRUE	352	80	17.19611029511339
ENSG00000034510	chr2:86848604-86849049	352	92936	TRUE	0.0012520889398504181	-0.40723198305552977	TRUE	352	80	170.84366178109732
ENSG00000042493	chr2:86848604-86849049	325	85410	TRUE	0.0028215131508722985	-0.3709010712313261	TRUE	352	80	5.204027209183621
ENSG00000168883	chr2:86848604-86849049	302	76502	TRUE	0.006829376148721145	-0.426272270978471	TRUE	352	80	2.581966103107389
ENSG00000132300	chr2:86848604-86849049	225	56754	TRUE	0.036	-0.4056942852668791	TRUE	352	80	1.1979749367167725
ENSG00000168890	chr2:86848604-86849049	135	31522	TRUE	0.04	-0.5290606060486114	TRUE	352	80	0.49999479150390114
ENSG00000176407	chr2:86848604-86849049	297	77115	TRUE	0.072	-0.2584017810499615	TRUE	352	80	2.369355292352886
ENSG00000118640	chr2:86848604-86849049	332	88038	TRUE	0.156	-0.36343194996423334	FALSE	352	80	5.816952613102493
ENSG00000168906	chr2:86848604-86849049	193	46858	TRUE	0.204	-0.3541300565474708	FALSE	352	80	0.858881006698126
ENSG00000168894	chr2:86848604-86849049	352	92801	TRUE	1.0641712459695009e-11	-0.4858454505363161	TRUE	352	81	17.19611029511339
ENSG00000034510	chr2:86848604-86849049	352	92936	TRUE	1.3642433506337072e-8	-0.6362249353547451	TRUE	352	81	170.84366178109732
ENSG00000042493	chr2:86848604-86849049	325	85410	TRUE	4.9393617568352366e-5	-0.42125527111837524	TRUE	352	81	5.204027209183621
ENSG00000176407	chr2:86848604-86849049	297	77115	TRUE	1.831684861649547e-4	-0.41966192136514635	TRUE	352	81	2.369355292352886
ENSG00000168906	chr2:86848604-86849049	193	46858	TRUE	7.997334267024897e-4	-0.5931371917348148	TRUE	352	81	0.858881006698126
ENSG00000132300	chr2:86848604-86849049	225	56754	TRUE	0.001744617987541188	-0.5142187420450481	TRUE	352	81	1.1979749367167725
ENSG00000168883	chr2:86848604-86849049	302	76502	TRUE	0.0026420682219802996	-0.4739033934588701	TRUE	352	81	2.581966103107389
ENSG00000132313	chr2:86848604-86849049	337	87512	TRUE	0.003988027012609474	-0.387446204926567	TRUE	352	81	5.006729376959696
ENSG00000118640	chr2:86848604-86849049	332	88038	TRUE	0.12	-0.31876290063050483	FALSE	352	81	5.816952613102493
ENSG00000132305	chr2:86848604-86849049	346	91501	TRUE	0.144	-0.27430591654402203	FALSE	352	81	8.097857224704939
ENSG00000168890	chr2:86848604-86849049	135	31522	TRUE	0.376	-0.34722228306279823	FALSE	352	81	0.49999479150390114
ENSG00000176407	chr2:86848604-86849049	297	77115	TRUE	1.936491644243671e-6	-0.4950271836997914	TRUE	352	82	2.369355292352886
ENSG00000168883	chr2:86848604-86849049	302	76502	TRUE	1.0648278492828185e-4	-0.5526908015496251	TRUE	352	82	2.581966103107389
ENSG00000168906	chr2:86848604-86849049	193	46858	TRUE	2.0514080633125126e-4	-0.6596326035217218	TRUE	352	82	0.858881006698126
ENSG00000132300	chr2:86848604-86849049	225	56754	TRUE	3.131093040164637e-4	-0.5787589942397589	TRUE	352	82	1.1979749367167725
ENSG00000168894	chr2:86848604-86849049	352	92801	TRUE	0.002223321216774682	-0.27864580178394105	TRUE	352	82	17.19611029511339
ENSG00000034510	chr2:86848604-86849049	352	92936	TRUE	0.004582012935796825	-0.40816405070839856	TRUE	352	82	170.84366178109732
ENSG00000132313	chr2:86848604-86849049	337	87512	TRUE	0.024	-0.3864664459477307	TRUE	352	82	5.006729376959696
ENSG00000042493	chr2:86848604-86849049	325	85410	TRUE	0.04	-0.26895657372989	TRUE	352	82	5.204027209183621
ENSG00000132305	chr2:86848604-86849049	346	91501	TRUE	0.04	-0.3286888792763878	TRUE	352	82	8.097857224704939
ENSG00000168890	chr2:86848604-86849049	135	31522	TRUE	0.392	-0.3567450571813049	FALSE	352	82	0.49999479150390114
ENSG00000118640	chr2:86848604-86849049	332	88038	TRUE	0.412	-0.3004856052583973	FALSE	352	82	5.816952613102493
ENSG00000168894	chr2:86848604-86849049	352	92801	TRUE	2.2595238386953755e-11	-0.521547379629514	TRUE	352	83	17.19611029511339
ENSG00000132305	chr2:86848604-86849049	346	91501	TRUE	1.2182136641624135e-8	-0.5944093251413913	TRUE	352	83	8.097857224704939
ENSG00000176407	chr2:86848604-86849049	297	77115	TRUE	3.481444193797253e-7	-0.531903185934824	TRUE	352	83	2.369355292352886
ENSG00000132313	chr2:86848604-86849049	337	87512	TRUE	9.303472985416027e-7	-0.5745016011733257	TRUE	352	83	5.006729376959696
ENSG00000042493	chr2:86848604-86849049	325	85410	TRUE	2.9428842772179914e-6	-0.4960859417915482	TRUE	352	83	5.204027209183621
ENSG00000168890	chr2:86848604-86849049	135	31522	TRUE	7.827055524296106e-5	-0.8402622943429152	TRUE	352	83	0.49999479150390114
ENSG00000118640	chr2:86848604-86849049	332	88038	TRUE	8.149785630517069e-5	-0.527491701907977	TRUE	352	83	5.816952613102493
ENSG00000132300	chr2:86848604-86849049	225	56754	TRUE	2.0198021448759006e-4	-0.5834814044821619	TRUE	352	83	1.1979749367167725
ENSG00000034510	chr2:86848604-86849049	352	92936	TRUE	0.01024954936201683	-0.3809752588201949	TRUE	352	83	170.84366178109732
ENSG00000168883	chr2:86848604-86849049	302	76502	TRUE	0.028	-0.4068809166658709	TRUE	352	83	2.581966103107389
ENSG00000168906	chr2:86848604-86849049	193	46858	TRUE	0.04205595651295349	-0.42755112601684	TRUE	352	83	0.858881006698126
ENSG00000132313	chr2:86848604-86849049	337	87512	TRUE	1.2932549628954983e-6	-0.5589647351881468	TRUE	352	84	5.006729376959696
ENSG00000168906	chr2:86848604-86849049	193	46858	TRUE	1.3165854219887845e-5	-0.7509284375412723	TRUE	352	84	0.858881006698126
ENSG00000132300	chr2:86848604-86849049	225	56754	TRUE	1.273785956182709e-4	-0.6073281464365297	TRUE	352	84	1.1979749367167725
ENSG00000132305	chr2:86848604-86849049	346	91501	TRUE	1.6533157213134524e-4	-0.43457232102021237	TRUE	352	84	8.097857224704939
ENSG00000118640	chr2:86848604-86849049	332	88038	TRUE	3.3785278933753243e-4	-0.5054793988591162	TRUE	352	84	5.816952613102493
ENSG00000034510	chr2:86848604-86849049	352	92936	TRUE	0.012981332530258433	-0.38346495899390476	TRUE	352	84	170.84366178109732
ENSG00000168883	chr2:86848604-86849049	302	76502	TRUE	0.084	-0.35765032496302207	FALSE	352	84	2.581966103107389
ENSG00000176407	chr2:86848604-86849049	297	77115	TRUE	0.088	-0.231613570335653	FALSE	352	84	2.369355292352886
ENSG00000042493	chr2:86848604-86849049	325	85410	TRUE	0.096	-0.268070125136171	FALSE	352	84	5.204027209183621
ENSG00000168890	chr2:86848604-86849049	135	31522	TRUE	0.12	-0.4555984441075902	FALSE	352	84	0.49999479150390114
ENSG00000168894	chr2:86848604-86849049	352	92801	TRUE	0.176	-0.164604070885086	FALSE	352	84	17.19611029511339
ENSG00000132305	chr2:86848604-86849049	346	91501	TRUE	8.908822669677699e-5	-0.4433884683034828	TRUE	352	85	8.097857224704939
ENSG00000132313	chr2:86848604-86849049	337	87512	TRUE	5.927385199816851e-4	-0.44238411806556144	TRUE	352	85	5.006729376959696
ENSG00000168894	chr2:86848604-86849049	352	92801	TRUE	0.003969648940289186	-0.27109664212837314	TRUE	352	85	17.19611029511339
ENSG00000176407	chr2:86848604-86849049	297	77115	TRUE	0.007764492254061173	-0.3155261800161473	TRUE	352	85	2.369355292352886
ENSG00000118640	chr2:86848604-86849049	332	88038	TRUE	0.008069793887100052	-0.43357383852033804	TRUE	352	85	5.816952613102493
ENSG00000168883	chr2:86848604-86849049	302	76502	TRUE	0.015119184099111824	-0.42432136460830994	TRUE	352	85	2.581966103107389
ENSG00000132300	chr2:86848604-86849049	225	56754	TRUE	0.016594850720289045	-0.4267559007947087	TRUE	352	85	1.1979749367167725
ENSG00000168906	chr2:86848604-86849049	193	46858	TRUE	0.024	-0.4746637218549593	TRUE	352	85	0.858881006698126
ENSG00000042493	chr2:86848604-86849049	325	85410	TRUE	0.048	-0.28769893188510354	TRUE	352	85	5.204027209183621
ENSG00000168890	chr2:86848604-86849049	135	31522	TRUE	0.236	-0.4053252376263665	FALSE	352	85	0.49999479150390114
ENSG00000034510	chr2:86848604-86849049	352	92936	TRUE	0.38	-0.2909464158073156	FALSE	352	85	170.84366178109732
ENSG00000132305	chr2:86848604-86849049	346	91501	TRUE	3.099047890133054e-6	-0.5040202491777896	TRUE	352	86	8.097857224704939
ENSG00000132313	chr2:86848604-86849049	337	87512	TRUE	1.2149374559632803e-5	-0.5186907382048196	TRUE	352	86	5.006729376959696
ENSG00000168890	chr2:86848604-86849049	135	31522	TRUE	7.512665010216517e-4	-0.7371688013788118	TRUE	352	86	0.49999479150390114
ENSG00000034510	chr2:86848604-86849049	352	92936	TRUE	7.731676055675318e-4	-0.4171074909310075	TRUE	352	86	170.84366178109732
ENSG00000132300	chr2:86848604-86849049	225	56754	TRUE	0.0013335787223635494	-0.5461279899997922	TRUE	352	86	1.1979749367167725
ENSG00000042493	chr2:86848604-86849049	325	85410	TRUE	0.0022637771209467056	-0.3652024658988724	TRUE	352	86	5.204027209183621
ENSG00000168894	chr2:86848604-86849049	352	92801	TRUE	0.003456072831486648	-0.2537226150805334	TRUE	352	86	17.19611029511339
ENSG00000168883	chr2:86848604-86849049	302	76502	TRUE	0.008776624257483982	-0.436066572281409	TRUE	352	86	2.581966103107389
ENSG00000118640	chr2:86848604-86849049	332	88038	TRUE	0.009174111592527942	-0.3951224793964725	TRUE	352	86	5.816952613102493
ENSG00000168906	chr2:86848604-86849049	193	46858	TRUE	0.024	-0.4746637218549593	TRUE	352	86	0.858881006698126
ENSG00000176407	chr2:86848604-86849049	297	77115	TRUE	0.064	-0.2603343935839608	TRUE	352	86	2.369355292352886
ENSG00000132305	chr2:86848604-86849049	346	91501	TRUE	6.378554171993151e-8	-0.5556583517313847	TRUE	352	87	8.097857224704939
ENSG00000034510	chr2:86848604-86849049	352	92936	TRUE	8.363031316108507e-6	-0.5597625269381998	TRUE	352	87	170.84366178109732
ENSG00000168894	chr2:86848604-86849049	352	92801	TRUE	2.6178741868353866e-4	-0.2996120135925926	TRUE	352	87	17.19611029511339
ENSG00000132313	chr2:86848604-86849049	337	87512	TRUE	2.833605124721028e-4	-0.4546537458752915	TRUE	352	87	5.006729376959696
ENSG00000168883	chr2:86848604-86849049	302	76502	TRUE	0.0016010347094492366	-0.48199707550520654	TRUE	352	87	2.581966103107389
ENSG00000118640	chr2:86848604-86849049	332	88038	TRUE	0.005275321698025928	-0.43097828452328724	TRUE	352	87	5.816952613102493
ENSG00000176407	chr2:86848604-86849049	297	77115	TRUE	0.00659883419769948	-0.3256079473953106	TRUE	352	87	2.369355292352886
ENSG00000132300	chr2:86848604-86849049	225	56754	TRUE	0.007380797831849528	-0.474203063197169	TRUE	352	87	1.1979749367167725
ENSG00000168906	chr2:86848604-86849049	193	46858	TRUE	0.009367629017773604	-0.4927352947769774	TRUE	352	87	0.858881006698126
ENSG00000042493	chr2:86848604-86849049	325	85410	TRUE	0.096	-0.22614867570306618	FALSE	352	87	5.204027209183621
ENSG00000168890	chr2:86848604-86849049	135	31522	TRUE	0.308	-0.34722228306279823	FALSE	352	87	0.49999479150390114
ENSG00000132305	chr2:86848604-86849049	346	91501	TRUE	5.98129923603391e-5	-0.4421257154518474	TRUE	352	88	8.097857224704939
ENSG00000168906	chr2:86848604-86849049	193	46858	TRUE	0.0010487179335628358	-0.5931371917348148	TRUE	352	88	0.858881006698126
ENSG00000168894	chr2:86848604-86849049	352	92801	TRUE	0.00115078736447332	-0.2561158061865014	TRUE	352	88	17.19611029511339
ENSG00000132313	chr2:86848604-86849049	337	87512	TRUE	0.003791046817071507	-0.39137190814036726	TRUE	352	88	5.006729376959696
ENSG00000168883	chr2:86848604-86849049	302	76502	TRUE	0.010949703010538062	-0.42432136460830994	TRUE	352	88	2.581966103107389
ENSG00000132300	chr2:86848604-86849049	225	56754	TRUE	0.024	-0.42251890790823804	TRUE	352	88	1.1979749367167725
ENSG00000042493	chr2:86848604-86849049	325	85410	TRUE	0.048	-0.29129667699370776	TRUE	352	88	5.204027209183621
ENSG00000034510	chr2:86848604-86849049	352	92936	TRUE	0.088	-0.2478374002361159	FALSE	352	88	170.84366178109732
ENSG00000118640	chr2:86848604-86849049	332	88038	TRUE	0.272	-0.2910407594739479	FALSE	352	88	5.816952613102493
ENSG00000168890	chr2:86848604-86849049	135	31522	TRUE	0.308	-0.34722228306279823	FALSE	352	88	0.49999479150390114
ENSG00000176407	chr2:86848604-86849049	297	77115	TRUE	0.9	-0.09600708175831585	FALSE	352	88	2.369355292352886
ENSG00000168894	chr2:86848604-86849049	352	92801	TRUE	2.6703795268865835e-5	-0.3484270390273947	TRUE	352	89	17.19611029511339
ENSG00000132305	chr2:86848604-86849049	346	91501	TRUE	3.054490447003443e-5	-0.4863423487990186	TRUE	352	89	8.097857224704939
ENSG00000176407	chr2:86848604-86849049	297	77115	TRUE	9.42910106477339e-4	-0.38973828481502604	TRUE	352	89	2.369355292352886
ENSG00000118640	chr2:86848604-86849049	332	88038	TRUE	0.005121743707923641	-0.4440030047146113	TRUE	352	89	5.816952613102493
ENSG00000132313	chr2:86848604-86849049	337	87512	TRUE	0.021329784884958125	-0.354502106311652	TRUE	352	89	5.006729376959696
ENSG00000034510	chr2:86848604-86849049	352	92936	TRUE	0.028	-0.31658512540054584	TRUE	352	89	170.84366178109732
ENSG00000168890	chr2:86848604-86849049	135	31522	TRUE	0.064	-0.5076869552560443	FALSE	352	89	0.49999479150390114
ENSG00000132300	chr2:86848604-86849049	225	56754	TRUE	0.184	-0.3363009498492052	FALSE	352	89	1.1979749367167725
ENSG00000042493	chr2:86848604-86849049	325	85410	TRUE	0.188	-0.18373836022346302	FALSE	352	89	5.204027209183621
ENSG00000168883	chr2:86848604-86849049	302	76502	TRUE	0.24	-0.32089177495290433	FALSE	352	89	2.581966103107389
ENSG00000168906	chr2:86848604-86849049	193	46858	TRUE	0.944	-0.22768172130653158	FALSE	352	89	0.858881006698126
ENSG00000132305	chr2:86848604-86849049	346	91501	TRUE	2.0260428710016118e-14	-0.72960021942328	TRUE	352	90	8.097857224704939
ENSG00000132300	chr2:86848604-86849049	225	56754	TRUE	3.095955013492241e-9	-0.8646032829816386	TRUE	352	90	1.1979749367167725
ENSG00000132313	chr2:86848604-86849049	337	87512	TRUE	1.9174720219318378e-8	-0.6313975799310951	TRUE	352	90	5.006729376959696
ENSG00000118640	chr2:86848604-86849049	332	88038	TRUE	6.105893219340245e-6	-0.5830774263716143	TRUE	352	90	5.816952613102493
ENSG00000176407	chr2:86848604-86849049	297	77115	TRUE	1.1129859124868599e-5	-0.4904832585548431	TRUE	352	90	2.369355292352886
ENSG00000168894	chr2:86848604-86849049	352	92801	TRUE	0.0023333506773683815	-0.27675480529820495	TRUE	352	90	17.19611029511339
ENSG00000168883	chr2:86848604-86849049	302	76502	TRUE	0.0024384750407110897	-0.4901364203152232	TRUE	352	90	2.581966103107389
ENSG00000034510	chr2:86848604-86849049	352	92936	TRUE	0.008138584095761486	-0.4081931875277336	TRUE	352	90	170.84366178109732
ENSG00000168906	chr2:86848604-86849049	193	46858	TRUE	0.024	-0.4160095041341491	TRUE	352	90	0.858881006698126
ENSG00000042493	chr2:86848604-86849049	325	85410	TRUE	0.136	-0.23564864744379355	FALSE	352	90	5.204027209183621
ENSG00000168890	chr2:86848604-86849049	135	31522	TRUE	0.42	-0.3377619538137322	FALSE	352	90	0.49999479150390114
ENSG00000168894	chr2:86848604-86849049	352	92801	TRUE	6.289720417710157e-5	-0.3379675601747887	TRUE	352	91	17.19611029511339
ENSG00000168890	chr2:86848604-86849049	135	31522	TRUE	0.0010146032859453527	-0.7496597455620087	TRUE	352	91	0.49999479150390114
ENSG00000132313	chr2:86848604-86849049	337	87512	TRUE	0.0015030620150686957	-0.41715271174275736	TRUE	352	91	5.006729376959696
ENSG00000176407	chr2:86848604-86849049	297	77115	TRUE	0.001817383534221527	-0.35421756846376207	TRUE	352	91	2.369355292352886
ENSG00000132305	chr2:86848604-86849049	346	91501	TRUE	0.005402935441680301	-0.3737212100171927	TRUE	352	91	8.097857224704939
ENSG00000168906	chr2:86848604-86849049	193	46858	TRUE	0.010459239428645545	-0.5171883385015165	TRUE	352	91	0.858881006698126
ENSG00000132300	chr2:86848604-86849049	225	56754	TRUE	0.01530736109771838	-0.45676846986114833	TRUE	352	91	1.1979749367167725
ENSG00000118640	chr2:86848604-86849049	332	88038	TRUE	0.068	-0.40103690366004763	TRUE	352	91	5.816952613102493
ENSG00000042493	chr2:86848604-86849049	325	85410	TRUE	0.128	-0.26984356732739023	FALSE	352	91	5.204027209183621
ENSG00000168883	chr2:86848604-86849049	302	76502	TRUE	0.128	-0.3557899829374942	FALSE	352	91	2.581966103107389
ENSG00000034510	chr2:86848604-86849049	352	92936	TRUE	0.164	-0.23819696378811184	FALSE	352	91	170.84366178109732
ENSG00000176407	chr2:86848604-86849049	297	77115	TRUE	1.0041376204711502e-7	-0.5578135075835166	TRUE	352	92	2.369355292352886
ENSG00000042493	chr2:86848604-86849049	325	85410	TRUE	1.8436214856152114e-6	-0.5222698735952032	TRUE	352	92	5.204027209183621
ENSG00000132305	chr2:86848604-86849049	346	91501	TRUE	3.4719682004926875e-6	-0.5152629444850425	TRUE	352	92	8.097857224704939
ENSG00000168883	chr2:86848604-86849049	302	76502	TRUE	1.2901081193468673e-5	-0.5893806108788062	TRUE	352	92	2.581966103107389
ENSG00000132300	chr2:86848604-86849049	225	56754	TRUE	1.567445794438318e-5	-0.6712399102567228	TRUE	352	92	1.1979749367167725
ENSG00000132313	chr2:86848604-86849049	337	87512	TRUE	6.0489749735617715e-5	-0.5005568094795851	TRUE	352	92	5.006729376959696
ENSG00000034510	chr2:86848604-86849049	352	92936	TRUE	7.16476696144358e-4	-0.4056313973635355	TRUE	352	92	170.84366178109732
ENSG00000118640	chr2:86848604-86849049	332	88038	TRUE	8.645690815861085e-4	-0.4909889313696292	TRUE	352	92	5.816952613102493
ENSG00000168894	chr2:86848604-86849049	352	92801	TRUE	0.001031288165220641	-0.2762149755291792	TRUE	352	92	17.19611029511339
ENSG00000168906	chr2:86848604-86849049	193	46858	TRUE	0.076	-0.3988683713127552	TRUE	352	92	0.858881006698126
ENSG00000168890	chr2:86848604-86849049	135	31522	TRUE	0.876	-0.23759779188830032	FALSE	352	92	0.49999479150390114
ENSG00000132313	chr2:86848604-86849049	337	87512	TRUE	1.0634652751123695e-8	-0.6360476888429785	TRUE	352	93	5.006729376959696
ENSG00000132305	chr2:86848604-86849049	346	91501	TRUE	4.796970905330787e-4	-0.41834105026179635	TRUE	352	93	8.097857224704939
ENSG00000118640	chr2:86848604-86849049	332	88038	TRUE	0.00243882187734043	-0.5018431145373667	TRUE	352	93	5.816952613102493
ENSG00000168883	chr2:86848604-86849049	302	76502	TRUE	0.002679857999415551	-0.4678627913015707	TRUE	352	93	2.581966103107389
ENSG00000042493	chr2:86848604-86849049	325	85410	TRUE	0.003068453676563443	-0.3709010712313261	TRUE	352	93	5.204027209183621
ENSG00000168894	chr2:86848604-86849049	352	92801	TRUE	0.005703914359756465	-0.27540560942610615	TRUE	352	93	17.19611029511339
ENSG00000168906	chr2:86848604-86849049	193	46858	TRUE	0.007629266296301951	-0.5171883385015165	TRUE	352	93	0.858881006698126
ENSG00000034510	chr2:86848604-86849049	352	92936	TRUE	0.013672400843596194	-0.4390269043511612	TRUE	352	93	170.84366178109732
ENSG00000176407	chr2:86848604-86849049	297	77115	TRUE	0.028	-0.26614781330060233	TRUE	352	93	2.369355292352886
ENSG00000132300	chr2:86848604-86849049	225	56754	TRUE	0.032	-0.42251890790823804	TRUE	352	93	1.1979749367167725
ENSG00000168890	chr2:86848604-86849049	135	31522	TRUE	0.232	-0.385696430877434	FALSE	352	93	0.49999479150390114
ENSG00000168894	chr2:86848604-86849049	352	92801	TRUE	1.4531683464324985e-6	-0.3455926667190812	TRUE	352	94	17.19611029511339
ENSG00000132300	chr2:86848604-86849049	225	56754	TRUE	5.552037181032719e-5	-0.6073281464365297	TRUE	352	94	1.1979749367167725
ENSG00000168883	chr2:86848604-86849049	302	76502	TRUE	3.443559355554848e-4	-0.5210745974878974	TRUE	352	94	2.581966103107389
ENSG00000132313	chr2:86848604-86849049	337	87512	TRUE	0.009126679792416659	-0.3728192289311614	TRUE	352	94	5.006729376959696
ENSG00000034510	chr2:86848604-86849049	352	92936	TRUE	0.052	-0.3231627737592042	TRUE	352	94	170.84366178109732
ENSG00000118640	chr2:86848604-86849049	332	88038	TRUE	0.052	-0.3783565145192469	TRUE	352	94	5.816952613102493
ENSG00000042493	chr2:86848604-86849049	325	85410	TRUE	0.06	-0.29580651199118524	TRUE	352	94	5.204027209183621
ENSG00000176407	chr2:86848604-86849049	297	77115	TRUE	0.132	-0.22216563191424132	FALSE	352	94	2.369355292352886
ENSG00000168890	chr2:86848604-86849049	135	31522	TRUE	0.164	-0.4152407064914494	FALSE	352	94	0.49999479150390114
ENSG00000132305	chr2:86848604-86849049	346	91501	TRUE	0.244	-0.2659034755483254	FALSE	352	94	8.097857224704939
ENSG00000168906	chr2:86848604-86849049	193	46858	TRUE	0.94	-0.20764396806998653	FALSE	352	94	0.858881006698126
ENSG00000034510	chr2:86848604-86849049	352	92936	TRUE	2.7613969305799804e-6	-0.5095114883248879	TRUE	352	95	170.84366178109732
ENSG00000176407	chr2:86848604-86849049	297	77115	TRUE	1.4090178001418922e-4	-0.41966192136514635	TRUE	352	95	2.369355292352886
ENSG00000118640	chr2:86848604-86849049	332	88038	TRUE	1.9574497640132554e-4	-0.5018431145373667	TRUE	352	95	5.816952613102493
ENSG00000132313	chr2:86848604-86849049	337	87512	TRUE	2.3725094295384136e-4	-0.4597970491512513	TRUE	352	95	5.006729376959696
ENSG00000168894	chr2:86848604-86849049	352	92801	TRUE	6.507794618014762e-4	-0.28841027249948414	TRUE	352	95	17.19611029511339
ENSG00000042493	chr2:86848604-86849049	325	85410	TRUE	0.0017040390832138708	-0.36709950107147016	TRUE	352	95	5.204027209183621
ENSG00000168883	chr2:86848604-86849049	302	76502	TRUE	0.06	-0.38774674970915557	TRUE	352	95	2.581966103107389
ENSG00000132305	chr2:86848604-86849049	346	91501	TRUE	0.196	-0.26032891281303083	FALSE	352	95	8.097857224704939
ENSG00000168906	chr2:86848604-86849049	193	46858	TRUE	0.336	-0.2947959171650686	FALSE	352	95	0.858881006698126
ENSG00000132300	chr2:86848604-86849049	225	56754	TRUE	0.412	-0.28155798525477316	FALSE	352	95	1.1979749367167725
ENSG00000168890	chr2:86848604-86849049	135	31522	TRUE	0.636	-0.3190253912321461	FALSE	352	95	0.49999479150390114
ENSG00000176407	chr2:86848604-86849049	297	77115	TRUE	5.077108933779239e-7	-0.5342395346897806	TRUE	352	96	2.369355292352886
ENSG00000132305	chr2:86848604-86849049	346	91501	TRUE	6.320963436813815e-7	-0.5185863623124538	TRUE	352	96	8.097857224704939
ENSG00000132300	chr2:86848604-86849049	225	56754	TRUE	0.0026768685841894943	-0.523263881648055	TRUE	352	96	1.1979749367167725
ENSG00000168894	chr2:86848604-86849049	352	92801	TRUE	0.014514517340286331	-0.21156846814299524	TRUE	352	96	17.19611029511339
ENSG00000132313	chr2:86848604-86849049	337	87512	TRUE	0.019575787629432684	-0.3699115456340558	TRUE	352	96	5.006729376959696
ENSG00000118640	chr2:86848604-86849049	332	88038	TRUE	0.088	-0.36260731716619476	FALSE	352	96	5.816952613102493
ENSG00000034510	chr2:86848604-86849049	352	92936	TRUE	0.092	-0.31232567973904235	FALSE	352	96	170.84366178109732
ENSG00000168883	chr2:86848604-86849049	302	76502	TRUE	0.228	-0.33365100566824557	FALSE	352	96	2.581966103107389
ENSG00000168890	chr2:86848604-86849049	135	31522	TRUE	0.448	-0.3283632558114824	FALSE	352	96	0.49999479150390114
ENSG00000168906	chr2:86848604-86849049	193	46858	TRUE	0.468	-0.13962554464133548	FALSE	352	96	0.858881006698126
ENSG00000042493	chr2:86848604-86849049	325	85410	TRUE	0.904	-0.08833216897307983	FALSE	352	96	5.204027209183621
ENSG00000132305	chr2:86848604-86849049	346	91501	TRUE	8.640007023485823e-6	-0.48179433094281787	TRUE	352	97	8.097857224704939
ENSG00000176407	chr2:86848604-86849049	297	77115	TRUE	4.6611008793600184e-5	-0.46129154584006005	TRUE	352	97	2.369355292352886
ENSG00000034510	chr2:86848604-86849049	352	92936	TRUE	8.216727359820347e-4	-0.37823298051853005	TRUE	352	97	170.84366178109732
ENSG00000168906	chr2:86848604-86849049	193	46858	TRUE	8.975637162345271e-4	-0.5931371917348148	TRUE	352	97	0.858881006698126
ENSG00000118640	chr2:86848604-86849049	332	88038	TRUE	9.511107519789702e-4	-0.48200574517931694	TRUE	352	97	5.816952613102493
ENSG00000168894	chr2:86848604-86849049	352	92801	TRUE	0.0010847147222386548	-0.28108073070099504	TRUE	352	97	17.19611029511339
ENSG00000042493	chr2:86848604-86849049	325	85410	TRUE	0.0039611834457821404	-0.36047076260556654	TRUE	352	97	5.204027209183621
ENSG00000132313	chr2:86848604-86849049	337	87512	TRUE	0.024	-0.36604372819434294	TRUE	352	97	5.006729376959696
ENSG00000168890	chr2:86848604-86849049	135	31522	TRUE	0.096	-0.5076869552560443	FALSE	352	97	0.49999479150390114
ENSG00000168883	chr2:86848604-86849049	302	76502	TRUE	0.1	-0.35765032496302207	FALSE	352	97	2.581966103107389
ENSG00000132300	chr2:86848604-86849049	225	56754	TRUE	0.664	-0.1566667374269644	FALSE	352	97	1.1979749367167725
ENSG00000168894	chr2:86848604-86849049	352	92801	TRUE	1.179646517476731e-5	-0.33712280849208653	TRUE	352	98	17.19611029511339
ENSG00000132305	chr2:86848604-86849049	346	91501	TRUE	1.3832224912267276e-5	-0.47596786784385214	TRUE	352	98	8.097857224704939
ENSG00000034510	chr2:86848604-86849049	352	92936	TRUE	1.818618920071055e-5	-0.4766927549712827	TRUE	352	98	170.84366178109732
ENSG00000176407	chr2:86848604-86849049	297	77115	TRUE	4.085760748100721e-4	-0.3834060359913095	TRUE	352	98	2.369355292352886
ENSG00000168906	chr2:86848604-86849049	193	46858	TRUE	9.186960193894346e-4	-0.6061933445602613	TRUE	352	98	0.858881006698126
ENSG00000042493	chr2:86848604-86849049	325	85410	TRUE	0.008058195019716288	-0.3048686965672358	TRUE	352	98	5.204027209183621
ENSG00000118640	chr2:86848604-86849049	332	88038	TRUE	0.01479440690197334	-0.4223600089488557	TRUE	352	98	5.816952613102493
ENSG00000132313	chr2:86848604-86849049	337	87512	TRUE	0.032	-0.32323064465536966	TRUE	352	98	5.006729376959696
ENSG00000168883	chr2:86848604-86849049	302	76502	TRUE	0.164	-0.32999398206015673	FALSE	352	98	2.581966103107389
ENSG00000132300	chr2:86848604-86849049	225	56754	TRUE	0.264	-0.3008714603116072	FALSE	352	98	1.1979749367167725
ENSG00000168890	chr2:86848604-86849049	135	31522	TRUE	0.98	-0.24642164227530627	FALSE	352	98	0.49999479150390114
ENSG00000168894	chr2:86848604-86849049	352	92801	TRUE	2.7540015300041992e-6	-0.35553742819058476	TRUE	352	99	17.19611029511339
ENSG00000176407	chr2:86848604-86849049	297	77115	TRUE	4.912481464613549e-6	-0.4927534321796704	TRUE	352	99	2.369355292352886
ENSG00000042493	chr2:86848604-86849049	325	85410	TRUE	3.600156021609305e-5	-0.4602089054629519	TRUE	352	99	5.204027209183621
ENSG00000132305	chr2:86848604-86849049	346	91501	TRUE	1.0094490141850619e-4	-0.4421257154518474	TRUE	352	99	8.097857224704939
ENSG00000132313	chr2:86848604-86849049	337	87512	TRUE	3.9243979029828305e-4	-0.44646241064964043	TRUE	352	99	5.006729376959696
ENSG00000132300	chr2:86848604-86849049	225	56754	TRUE	0.003384881936618067	-0.5097173498101073	TRUE	352	99	1.1979749367167725
ENSG00000118640	chr2:86848604-86849049	332	88038	TRUE	0.008951631804400867	-0.4137929110845002	TRUE	352	99	5.816952613102493
ENSG00000168890	chr2:86848604-86849049	135	31522	TRUE	0.064	-0.5076869552560443	TRUE	352	99	0.49999479150390114
ENSG00000168883	chr2:86848604-86849049	302	76502	TRUE	0.164	-0.33731732286601557	FALSE	352	99	2.581966103107389
ENSG00000034510	chr2:86848604-86849049	352	92936	TRUE	0.176	-0.22499756038071617	FALSE	352	99	170.84366178109732
ENSG00000168906	chr2:86848604-86849049	193	46858	TRUE	0.42	-0.28952097512439423	FALSE	352	99	0.858881006698126
ENSG00000168883	chr2:86848604-86849049	302	76502	TRUE	1.1947602364083065e-10	-0.80595570561994	TRUE	352	100	2.581966103107389
ENSG00000168894	chr2:86848604-86849049	352	92801	TRUE	1.5039043866879912e-9	-0.47372580864339087	TRUE	352	100	17.19611029511339
ENSG00000042493	chr2:86848604-86849049	325	85410	TRUE	1.8052475864707186e-5	-0.48162788909785714	TRUE	352	100	5.204027209183621
ENSG00000132313	chr2:86848604-86849049	337	87512	TRUE	2.2537146048608528e-5	-0.5122644690453866	TRUE	352	100	5.006729376959696
ENSG00000132305	chr2:86848604-86849049	346	91501	TRUE	6.60983496111791e-5	-0.4599056328933244	TRUE	352	100	8.097857224704939
ENSG00000118640	chr2:86848604-86849049	332	88038	TRUE	2.684221097132202e-4	-0.5423554010941487	TRUE	352	100	5.816952613102493
ENSG00000132300	chr2:86848604-86849049	225	56754	TRUE	5.833873894093324e-4	-0.5600224316581728	TRUE	352	100	1.1979749367167725
ENSG00000176407	chr2:86848604-86849049	297	77115	TRUE	7.880432823162142e-4	-0.3960984495944667	TRUE	352	100	2.369355292352886
ENSG00000168906	chr2:86848604-86849049	193	46858	TRUE	0.004230894334286202	-0.5737718668678841	TRUE	352	100	0.858881006698126
ENSG00000168890	chr2:86848604-86849049	135	31522	TRUE	0.036	-0.5290606060486114	TRUE	352	100	0.49999479150390114
ENSG00000034510	chr2:86848604-86849049	352	92936	TRUE	0.040184638637257464	-0.32968776459981974	TRUE	352	100	170.84366178109732
ENSG00000025796	chr6:107057626-107057927	409	65106	TRUE	4.629689342076584e-7	-0.5767697777677825	TRUE	584	1	1.518693292498724
ENSG00000130348	chr6:107057626-107057927	473	71978	TRUE	7.648183710848777e-5	-0.4963285644137818	TRUE	584	1	1.9713011864954113
ENSG00000112335	chr6:107057626-107057927	544	84240	TRUE	0.0027188580684938454	-0.3674845225759884	TRUE	584	1	3.680031667656281
ENSG00000057663	chr6:107057626-107057927	96	14221	TRUE	0.004536721091151247	-0.7622745476587687	TRUE	584	1	0.17969311540985655
ENSG00000112335	chr6:107057626-107057927	544	84240	TRUE	3.8554915628892714e-11	-0.5997465796149655	TRUE	584	2	3.680031667656281
ENSG00000130348	chr6:107057626-107057927	473	71978	TRUE	2.692841851803119e-4	-0.4776727651334579	TRUE	584	2	1.9713011864954113
ENSG00000025796	chr6:107057626-107057927	409	65106	TRUE	0.001111353199612957	-0.41930399305210736	TRUE	584	2	1.518693292498724
ENSG00000057663	chr6:107057626-107057927	96	14221	TRUE	0.3	-0.4445342497348399	FALSE	584	2	0.17969311540985655
ENSG00000112335	chr6:107057626-107057927	544	84240	TRUE	1.6901051625275804e-8	-0.5392050376799147	TRUE	584	3	3.680031667656281
ENSG00000057663	chr6:107057626-107057927	96	14221	TRUE	0.0037482451417249485	-0.8264048850784844	TRUE	584	3	0.17969311540985655
ENSG00000130348	chr6:107057626-107057927	473	71978	TRUE	0.004603777962310984	-0.4186555100620084	TRUE	584	3	1.9713011864954113
ENSG00000025796	chr6:107057626-107057927	409	65106	TRUE	0.12	-0.2916482552585196	FALSE	584	3	1.518693292498724
ENSG00000112335	chr6:107057626-107057927	544	84240	TRUE	5.5783038421415034e-8	-0.5098610760977702	TRUE	584	4	3.680031667656281
ENSG00000025796	chr6:107057626-107057927	409	65106	TRUE	0.010499181973145463	-0.37866200855476134	TRUE	584	4	1.518693292498724
ENSG00000130348	chr6:107057626-107057927	473	71978	TRUE	0.068	-0.33932695564924176	TRUE	584	4	1.9713011864954113
ENSG00000057663	chr6:107057626-107057927	96	14221	TRUE	0.6	-0.36300436423824145	FALSE	584	4	0.17969311540985655
ENSG00000025796	chr6:107057626-107057927	409	65106	TRUE	6.800095042832331e-6	-0.520944254927945	TRUE	584	5	1.518693292498724
ENSG00000130348	chr6:107057626-107057927	473	71978	TRUE	0.005022383657073637	-0.4053722905284268	TRUE	584	5	1.9713011864954113
ENSG00000112335	chr6:107057626-107057927	544	84240	TRUE	0.26	-0.24374915415374354	FALSE	584	5	3.680031667656281
ENSG00000057663	chr6:107057626-107057927	96	14221	TRUE	0.94	-0.24144238435732834	FALSE	584	5	0.17969311540985655
ENSG00000130348	chr6:107057626-107057927	473	71978	TRUE	3.2645155303238894e-7	-0.5883951823190328	TRUE	584	6	1.9713011864954113
ENSG00000112335	chr6:107057626-107057927	544	84240	TRUE	2.5365377337796275e-6	-0.4596903656545659	TRUE	584	6	3.680031667656281
ENSG00000025796	chr6:107057626-107057927	409	65106	TRUE	0.004138985148866854	-0.3882353352615623	TRUE	584	6	1.518693292498724
ENSG00000057663	chr6:107057626-107057927	96	14221	TRUE	0.22	-0.4614080682992361	FALSE	584	6	0.17969311540985655
ENSG00000130348	chr6:107057626-107057927	473	71978	TRUE	2.8038639235315396e-4	-0.4516499739825566	TRUE	584	7	1.9713011864954113
ENSG00000025796	chr6:107057626-107057927	409	65106	TRUE	0.00218374710972705	-0.4036860322372378	TRUE	584	7	1.518693292498724
ENSG00000057663	chr6:107057626-107057927	96	14221	TRUE	0.024	-0.6613456388079881	TRUE	584	7	0.17969311540985655
ENSG00000112335	chr6:107057626-107057927	544	84240	TRUE	0.024	-0.2906157591917178	TRUE	584	7	3.680031667656281
ENSG00000112335	chr6:107057626-107057927	544	84240	TRUE	2.1750602326528349e-7	-0.4871547532386047	TRUE	584	8	3.680031667656281
ENSG00000130348	chr6:107057626-107057927	473	71978	TRUE	0.0011504259729188428	-0.439564499824989	TRUE	584	8	1.9713011864954113
ENSG00000025796	chr6:107057626-107057927	409	65106	TRUE	0.036	-0.35406464481400746	TRUE	584	8	1.518693292498724
ENSG00000057663	chr6:107057626-107057927	96	14221	TRUE	0.82	-0.31621015275930064	FALSE	584	8	0.17969311540985655
ENSG00000130348	chr6:107057626-107057927	473	71978	TRUE	3.902092345679335e-4	-0.45013374153517627	TRUE	584	9	1.9713011864954113
ENSG00000112335	chr6:107057626-107057927	544	84240	TRUE	0.02120005978766254	-0.3142482803663549	TRUE	584	9	3.680031667656281
ENSG00000057663	chr6:107057626-107057927	96	14221	TRUE	0.128	-0.49575957309001284	FALSE	584	9	0.17969311540985655
ENSG00000025796	chr6:107057626-107057927	409	65106	TRUE	0.692	-0.20958540175077012	FALSE	584	9	1.518693292498724
ENSG00000130348	chr6:107057626-107057927	473	71978	TRUE	6.283472852637194e-8	-0.5900640026796514	TRUE	584	10	1.9713011864954113
ENSG00000112335	chr6:107057626-107057927	544	84240	TRUE	6.72477054917968e-5	-0.4194498941002147	TRUE	584	10	3.680031667656281
ENSG00000057663	chr6:107057626-107057927	96	14221	TRUE	0.028	-0.6613456388079881	TRUE	584	10	0.17969311540985655
ENSG00000025796	chr6:107057626-107057927	409	65106	TRUE	0.148	-0.28626840424786665	FALSE	584	10	1.518693292498724
ENSG00000130348	chr6:107057626-107057927	473	71978	TRUE	1.7985696473882457e-6	-0.5685184723983869	TRUE	584	11	1.9713011864954113
ENSG00000025796	chr6:107057626-107057927	409	65106	TRUE	4.931962037603918e-4	-0.4350928788562398	TRUE	584	11	1.518693292498724
ENSG00000112335	chr6:107057626-107057927	544	84240	TRUE	0.0047097905321068605	-0.3484701446573435	TRUE	584	11	3.680031667656281
ENSG00000057663	chr6:107057626-107057927	96	14221	TRUE	0.792	-0.3316401933289064	FALSE	584	11	0.17969311540985655
ENSG00000112335	chr6:107057626-107057927	544	84240	TRUE	0.008513207654753996	-0.3312577436890636	TRUE	584	12	3.680031667656281
ENSG00000130348	chr6:107057626-107057927	473	71978	TRUE	0.04	-0.3619579301488096	TRUE	584	12	1.9713011864954113
ENSG00000025796	chr6:107057626-107057927	409	65106	TRUE	0.052	-0.3243555889968447	TRUE	584	12	1.518693292498724
ENSG00000057663	chr6:107057626-107057927	96	14221	TRUE	0.16	-0.5309490015523131	FALSE	584	12	0.17969311540985655
ENSG00000112335	chr6:107057626-107057927	544	84240	TRUE	5.832107745799581e-6	-0.44362737769768357	TRUE	584	13	3.680031667656281
ENSG00000025796	chr6:107057626-107057927	409	65106	TRUE	0.0011434035796461933	-0.43112942844889696	TRUE	584	13	1.518693292498724
ENSG00000130348	chr6:107057626-107057927	473	71978	TRUE	0.024	-0.3633842229401052	TRUE	584	13	1.9713011864954113
ENSG00000057663	chr6:107057626-107057927	96	14221	TRUE	0.044	-0.5670182562598347	TRUE	584	13	0.17969311540985655
ENSG00000112335	chr6:107057626-107057927	544	84240	TRUE	1.243241318227685e-5	-0.4385917878003851	TRUE	584	14	3.680031667656281
ENSG00000130348	chr6:107057626-107057927	473	71978	TRUE	0.0010949876936115557	-0.439564499824989	TRUE	584	14	1.9713011864954113
ENSG00000057663	chr6:107057626-107057927	96	14221	TRUE	0.188	-0.47848158165817756	FALSE	584	14	0.17969311540985655
ENSG00000025796	chr6:107057626-107057927	409	65106	TRUE	0.26	-0.26494739983408533	FALSE	584	14	1.518693292498724
ENSG00000025796	chr6:107057626-107057927	409	65106	TRUE	1.4108596378129695e-4	-0.4712626155363181	TRUE	584	15	1.518693292498724
ENSG00000130348	chr6:107057626-107057927	473	71978	TRUE	2.2338298355080444e-4	-0.46078098573468484	TRUE	584	15	1.9713011864954113
ENSG00000112335	chr6:107057626-107057927	544	84240	TRUE	0.004615044038992253	-0.3476832916021748	TRUE	584	15	3.680031667656281
ENSG00000057663	chr6:107057626-107057927	96	14221	TRUE	0.48	-0.39506557347054017	FALSE	584	15	0.17969311540985655
ENSG00000112335	chr6:107057626-107057927	544	84240	TRUE	1.938834190201569e-8	-0.5320363519194489	TRUE	584	16	3.680031667656281
ENSG00000025796	chr6:107057626-107057927	409	65106	TRUE	0.028	-0.35218979719357035	TRUE	584	16	1.518693292498724
ENSG00000057663	chr6:107057626-107057927	96	14221	TRUE	0.06	-0.5853967855746895	TRUE	584	16	0.17969311540985655
ENSG00000130348	chr6:107057626-107057927	473	71978	TRUE	0.136	-0.3005573854846665	FALSE	584	16	1.9713011864954113
ENSG00000025796	chr6:107057626-107057927	409	65106	TRUE	1.218272684288084e-4	-0.4631461663319461	TRUE	584	17	1.518693292498724
ENSG00000130348	chr6:107057626-107057927	473	71978	TRUE	3.205565257487081e-4	-0.46230845548127864	TRUE	584	17	1.9713011864954113
ENSG00000112335	chr6:107057626-107057927	544	84240	TRUE	0.011170582708889168	-0.3265988751380777	TRUE	584	17	3.680031667656281
ENSG00000057663	chr6:107057626-107057927	96	14221	TRUE	0.019438371611709887	-0.6809744455569207	TRUE	584	17	0.17969311540985655
ENSG00000112335	chr6:107057626-107057927	544	84240	TRUE	2.0472585148627038e-7	-0.4914936889629422	TRUE	584	18	3.680031667656281
ENSG00000130348	chr6:107057626-107057927	473	71978	TRUE	2.4108090566508835e-7	-0.5784225962442552	TRUE	584	18	1.9713011864954113
ENSG00000025796	chr6:107057626-107057927	409	65106	TRUE	4.034403875674709e-4	-0.44905133644615935	TRUE	584	18	1.518693292498724
ENSG00000057663	chr6:107057626-107057927	96	14221	TRUE	0.264	-0.49575957309001284	FALSE	584	18	0.17969311540985655
ENSG00000130348	chr6:107057626-107057927	473	71978	TRUE	3.3788158259093854e-9	-0.6221439736735732	TRUE	584	19	1.9713011864954113
ENSG00000112335	chr6:107057626-107057927	544	84240	TRUE	2.7108820746314308e-5	-0.4144978467636715	TRUE	584	19	3.680031667656281
ENSG00000025796	chr6:107057626-107057927	409	65106	TRUE	3.0050446482672447e-5	-0.4979609369271057	TRUE	584	19	1.518693292498724
ENSG00000057663	chr6:107057626-107057927	96	14221	TRUE	0.009414797029364652	-0.7622745476587687	TRUE	584	19	0.17969311540985655
ENSG00000130348	chr6:107057626-107057927	473	71978	TRUE	7.718642027746698e-10	-0.6532079856718452	TRUE	584	20	1.9713011864954113
ENSG00000112335	chr6:107057626-107057927	544	84240	TRUE	1.0080308808046827e-8	-0.5329304920415865	TRUE	584	20	3.680031667656281
ENSG00000025796	chr6:107057626-107057927	409	65106	TRUE	1.8579957448241905e-5	-0.5083625323875757	TRUE	584	20	1.518693292498724
ENSG00000057663	chr6:107057626-107057927	96	14221	TRUE	0.04	-0.6040124637420363	TRUE	584	20	0.17969311540985655
ENSG00000130348	chr6:107057626-107057927	473	71978	TRUE	1.063077494960164e-5	-0.5263693273622616	TRUE	584	21	1.9713011864954113
ENSG00000112335	chr6:107057626-107057927	544	84240	TRUE	0.001506121650074202	-0.3603247310031221	TRUE	584	21	3.680031667656281
ENSG00000057663	chr6:107057626-107057927	96	14221	TRUE	0.312	-0.4278555085882094	FALSE	584	21	0.17969311540985655
ENSG00000025796	chr6:107057626-107057927	409	65106	TRUE	0.852	-0.2045025014575439	FALSE	584	21	1.518693292498724
ENSG00000112335	chr6:107057626-107057927	544	84240	TRUE	4.703661542298101e-6	-0.4682169569096635	TRUE	584	22	3.680031667656281
ENSG00000025796	chr6:107057626-107057927	409	65106	TRUE	2.840559412237549e-4	-0.45910500111008223	TRUE	584	22	1.518693292498724
ENSG00000057663	chr6:107057626-107057927	96	14221	TRUE	0.052	-0.6228714909933526	TRUE	584	22	0.17969311540985655
ENSG00000130348	chr6:107057626-107057927	473	71978	TRUE	0.056	-0.33652288277253906	TRUE	584	22	1.9713011864954113
ENSG00000130348	chr6:107057626-107057927	473	71978	TRUE	6.671352549520041e-4	-0.45925513150372477	TRUE	584	23	1.9713011864954113
ENSG00000112335	chr6:107057626-107057927	544	84240	TRUE	0.001796386835383603	-0.3611185109631134	TRUE	584	23	3.680031667656281
ENSG00000057663	chr6:107057626-107057927	96	14221	TRUE	0.108	-0.5670182562598347	FALSE	584	23	0.17969311540985655
ENSG00000025796	chr6:107057626-107057927	409	65106	TRUE	0.572	-0.2232280097094379	FALSE	584	23	1.518693292498724
ENSG00000112335	chr6:107057626-107057927	544	84240	TRUE	1.1189955561486536e-7	-0.48542282621081245	TRUE	584	24	3.680031667656281
ENSG00000130348	chr6:107057626-107057927	473	71978	TRUE	5.523038883872983e-4	-0.4471060488376084	TRUE	584	24	1.9713011864954113
ENSG00000025796	chr6:107057626-107057927	409	65106	TRUE	0.001192266843210884	-0.4232350446420221	TRUE	584	24	1.518693292498724
ENSG00000057663	chr6:107057626-107057927	96	14221	TRUE	0.010031370680908185	-0.7415159874919715	TRUE	584	24	0.17969311540985655
ENSG00000112335	chr6:107057626-107057927	544	84240	TRUE	3.4332841353616614e-12	-0.6063192335384517	TRUE	584	25	3.680031667656281
ENSG00000130348	chr6:107057626-107057927	473	71978	TRUE	2.363059539134925e-7	-0.5537886162881016	TRUE	584	25	1.9713011864954113
ENSG00000025796	chr6:107057626-107057927	409	65106	TRUE	2.2070041383399647e-5	-0.5000352651649644	TRUE	584	25	1.518693292498724
ENSG00000057663	chr6:107057626-107057927	96	14221	TRUE	0.672	-0.22694281466221344	FALSE	584	25	0.17969311540985655
ENSG00000130348	chr6:107057626-107057927	473	71978	TRUE	0.0012259628101218834	-0.43056637268767695	TRUE	584	26	1.9713011864954113
ENSG00000057663	chr6:107057626-107057927	96	14221	TRUE	0.0035680920489615103	-0.7833361631865987	TRUE	584	26	0.17969311540985655
ENSG00000025796	chr6:107057626-107057927	409	65106	TRUE	0.036	-0.3206846072683478	TRUE	584	26	1.518693292498724
ENSG00000112335	chr6:107057626-107057927	544	84240	TRUE	0.044	-0.2959183985486773	TRUE	584	26	3.680031667656281
ENSG00000130348	chr6:107057626-107057927	473	71978	TRUE	8.091313672455849e-8	-0.5784225962442552	TRUE	584	27	1.9713011864954113
ENSG00000112335	chr6:107057626-107057927	544	84240	TRUE	6.207016087034852e-7	-0.4742156975311067	TRUE	584	27	3.680031667656281
ENSG00000025796	chr6:107057626-107057927	409	65106	TRUE	0.002493459213273385	-0.41147387862968315	TRUE	584	27	1.518693292498724
ENSG00000057663	chr6:107057626-107057927	96	14221	TRUE	0.14	-0.5309490015523131	FALSE	584	27	0.17969311540985655
ENSG00000112335	chr6:107057626-107057927	544	84240	TRUE	2.5049346856752234e-5	-0.43273906155494757	TRUE	584	28	3.680031667656281
ENSG00000025796	chr6:107057626-107057927	409	65106	TRUE	3.6643025845394667e-4	-0.44105854569262865	TRUE	584	28	1.518693292498724
ENSG00000130348	chr6:107057626-107057927	473	71978	TRUE	0.0036097534448494978	-0.40831356584054923	TRUE	584	28	1.9713011864954113
ENSG00000057663	chr6:107057626-107057927	96	14221	TRUE	0.16	-0.06344408237933408	FALSE	584	28	0.17969311540985655
ENSG00000130348	chr6:107057626-107057927	473	71978	TRUE	1.3887914790556752e-5	-0.5120614906783781	TRUE	584	29	1.9713011864954113
ENSG00000112335	chr6:107057626-107057927	544	84240	TRUE	1.7213546084435917e-5	-0.4369171561081311	TRUE	584	29	3.680031667656281
ENSG00000025796	chr6:107057626-107057927	409	65106	TRUE	0.048	-0.32987963546848187	TRUE	584	29	1.518693292498724
ENSG00000057663	chr6:107057626-107057927	96	14221	TRUE	0.048	-0.6613456388079881	TRUE	584	29	0.17969311540985655
ENSG00000130348	chr6:107057626-107057927	473	71978	TRUE	6.2486050374693835e-6	-0.5279678815877389	TRUE	584	30	1.9713011864954113
ENSG00000112335	chr6:107057626-107057927	544	84240	TRUE	3.306086484977308e-5	-0.4277412677316059	TRUE	584	30	3.680031667656281
ENSG00000025796	chr6:107057626-107057927	409	65106	TRUE	0.036	-0.32987963546848187	TRUE	584	30	1.518693292498724
ENSG00000057663	chr6:107057626-107057927	96	14221	TRUE	0.052	-0.6040124637420363	TRUE	584	30	0.17969311540985655
ENSG00000130348	chr6:107057626-107057927	473	71978	TRUE	0.044	-0.34777202390549855	FALSE	584	31	1.9713011864954113
ENSG00000057663	chr6:107057626-107057927	96	14221	TRUE	0.052	-0.6419803139410569	FALSE	584	31	0.17969311540985655
ENSG00000025796	chr6:107057626-107057927	409	65106	TRUE	0.092	-0.3133705483030424	FALSE	584	31	1.518693292498724
ENSG00000112335	chr6:107057626-107057927	544	84240	TRUE	0.176	-0.2518232761946586	FALSE	584	31	3.680031667656281
ENSG00000130348	chr6:107057626-107057927	473	71978	TRUE	0.152	-0.30192422124857243	FALSE	584	32	1.9713011864954113
ENSG00000112335	chr6:107057626-107057927	544	84240	TRUE	0.2	-0.2518232761946586	FALSE	584	32	3.680031667656281
ENSG00000057663	chr6:107057626-107057927	96	14221	TRUE	0.296	-0.4445342497348399	FALSE	584	32	0.17969311540985655
ENSG00000025796	chr6:107057626-107057927	409	65106	TRUE	0.488	-0.25440390559261566	FALSE	584	32	1.518693292498724
ENSG00000130348	chr6:107057626-107057927	473	71978	TRUE	8.174621481981444e-6	-0.518403017552205	TRUE	584	33	1.9713011864954113
ENSG00000025796	chr6:107057626-107057927	409	65106	TRUE	3.0101116388613525e-5	-0.4958895869074109	TRUE	584	33	1.518693292498724
ENSG00000112335	chr6:107057626-107057927	544	84240	TRUE	0.0017910234869492649	-0.3492574271002853	TRUE	584	33	3.680031667656281
ENSG00000057663	chr6:107057626-107057927	96	14221	TRUE	0.112	-0.5309490015523131	FALSE	584	33	0.17969311540985655
ENSG00000025796	chr6:107057626-107057927	409	65106	TRUE	9.251779921733367e-10	-0.646283683884207	TRUE	584	34	1.518693292498724
ENSG00000130348	chr6:107057626-107057927	473	71978	TRUE	1.0853888544588939e-7	-0.5734620353425214	TRUE	584	34	1.9713011864954113
ENSG00000112335	chr6:107057626-107057927	544	84240	TRUE	0.02813847838630991	-0.3150171026818527	TRUE	584	34	3.680031667656281
ENSG00000057663	chr6:107057626-107057927	96	14221	TRUE	0.08	-0.5309490015523131	TRUE	584	34	0.17969311540985655
ENSG00000112335	chr6:107057626-107057927	544	84240	TRUE	3.714409369250703e-9	-0.5419025050426811	TRUE	584	35	3.680031667656281
ENSG00000025796	chr6:107057626-107057927	409	65106	TRUE	7.649108324100495e-5	-0.4651710018094364	TRUE	584	35	1.518693292498724
ENSG00000130348	chr6:107057626-107057927	473	71978	TRUE	0.009002746725905383	-0.395124794084009	TRUE	584	35	1.9713011864954113
ENSG00000057663	chr6:107057626-107057927	96	14221	TRUE	0.012676975165126031	-0.7008740029946257	TRUE	584	35	0.17969311540985655
ENSG00000130348	chr6:107057626-107057927	473	71978	TRUE	4.259832837665532e-8	-0.5850633216212848	TRUE	584	36	1.9713011864954113
ENSG00000112335	chr6:107057626-107057927	544	84240	TRUE	8.718272771141458e-4	-0.3722775337648876	TRUE	584	36	3.680031667656281
ENSG00000025796	chr6:107057626-107057927	409	65106	TRUE	0.084	-0.3097273770718556	FALSE	584	36	1.518693292498724
ENSG00000057663	chr6:107057626-107057927	96	14221	TRUE	0.344	-0.4113673857996405	FALSE	584	36	0.17969311540985655
ENSG00000130348	chr6:107057626-107057927	473	71978	TRUE	2.0079857929030602e-7	-0.5867282901163949	TRUE	584	37	1.9713011864954113
ENSG00000025796	chr6:107057626-107057927	409	65106	TRUE	6.78109588174321e-5	-0.4814728141385369	TRUE	584	37	1.518693292498724
ENSG00000112335	chr6:107057626-107057927	544	84240	TRUE	1.9794893297322112e-4	-0.39323324916855107	TRUE	584	37	3.680031667656281
ENSG00000057663	chr6:107057626-107057927	96	14221	TRUE	0.084	-0.5488709095495756	TRUE	584	37	0.17969311540985655
ENSG00000112335	chr6:107057626-107057927	544	84240	TRUE	1.0994892563819577e-4	-0.4120281827524963	TRUE	584	38	3.680031667656281
ENSG00000025796	chr6:107057626-107057927	409	65106	TRUE	0.012277764646597758	-0.3691517892722886	TRUE	584	38	1.518693292498724
ENSG00000057663	chr6:107057626-107057927	96	14221	TRUE	0.204	-0.4614080682992361	FALSE	584	38	0.17969311540985655
ENSG00000130348	chr6:107057626-107057927	473	71978	TRUE	0.316	-0.3032923532059052	FALSE	584	38	1.9713011864954113
ENSG00000130348	chr6:107057626-107057927	473	71978	TRUE	3.2932666192411406e-5	-0.5010304535540855	TRUE	584	39	1.9713011864954113
ENSG00000025796	chr6:107057626-107057927	409	65106	TRUE	2.7438309287903737e-4	-0.4631461663319461	TRUE	584	39	1.518693292498724
ENSG00000112335	chr6:107057626-107057927	544	84240	TRUE	9.207717415816094e-4	-0.37548174394574696	TRUE	584	39	3.680031667656281
ENSG00000057663	chr6:107057626-107057927	96	14221	TRUE	0.884	-0.28583650371578173	FALSE	584	39	0.17969311540985655
ENSG00000025796	chr6:107057626-107057927	409	65106	TRUE	1.7029536179711743e-6	-0.5400249964936499	TRUE	584	40	1.518693292498724
ENSG00000112335	chr6:107057626-107057927	544	84240	TRUE	4.380376489978525e-6	-0.452059283878939	TRUE	584	40	3.680031667656281
ENSG00000130348	chr6:107057626-107057927	473	71978	TRUE	0.00333930959289213	-0.4156930962061467	TRUE	584	40	1.9713011864954113
ENSG00000057663	chr6:107057626-107057927	96	14221	TRUE	0.512	-0.37894590810726303	FALSE	584	40	0.17969311540985655
ENSG00000025796	chr6:107057626-107057927	409	65106	TRUE	2.336518109735317e-9	-0.6099875546612171	TRUE	584	41	1.518693292498724
ENSG00000112335	chr6:107057626-107057927	544	84240	TRUE	4.553927660517327e-9	-0.5257928396796876	TRUE	584	41	3.680031667656281
ENSG00000130348	chr6:107057626-107057927	473	71978	TRUE	9.621828875583643e-7	-0.5489118960133499	TRUE	584	41	1.9713011864954113
ENSG00000057663	chr6:107057626-107057927	96	14221	TRUE	0.388	-0.4278555085882094	FALSE	584	41	0.17969311540985655
ENSG00000112335	chr6:107057626-107057927	544	84240	TRUE	3.8749452495067706e-5	-0.4244189978906421	TRUE	584	42	3.680031667656281
ENSG00000130348	chr6:107057626-107057927	473	71978	TRUE	2.4339281292173713e-4	-0.4516499739825566	TRUE	584	42	1.9713011864954113
ENSG00000025796	chr6:107057626-107057927	409	65106	TRUE	0.036	-0.367257245282512	TRUE	584	42	1.518693292498724
ENSG00000057663	chr6:107057626-107057927	96	14221	TRUE	0.1	-0.5670182562598347	FALSE	584	42	0.17969311540985655
ENSG00000112335	chr6:107057626-107057927	544	84240	TRUE	1.6285134116705505e-6	-0.47507470026019916	TRUE	584	43	3.680031667656281
ENSG00000130348	chr6:107057626-107057927	473	71978	TRUE	2.089380633391062e-4	-0.4699701571893453	TRUE	584	43	1.9713011864954113
ENSG00000025796	chr6:107057626-107057927	409	65106	TRUE	0.052	-0.3225189305172277	TRUE	584	43	1.518693292498724
ENSG00000057663	chr6:107057626-107057927	96	14221	TRUE	0.768	-0.1983736624654422	FALSE	584	43	0.17969311540985655
ENSG00000112335	chr6:107057626-107057927	544	84240	TRUE	1.0596065096070808e-4	-0.40792144772526817	TRUE	584	44	3.680031667656281
ENSG00000025796	chr6:107057626-107057927	409	65106	TRUE	0.00048975872750450615	-0.4291517790084545	TRUE	584	44	1.518693292498724
ENSG00000130348	chr6:107057626-107057927	473	71978	TRUE	0.236	-0.28560704401869486	FALSE	584	44	1.9713011864954113
ENSG00000057663	chr6:107057626-107057927	96	14221	TRUE	0.64	-0.3316401933289064	FALSE	584	44	0.17969311540985655
ENSG00000112335	chr6:107057626-107057927	544	84240	TRUE	5.58843802134424e-7	-0.4811020831163466	TRUE	584	45	3.680031667656281
ENSG00000130348	chr6:107057626-107057927	473	71978	TRUE	1.3078566217396108e-4	-0.4776727651334579	TRUE	584	45	1.9713011864954113
ENSG00000025796	chr6:107057626-107057927	409	65106	TRUE	4.8600579619715624e-4	-0.4271768368233968	TRUE	584	45	1.518693292498724
ENSG00000057663	chr6:107057626-107057927	96	14221	TRUE	0.096	-0.5853967855746895	TRUE	584	45	0.17969311540985655
ENSG00000112335	chr6:107057626-107057927	544	84240	TRUE	3.735351366929683e-6	-0.46054076063402993	TRUE	584	46	3.680031667656281
ENSG00000025796	chr6:107057626-107057927	409	65106	TRUE	1.9213100937836886e-5	-0.48352355370329886	TRUE	584	46	1.518693292498724
ENSG00000130348	chr6:107057626-107057927	473	71978	TRUE	0.00831034111619447	-0.38494957277503894	TRUE	584	46	1.9713011864954113
ENSG00000057663	chr6:107057626-107057927	96	14221	TRUE	0.56	-0.36300436423824145	FALSE	584	46	0.17969311540985655
ENSG00000112335	chr6:107057626-107057927	544	84240	TRUE	6.211026810918827e-6	-0.4385917878003851	TRUE	584	47	3.680031667656281
ENSG00000130348	chr6:107057626-107057927	473	71978	TRUE	5.407535692042957e-5	-0.5010304535540855	TRUE	584	47	1.9713011864954113
ENSG00000025796	chr6:107057626-107057927	409	65106	TRUE	0.005297760221149209	-0.3843983781039059	TRUE	584	47	1.518693292498724
ENSG00000057663	chr6:107057626-107057927	96	14221	TRUE	0.9	-0.27088616224981	FALSE	584	47	0.17969311540985655
ENSG00000112335	chr6:107057626-107057927	544	84240	TRUE	1.1485395727971193e-4	-0.3989275702268693	TRUE	584	48	3.680031667656281
ENSG00000025796	chr6:107057626-107057927	409	65106	TRUE	0.01705929919628152	-0.36158849519581987	TRUE	584	48	1.518693292498724
ENSG00000130348	chr6:107057626-107057927	473	71978	TRUE	0.036	-0.3407310385249247	TRUE	584	48	1.9713011864954113
ENSG00000057663	chr6:107057626-107057927	96	14221	TRUE	0.272	-0.47848158165817756	FALSE	584	48	0.17969311540985655
ENSG00000025796	chr6:107057626-107057927	409	65106	TRUE	5.811009956320235e-7	-0.563693902387282	TRUE	584	49	1.518693292498724
ENSG00000130348	chr6:107057626-107057927	473	71978	TRUE	3.057123581858066e-6	-0.544051604922815	TRUE	584	49	1.9713011864954113
ENSG00000112335	chr6:107057626-107057927	544	84240	TRUE	4.6375300092242264e-4	-0.383523543145321	TRUE	584	49	3.680031667656281
ENSG00000057663	chr6:107057626-107057927	96	14221	TRUE	0.26	-0.4614080682992361	FALSE	584	49	0.17969311540985655
ENSG00000130348	chr6:107057626-107057927	473	71978	TRUE	3.3705728221753925e-5	-0.502601161429312	TRUE	584	50	1.9713011864954113
ENSG00000112335	chr6:107057626-107057927	544	84240	TRUE	0.001334059655851639	-0.37147759194184826	TRUE	584	50	3.680031667656281
ENSG00000057663	chr6:107057626-107057927	96	14221	TRUE	0.016709193174616527	-0.7008740029946257	TRUE	584	50	0.17969311540985655
ENSG00000025796	chr6:107057626-107057927	409	65106	TRUE	0.088	-0.3042798122321853	TRUE	584	50	1.518693292498724
ENSG00000130348	chr6:107057626-107057927	473	71978	TRUE	3.276030156039358e-5	-0.4947646671973457	TRUE	584	51	1.9713011864954113
ENSG00000112335	chr6:107057626-107057927	544	84240	TRUE	5.726927862351149e-4	-0.39242160636745926	TRUE	584	51	3.680031667656281
ENSG00000025796	chr6:107057626-107057927	409	65106	TRUE	0.0048872771914757335	-0.39015764739259096	TRUE	584	51	1.518693292498724
ENSG00000057663	chr6:107057626-107057927	96	14221	TRUE	0.012371958301224187	-0.7008740029946257	TRUE	584	51	0.17969311540985655
ENSG00000112335	chr6:107057626-107057927	544	84240	TRUE	7.443093812409306e-5	-0.4144978467636715	TRUE	584	52	3.680031667656281
ENSG00000130348	chr6:107057626-107057927	473	71978	TRUE	7.607307661442603e-5	-0.4900831215828835	TRUE	584	52	1.9713011864954113
ENSG00000025796	chr6:107057626-107057927	409	65106	TRUE	0.016169889078628236	-0.35970385085087697	TRUE	584	52	1.518693292498724
ENSG00000057663	chr6:107057626-107057927	96	14221	TRUE	0.032	-0.6419803139410569	TRUE	584	52	0.17969311540985655
ENSG00000025796	chr6:107057626-107057927	409	65106	TRUE	5.939465423277727e-5	-0.48352355370329886	TRUE	584	53	1.518693292498724
ENSG00000112335	chr6:107057626-107057927	544	84240	TRUE	0.0022626909282329813	-0.3555712010324874	TRUE	584	53	3.680031667656281
ENSG00000130348	chr6:107057626-107057927	473	71978	TRUE	0.0069376583443525874	-0.40831356584054923	TRUE	584	53	1.9713011864954113
ENSG00000057663	chr6:107057626-107057927	96	14221	TRUE	0.032	-0.5853967855746895	TRUE	584	53	0.17969311540985655
ENSG00000130348	chr6:107057626-107057927	473	71978	TRUE	3.600564743450551e-6	-0.5392076326915011	TRUE	584	54	1.9713011864954113
ENSG00000112335	chr6:107057626-107057927	544	84240	TRUE	0.0047855127652721395	-0.3429711642528539	TRUE	584	54	3.680031667656281
ENSG00000025796	chr6:107057626-107057927	409	65106	TRUE	0.028	-0.3465798288509868	TRUE	584	54	1.518693292498724
ENSG00000057663	chr6:107057626-107057927	96	14221	TRUE	0.044	-0.6228714909933526	TRUE	584	54	0.17969311540985655
ENSG00000025796	chr6:107057626-107057927	409	65106	TRUE	3.2471794154796674e-4	-0.4570886555115776	TRUE	584	55	1.518693292498724
ENSG00000057663	chr6:107057626-107057927	96	14221	TRUE	0.0033230614692315863	-0.8047098139791653	TRUE	584	55	0.17969311540985655
ENSG00000112335	chr6:107057626-107057927	544	84240	TRUE	0.012450963057439285	-0.33203568657169846	TRUE	584	55	3.680031667656281
ENSG00000130348	chr6:107057626-107057927	473	71978	TRUE	0.064	-0.35059806798426185	TRUE	584	55	1.9713011864954113
ENSG00000025796	chr6:107057626-107057927	409	65106	TRUE	1.867697568339586e-8	-0.6077490824652177	TRUE	584	56	1.518693292498724
ENSG00000130348	chr6:107057626-107057927	473	71978	TRUE	2.2155889244450435e-7	-0.5817391380287198	TRUE	584	56	1.9713011864954113
ENSG00000112335	chr6:107057626-107057927	544	84240	TRUE	5.028977869722326e-5	-0.410384085661871	TRUE	584	56	3.680031667656281
ENSG00000057663	chr6:107057626-107057927	96	14221	TRUE	0.1	-0.5309490015523131	FALSE	584	56	0.17969311540985655
ENSG00000112335	chr6:107057626-107057927	544	84240	TRUE	3.443081681042329e-6	-0.4639473620772796	TRUE	584	57	3.680031667656281
ENSG00000057663	chr6:107057626-107057927	96	14221	TRUE	0.04	-0.6040124637420363	TRUE	584	57	0.17969311540985655
ENSG00000025796	chr6:107057626-107057927	409	65106	TRUE	0.044	-0.337278087789642	TRUE	584	57	1.518693292498724
ENSG00000130348	chr6:107057626-107057927	473	71978	TRUE	0.06	-0.3225836918146654	TRUE	584	57	1.9713011864954113
ENSG00000025796	chr6:107057626-107057927	409	65106	TRUE	3.3006377792026316e-5	-0.4876337987652108	TRUE	584	58	1.518693292498724
ENSG00000112335	chr6:107057626-107057927	544	84240	TRUE	5.726376772157262e-5	-0.40055865580579764	TRUE	584	58	3.680031667656281
ENSG00000130348	chr6:107057626-107057927	473	71978	TRUE	0.048	-0.3435433104503114	TRUE	584	58	1.9713011864954113
ENSG00000057663	chr6:107057626-107057927	96	14221	TRUE	0.136	-0.5309490015523131	FALSE	584	58	0.17969311540985655
ENSG00000130348	chr6:107057626-107057927	473	71978	TRUE	2.423353741735695e-5	-0.502601161429312	TRUE	584	59	1.9713011864954113
ENSG00000112335	chr6:107057626-107057927	544	84240	TRUE	3.1053236875703237e-4	-0.383523543145321	TRUE	584	59	3.680031667656281
ENSG00000025796	chr6:107057626-107057927	409	65106	TRUE	0.068	-0.3079092356328763	TRUE	584	59	1.518693292498724
ENSG00000057663	chr6:107057626-107057927	96	14221	TRUE	0.3	-0.4445342497348399	FALSE	584	59	0.17969311540985655
ENSG00000112335	chr6:107057626-107057927	544	84240	TRUE	6.85008335794021e-11	-0.5802063932193202	TRUE	584	60	3.680031667656281
ENSG00000130348	chr6:107057626-107057927	473	71978	TRUE	1.2864298244359782e-5	-0.5343798701019729	TRUE	584	60	1.9713011864954113
ENSG00000025796	chr6:107057626-107057927	409	65106	TRUE	0.0015066204132435541	-0.42520459449179177	TRUE	584	60	1.518693292498724
ENSG00000057663	chr6:107057626-107057927	96	14221	TRUE	0.712	-0.3472370483799252	FALSE	584	60	0.17969311540985655
ENSG00000025796	chr6:107057626-107057927	409	65106	TRUE	6.78532140310174e-4	-0.43707869478008343	TRUE	584	61	1.518693292498724
ENSG00000130348	chr6:107057626-107057927	473	71978	TRUE	9.11080714432938e-4	-0.43206216861315827	TRUE	584	61	1.9713011864954113
ENSG00000112335	chr6:107057626-107057927	544	84240	TRUE	0.0025108664294779676	-0.3555712010324874	TRUE	584	61	3.680031667656281
ENSG00000057663	chr6:107057626-107057927	96	14221	TRUE	0.176	-0.4614080682992361	FALSE	584	61	0.17969311540985655
ENSG00000130348	chr6:107057626-107057927	473	71978	TRUE	7.278549199874699e-6	-0.5152287697570613	TRUE	584	62	1.9713011864954113
ENSG00000112335	chr6:107057626-107057927	544	84240	TRUE	1.223916814223733e-4	-0.4030087470386867	TRUE	584	62	3.680031667656281
ENSG00000057663	chr6:107057626-107057927	96	14221	TRUE	0.009723509092817592	-0.721051884932256	TRUE	584	62	0.17969311540985655
ENSG00000025796	chr6:107057626-107057927	409	65106	TRUE	0.052	-0.32619458866062584	TRUE	584	62	1.518693292498724
ENSG00000130348	chr6:107057626-107057927	473	71978	TRUE	0.056	-0.33652288277253906	FALSE	584	63	1.9713011864954113
ENSG00000025796	chr6:107057626-107057927	409	65106	TRUE	0.088	-0.30246851878536224	FALSE	584	63	1.518693292498724
ENSG00000057663	chr6:107057626-107057927	96	14221	TRUE	0.216	-0.49575957309001284	FALSE	584	63	0.17969311540985655
ENSG00000112335	chr6:107057626-107057927	544	84240	TRUE	0.268	-0.23790531814971705	FALSE	584	63	3.680031667656281
ENSG00000130348	chr6:107057626-107057927	473	71978	TRUE	1.279828229960563e-5	-0.5199927643145974	TRUE	584	64	1.9713011864954113
ENSG00000112335	chr6:107057626-107057927	544	84240	TRUE	2.693221631942244e-4	-0.38675285628076717	TRUE	584	64	3.680031667656281
ENSG00000057663	chr6:107057626-107057927	96	14221	TRUE	2.9689233786853175e-4	-0.9639084088284195	TRUE	584	64	0.17969311540985655
ENSG00000025796	chr6:107057626-107057927	409	65106	TRUE	0.009835588683453952	-0.3691517892722886	TRUE	584	64	1.518693292498724
ENSG00000025796	chr6:107057626-107057927	409	65106	TRUE	0.0012414525455238749	-0.413427426715438	TRUE	584	65	1.518693292498724
ENSG00000057663	chr6:107057626-107057927	96	14221	TRUE	0.0014329880551560356	-0.8484311914084834	TRUE	584	65	0.17969311540985655
ENSG00000112335	chr6:107057626-107057927	544	84240	TRUE	0.028	-0.3188673719564452	TRUE	584	65	3.680031667656281
ENSG00000130348	chr6:107057626-107057927	473	71978	TRUE	0.236	-0.30192422124857243	FALSE	584	65	1.9713011864954113
ENSG00000112335	chr6:107057626-107057927	544	84240	TRUE	1.3307470326066748e-10	-0.5664093957408529	TRUE	584	66	3.680031667656281
ENSG00000130348	chr6:107057626-107057927	473	71978	TRUE	5.2561957702072174e-5	-0.4900831215828835	TRUE	584	66	1.9713011864954113
ENSG00000025796	chr6:107057626-107057927	409	65106	TRUE	4e-4	-0.7193173115110291	TRUE	584	66	1.518693292498724
ENSG00000057663	chr6:107057626-107057927	96	14221	TRUE	0.024	-0.6613456388079881	TRUE	584	66	0.17969311540985655
ENSG00000025796	chr6:107057626-107057927	409	65106	TRUE	0.01497914353709831	-0.35218979719357035	TRUE	584	67	1.518693292498724
ENSG00000112335	chr6:107057626-107057927	544	84240	TRUE	0.076	-0.29364345188928564	FALSE	584	67	3.680031667656281
ENSG00000057663	chr6:107057626-107057927	96	14221	TRUE	0.128	-0.5309490015523131	FALSE	584	67	0.17969311540985655
ENSG00000130348	chr6:107057626-107057927	473	71978	TRUE	0.14	-0.3101525422658522	FALSE	584	67	1.9713011864954113
ENSG00000130348	chr6:107057626-107057927	473	71978	TRUE	7.605041934753913e-12	-0.6831734070711326	TRUE	584	68	1.9713011864954113
ENSG00000112335	chr6:107057626-107057927	544	84240	TRUE	1.1301804800176702e-5	-0.4469942287960822	TRUE	584	68	3.680031667656281
ENSG00000025796	chr6:107057626-107057927	409	65106	TRUE	5.4917314162970625e-5	-0.4753380279664352	TRUE	584	68	1.518693292498724
ENSG00000057663	chr6:107057626-107057927	96	14221	TRUE	0.112	-0.5853967855746895	FALSE	584	68	0.17969311540985655
ENSG00000112335	chr6:107057626-107057927	544	84240	TRUE	1.8783393089564127e-5	-0.44194689405876586	TRUE	584	69	3.680031667656281
ENSG00000025796	chr6:107057626-107057927	409	65106	TRUE	6.999773195601709e-5	-0.4917557874003977	TRUE	584	69	1.518693292498724
ENSG00000130348	chr6:107057626-107057927	473	71978	TRUE	0.006165410516499589	-0.4024369995038799	TRUE	584	69	1.9713011864954113
ENSG00000057663	chr6:107057626-107057927	96	14221	TRUE	0.684	-0.31621015275930064	FALSE	584	69	0.17969311540985655
ENSG00000130348	chr6:107057626-107057927	473	71978	TRUE	5.34915815407354e-5	-0.4916419494394453	TRUE	584	70	1.9713011864954113
ENSG00000025796	chr6:107057626-107057927	409	65106	TRUE	8.972761323291188e-5	-0.46719868315641877	TRUE	584	70	1.518693292498724
ENSG00000112335	chr6:107057626-107057927	544	84240	TRUE	0.017405228587913504	-0.3020025194935241	TRUE	584	70	3.680031667656281
ENSG00000057663	chr6:107057626-107057927	96	14221	TRUE	0.744	-0.31621015275930064	FALSE	584	70	0.17969311540985655
ENSG00000130348	chr6:107057626-107057927	473	71978	TRUE	4.959691068317139e-8	-0.5934074457540217	TRUE	584	71	1.9713011864954113
ENSG00000025796	chr6:107057626-107057927	409	65106	TRUE	7.404671851949998e-4	-0.4212681799326213	TRUE	584	71	1.518693292498724
ENSG00000112335	chr6:107057626-107057927	544	84240	TRUE	0.008922733685477427	-0.3273743092018355	TRUE	584	71	3.680031667656281
ENSG00000057663	chr6:107057626-107057927	96	14221	TRUE	0.556	-0.37894590810726303	FALSE	584	71	0.17969311540985655
ENSG00000112335	chr6:107057626-107057927	544	84240	TRUE	2.7097435628717576e-5	-0.44278689119509496	TRUE	584	72	3.680031667656281
ENSG00000130348	chr6:107057626-107057927	473	71978	TRUE	0.002260004027242371	-0.4142141672802335	TRUE	584	72	1.9713011864954113
ENSG00000057663	chr6:107057626-107057927	96	14221	TRUE	0.276	-0.4614080682992361	FALSE	584	72	0.17969311540985655
ENSG00000025796	chr6:107057626-107057927	409	65106	TRUE	0.432	-0.2579098490941512	FALSE	584	72	1.518693292498724
ENSG00000112335	chr6:107057626-107057927	544	84240	TRUE	5.227124504266823e-6	-0.4529051912856943	TRUE	584	73	3.680031667656281
ENSG00000025796	chr6:107057626-107057927	409	65106	TRUE	4.4810274739699035e-5	-0.4814728141385369	TRUE	584	73	1.518693292498724
ENSG00000130348	chr6:107057626-107057927	473	71978	TRUE	0.01100430214557667	-0.37916722018103277	TRUE	584	73	1.9713011864954113
ENSG00000057663	chr6:107057626-107057927	96	14221	TRUE	0.264	-0.4614080682992361	FALSE	584	73	0.17969311540985655
ENSG00000112335	chr6:107057626-107057927	544	84240	TRUE	3.0639008766467806e-7	-0.4888887619099602	TRUE	584	74	3.680031667656281
ENSG00000025796	chr6:107057626-107057927	409	65106	TRUE	8.051783913060571e-5	-0.4712626155363181	TRUE	584	74	1.518693292498724
ENSG00000130348	chr6:107057626-107057927	473	71978	TRUE	0.017004685733251645	-0.3777252460071264	TRUE	584	74	1.9713011864954113
ENSG00000057663	chr6:107057626-107057927	96	14221	TRUE	0.028	-0.6419803139410569	TRUE	584	74	0.17969311540985655
ENSG00000130348	chr6:107057626-107057927	473	71978	TRUE	3.590602457486346e-5	-0.4900831215828835	TRUE	584	75	1.9713011864954113
ENSG00000025796	chr6:107057626-107057927	409	65106	TRUE	4.3754556582742063e-4	-0.43906724787353724	TRUE	584	75	1.518693292498724
ENSG00000112335	chr6:107057626-107057927	544	84240	TRUE	0.009064572524621575	-0.3235013000546292	TRUE	584	75	3.680031667656281
ENSG00000057663	chr6:107057626-107057927	96	14221	TRUE	0.32	-0.4445342497348399	FALSE	584	75	0.17969311540985655
ENSG00000112335	chr6:107057626-107057927	544	84240	TRUE	2.3364909045392674e-6	-0.4596903656545659	TRUE	584	76	3.680031667656281
ENSG00000130348	chr6:107057626-107057927	473	71978	TRUE	4.7458810966865064e-6	-0.5279678815877389	TRUE	584	76	1.9713011864954113
ENSG00000057663	chr6:107057626-107057927	96	14221	TRUE	1.64001917247426e-5	-1.0894392909122783	TRUE	584	76	0.17969311540985655
ENSG00000025796	chr6:107057626-107057927	409	65106	TRUE	0.044	-0.33542491471416486	TRUE	584	76	1.518693292498724
ENSG00000025796	chr6:107057626-107057927	409	65106	TRUE	2.4153726955387133e-6	-0.5442996515939755	TRUE	584	77	1.518693292498724
ENSG00000112335	chr6:107057626-107057927	544	84240	TRUE	6.778513188690927e-5	-0.42193230659836445	TRUE	584	77	3.680031667656281
ENSG00000130348	chr6:107057626-107057927	473	71978	TRUE	4e-4	-0.5408204836598021	TRUE	584	77	1.9713011864954113
ENSG00000057663	chr6:107057626-107057927	96	14221	TRUE	0.228	-0.4614080682992361	FALSE	584	77	0.17969311540985655
ENSG00000112335	chr6:107057626-107057927	544	84240	TRUE	1.7916595783786464e-7	-0.5028363754708745	TRUE	584	78	3.680031667656281
ENSG00000025796	chr6:107057626-107057927	409	65106	TRUE	5.773879241143041e-7	-0.563693902387282	TRUE	584	78	1.518693292498724
ENSG00000130348	chr6:107057626-107057927	473	71978	TRUE	5.782323134447291e-5	-0.502601161429312	TRUE	584	78	1.9713011864954113
ENSG00000057663	chr6:107057626-107057927	96	14221	TRUE	0.976	-0.27088616224981	FALSE	584	78	0.17969311540985655
ENSG00000112335	chr6:107057626-107057927	544	84240	TRUE	6.776290906133835e-8	-0.5098610760977702	TRUE	584	79	3.680031667656281
ENSG00000130348	chr6:107057626-107057927	473	71978	TRUE	2.0041335176408052e-5	-0.5120614906783781	TRUE	584	79	1.9713011864954113
ENSG00000025796	chr6:107057626-107057927	409	65106	TRUE	3.255154892809649e-4	-0.44905133644615935	TRUE	584	79	1.518693292498724
ENSG00000057663	chr6:107057626-107057927	96	14221	TRUE	0.052	-0.5670182562598347	TRUE	584	79	0.17969311540985655
ENSG00000025796	chr6:107057626-107057927	409	65106	TRUE	4.017854356105757e-4	-0.4530643989527829	TRUE	584	80	1.518693292498724
ENSG00000130348	chr6:107057626-107057927	473	71978	TRUE	0.0016398516279053088	-0.4410696591069396	TRUE	584	80	1.9713011864954113
ENSG00000112335	chr6:107057626-107057927	544	84240	TRUE	0.00867991840572313	-0.32892642881457634	TRUE	584	80	3.680031667656281
ENSG00000057663	chr6:107057626-107057927	96	14221	TRUE	0.068	-0.5853967855746895	TRUE	584	80	0.17969311540985655
ENSG00000112335	chr6:107057626-107057927	544	84240	TRUE	8.431342497599009e-9	-0.511622608723076	TRUE	584	81	3.680031667656281
ENSG00000130348	chr6:107057626-107057927	473	71978	TRUE	1.5685868154664134e-5	-0.5041735812480654	TRUE	584	81	1.9713011864954113
ENSG00000025796	chr6:107057626-107057927	409	65106	TRUE	3.261759314440076e-5	-0.4917557874003977	TRUE	584	81	1.518693292498724
ENSG00000057663	chr6:107057626-107057927	96	14221	TRUE	0.0035943327531864633	-0.8047098139791653	TRUE	584	81	0.17969311540985655
ENSG00000112335	chr6:107057626-107057927	544	84240	TRUE	6.076282394118385e-6	-0.4596903656545659	TRUE	584	82	3.680031667656281
ENSG00000025796	chr6:107057626-107057927	409	65106	TRUE	0.001161251273381434	-0.41538362368076426	TRUE	584	82	1.518693292498724
ENSG00000130348	chr6:107057626-107057927	473	71978	TRUE	0.009685209102066855	-0.39950766846520835	TRUE	584	82	1.9713011864954113
ENSG00000057663	chr6:107057626-107057927	96	14221	TRUE	0.116	-0.5488709095495756	FALSE	584	82	0.17969311540985655
ENSG00000025796	chr6:107057626-107057927	409	65106	TRUE	3.253101425280784e-5	-0.48969332094350543	TRUE	584	83	1.518693292498724
ENSG00000130348	chr6:107057626-107057927	473	71978	TRUE	5.89062187251679e-4	-0.439564499824989	TRUE	584	83	1.9713011864954113
ENSG00000112335	chr6:107057626-107057927	544	84240	TRUE	0.04	-0.29364345188928564	TRUE	584	83	3.680031667656281
ENSG00000057663	chr6:107057626-107057927	96	14221	TRUE	0.1	-0.5309490015523131	FALSE	584	83	0.17969311540985655
ENSG00000130348	chr6:107057626-107057927	473	71978	TRUE	1.9093851541481617e-5	-0.5073235716717149	TRUE	584	84	1.9713011864954113
ENSG00000112335	chr6:107057626-107057927	544	84240	TRUE	4.2578416112405183e-4	-0.3891795936753073	TRUE	584	84	3.680031667656281
ENSG00000025796	chr6:107057626-107057927	409	65106	TRUE	0.0010704501921579932	-0.4212681799326213	TRUE	584	84	1.518693292498724
ENSG00000057663	chr6:107057626-107057927	96	14221	TRUE	0.08	-0.6040124637420363	TRUE	584	84	0.17969311540985655
ENSG00000130348	chr6:107057626-107057927	473	71978	TRUE	1.2222702837608906e-10	-0.6867400220913251	TRUE	584	85	1.9713011864954113
ENSG00000112335	chr6:107057626-107057927	544	84240	TRUE	6.353474767483294e-7	-0.4941033279757774	TRUE	584	85	3.680031667656281
ENSG00000025796	chr6:107057626-107057927	409	65106	TRUE	3.938043559996527e-6	-0.5272765037516618	TRUE	584	85	1.518693292498724
ENSG00000057663	chr6:107057626-107057927	96	14221	TRUE	0.336	-0.4445342497348399	FALSE	584	85	0.17969311540985655
ENSG00000025796	chr6:107057626-107057927	409	65106	TRUE	6.626151598145279e-8	-0.5943906996101985	TRUE	584	86	1.518693292498724
ENSG00000130348	chr6:107057626-107057927	473	71978	TRUE	1.0204652676281886e-4	-0.48076536018883975	TRUE	584	86	1.9713011864954113
ENSG00000112335	chr6:107057626-107057927	544	84240	TRUE	5.333311254558694e-4	-0.37307791938369084	TRUE	584	86	3.680031667656281
ENSG00000057663	chr6:107057626-107057927	96	14221	TRUE	0.948	-0.27088616224981	FALSE	584	86	0.17969311540985655
ENSG00000025796	chr6:107057626-107057927	409	65106	TRUE	3.452104611416894e-7	-0.561526065704572	TRUE	584	87	1.518693292498724
ENSG00000112335	chr6:107057626-107057927	544	84240	TRUE	2.812506282200665e-6	-0.4461517791132301	TRUE	584	87	3.680031667656281
ENSG00000130348	chr6:107057626-107057927	473	71978	TRUE	4.300285999536378e-4	-0.45468722782201043	TRUE	584	87	1.9713011864954113
ENSG00000057663	chr6:107057626-107057927	96	14221	TRUE	0.148	-0.513246999818854	FALSE	584	87	0.17969311540985655
ENSG00000025796	chr6:107057626-107057927	409	65106	TRUE	8.934222024928416e-5	-0.47738005950465373	TRUE	584	88	1.518693292498724
ENSG00000112335	chr6:107057626-107057927	544	84240	TRUE	0.06	-0.28006859442347887	FALSE	584	88	3.680031667656281
ENSG00000130348	chr6:107057626-107057927	473	71978	TRUE	0.1	-0.32397156593890797	FALSE	584	88	1.9713011864954113
ENSG00000057663	chr6:107057626-107057927	96	14221	TRUE	0.368	-0.4113673857996405	FALSE	584	88	0.17969311540985655
ENSG00000130348	chr6:107057626-107057927	473	71978	TRUE	2.3901125188294237e-4	-0.4699701571893453	TRUE	584	89	1.9713011864954113
ENSG00000112335	chr6:107057626-107057927	544	84240	TRUE	3.627739619938182e-4	-0.3997428825067708	TRUE	584	89	3.680031667656281
ENSG00000025796	chr6:107057626-107057927	409	65106	TRUE	0.084	-0.3188526133194578	FALSE	584	89	1.518693292498724
ENSG00000057663	chr6:107057626-107057927	96	14221	TRUE	0.328	-0.12933201803579086	FALSE	584	89	0.17969311540985655
ENSG00000112335	chr6:107057626-107057927	544	84240	TRUE	0.0012086188747730438	-0.38513729615573866	TRUE	584	90	3.680031667656281
ENSG00000025796	chr6:107057626-107057927	409	65106	TRUE	0.006527785708452652	-0.3843983781039059	TRUE	584	90	1.518693292498724
ENSG00000130348	chr6:107057626-107057927	473	71978	TRUE	0.072	-0.3379242379491513	TRUE	584	90	1.9713011864954113
ENSG00000057663	chr6:107057626-107057927	96	14221	TRUE	0.628	-0.37894590810726303	FALSE	584	90	0.17969311540985655
ENSG00000112335	chr6:107057626-107057927	544	84240	TRUE	6.265426960690688e-5	-0.4335737130337609	TRUE	584	91	3.680031667656281
ENSG00000025796	chr6:107057626-107057927	409	65106	TRUE	0.010182886733807926	-0.37866200855476134	TRUE	584	91	1.518693292498724
ENSG00000057663	chr6:107057626-107057927	96	14221	TRUE	0.14	-0.5309490015523131	FALSE	584	91	0.17969311540985655
ENSG00000130348	chr6:107057626-107057927	473	71978	TRUE	0.268	-0.29646463085078345	FALSE	584	91	1.9713011864954113
ENSG00000112335	chr6:107057626-107057927	544	84240	TRUE	1.5878610777489768e-7	-0.4967176960259545	TRUE	584	92	3.680031667656281
ENSG00000025796	chr6:107057626-107057927	409	65106	TRUE	7.185469877482863e-6	-0.520944254927945	TRUE	584	92	1.518693292498724
ENSG00000130348	chr6:107057626-107057927	473	71978	TRUE	6.823727947516157e-4	-0.4486191009331779	TRUE	584	92	1.9713011864954113
ENSG00000057663	chr6:107057626-107057927	96	14221	TRUE	0.156	-0.5309490015523131	FALSE	584	92	0.17969311540985655
ENSG00000025796	chr6:107057626-107057927	409	65106	TRUE	9.367105287252549e-4	-0.43112942844889696	TRUE	584	93	1.518693292498724
ENSG00000112335	chr6:107057626-107057927	544	84240	TRUE	0.012793947911824255	-0.3211824754875674	TRUE	584	93	3.680031667656281
ENSG00000130348	chr6:107057626-107057927	473	71978	TRUE	0.024	-0.38205549950585926	TRUE	584	93	1.9713011864954113
ENSG00000057663	chr6:107057626-107057927	96	14221	TRUE	0.284	-0.4445342497348399	FALSE	584	93	0.17969311540985655
ENSG00000130348	chr6:107057626-107057927	473	71978	TRUE	0.0062178381526633575	-0.40390389850253927	TRUE	584	94	1.9713011864954113
ENSG00000025796	chr6:107057626-107057927	409	65106	TRUE	0.025066520147517646	-0.3484473955077537	TRUE	584	94	1.518693292498724
ENSG00000112335	chr6:107057626-107057927	544	84240	TRUE	0.136	-0.25255953292964217	FALSE	584	94	3.680031667656281
ENSG00000057663	chr6:107057626-107057927	96	14221	TRUE	0.236	-0.4614080682992361	FALSE	584	94	0.17969311540985655
ENSG00000025796	chr6:107057626-107057927	409	65106	TRUE	1.3852861981823554e-5	-0.4979609369271057	TRUE	584	95	1.518693292498724
ENSG00000112335	chr6:107057626-107057927	544	84240	TRUE	9.637108254406841e-5	-0.4030087470386867	TRUE	584	95	3.680031667656281
ENSG00000130348	chr6:107057626-107057927	473	71978	TRUE	5.839944257431309e-4	-0.4471060488376084	TRUE	584	95	1.9713011864954113
ENSG00000057663	chr6:107057626-107057927	96	14221	TRUE	0.272	-0.4445342497348399	FALSE	584	95	0.17969311540985655
ENSG00000057663	chr6:107057626-107057927	96	14221	TRUE	1.1306640234237664e-4	-0.9881559550750967	TRUE	584	96	0.17969311540985655
ENSG00000130348	chr6:107057626-107057927	473	71978	TRUE	1.348982498159141e-4	-0.4715073923277433	TRUE	584	96	1.9713011864954113
ENSG00000025796	chr6:107057626-107057927	409	65106	TRUE	0.0021465206298891468	-0.4271768368233968	TRUE	584	96	1.518693292498724
ENSG00000112335	chr6:107057626-107057927	544	84240	TRUE	0.00735305192163016	-0.32041036145207125	TRUE	584	96	3.680031667656281
ENSG00000112335	chr6:107057626-107057927	544	84240	TRUE	1.9631247557641965e-12	-0.6377144298139861	TRUE	584	97	3.680031667656281
ENSG00000025796	chr6:107057626-107057927	409	65106	TRUE	1.3062122897861972e-10	-0.6858758629571046	TRUE	584	97	1.518693292498724
ENSG00000130348	chr6:107057626-107057927	473	71978	TRUE	5.045522955868405e-6	-0.5456698833211979	TRUE	584	97	1.9713011864954113
ENSG00000057663	chr6:107057626-107057927	96	14221	TRUE	0.024	-0.6228714909933526	TRUE	584	97	0.17969311540985655
ENSG00000130348	chr6:107057626-107057927	473	71978	TRUE	5.252707831656322e-6	-0.5279678815877389	TRUE	584	98	1.9713011864954113
ENSG00000112335	chr6:107057626-107057927	544	84240	TRUE	1.4319761177011554e-5	-0.44362737769768357	TRUE	584	98	3.680031667656281
ENSG00000025796	chr6:107057626-107057927	409	65106	TRUE	3.593819362276811e-4	-0.4530643989527829	TRUE	584	98	1.518693292498724
ENSG00000057663	chr6:107057626-107057927	96	14221	TRUE	0.272	-0.4445342497348399	FALSE	584	98	0.17969311540985655
ENSG00000130348	chr6:107057626-107057927	473	71978	TRUE	0.002576362020183992	-0.4142141672802335	TRUE	584	99	1.9713011864954113
ENSG00000112335	chr6:107057626-107057927	544	84240	TRUE	0.007519708550598095	-0.3390561142494708	TRUE	584	99	3.680031667656281
ENSG00000025796	chr6:107057626-107057927	409	65106	TRUE	0.932	-0.19775303866333427	FALSE	584	99	1.518693292498724
ENSG00000057663	chr6:107057626-107057927	96	14221	TRUE	0.968	-0.25608916032172946	FALSE	584	99	0.17969311540985655
ENSG00000025796	chr6:107057626-107057927	409	65106	TRUE	1.3783880095597321e-5	-0.5230519178899362	TRUE	584	100	1.518693292498724
ENSG00000130348	chr6:107057626-107057927	473	71978	TRUE	0.009782866307908221	-0.40097159049938114	TRUE	584	100	1.9713011864954113
ENSG00000112335	chr6:107057626-107057927	544	84240	TRUE	0.128	-0.26513372977803695	FALSE	584	100	3.680031667656281
ENSG00000057663	chr6:107057626-107057927	96	14221	TRUE	0.692	-0.21258752168514317	FALSE	584	100	0.17969311540985655
ENSG00000118513	chr6:136846781-136847082	359	50817	TRUE	0.0027111678969235706	-0.5799183988240708	TRUE	633	1	1.1791410148233799
ENSG00000029363	chr6:136846781-136847082	196	25871	TRUE	0.0028188394505433076	-0.5927206590474856	TRUE	633	1	0.3660635228184214
ENSG00000135541	chr6:136846781-136847082	82	11043	TRUE	0.012906426390802347	-0.6447396536702312	TRUE	633	1	0.13881683802618833
ENSG00000112339	chr6:136846781-136847082	69	8755	TRUE	0.872	-0.1594449897591752	FALSE	633	1	0.10404491807035636
ENSG00000118513	chr6:136846781-136847082	359	50817	TRUE	9.475235137075821e-4	-0.587925977425437	TRUE	633	2	1.1791410148233799
ENSG00000029363	chr6:136846781-136847082	196	25871	TRUE	0.005056933651472813	-0.5585724366356402	TRUE	633	2	0.3660635228184214
ENSG00000135541	chr6:136846781-136847082	82	11043	TRUE	0.028	-0.5743503257788332	TRUE	633	2	0.13881683802618833
ENSG00000112339	chr6:136846781-136847082	69	8755	TRUE	0.192	-0.43628519511799935	FALSE	633	2	0.10404491807035636
ENSG00000135541	chr6:136846781-136847082	82	11043	TRUE	0.003811356712488438	-0.77027053575409	TRUE	633	3	0.13881683802618833
ENSG00000029363	chr6:136846781-136847082	196	25871	TRUE	0.011672052245066233	-0.5169933328842409	TRUE	633	3	0.3660635228184214
ENSG00000112339	chr6:136846781-136847082	69	8755	TRUE	0.04	-0.5517624125379355	TRUE	633	3	0.10404491807035636
ENSG00000118513	chr6:136846781-136847082	359	50817	TRUE	0.072	-0.45994361634748177	TRUE	633	3	1.1791410148233799
ENSG00000135541	chr6:136846781-136847082	82	11043	TRUE	0.011726246034494625	-0.6689871999169084	TRUE	633	4	0.13881683802618833
ENSG00000029363	chr6:136846781-136847082	196	25871	TRUE	0.028	-0.4845718551918634	TRUE	633	4	0.3660635228184214
ENSG00000118513	chr6:136846781-136847082	359	50817	TRUE	0.06	-0.42127610801598564	TRUE	633	4	1.1791410148233799
ENSG00000112339	chr6:136846781-136847082	69	8755	TRUE	0.516	-0.3038348990943498	FALSE	633	4	0.10404491807035636
ENSG00000112339	chr6:136846781-136847082	69	8755	TRUE	2.869984816822671e-5	-1.1825286028722162	TRUE	633	5	0.10404491807035636
ENSG00000029363	chr6:136846781-136847082	196	25871	TRUE	0.032	-0.46863031132284183	TRUE	633	5	0.3660635228184214
ENSG00000118513	chr6:136846781-136847082	359	50817	TRUE	0.312	-0.383617981957461	FALSE	633	5	1.1791410148233799
ENSG00000135541	chr6:136846781-136847082	82	11043	TRUE	0.848	-0.24784950110164683	FALSE	633	5	0.13881683802618833
ENSG00000118513	chr6:136846781-136847082	359	50817	TRUE	0.005952994200522109	-0.5457234789404742	TRUE	633	6	1.1791410148233799
ENSG00000029363	chr6:136846781-136847082	196	25871	TRUE	0.08	-0.42953049163390156	FALSE	633	6	0.3660635228184214
ENSG00000112339	chr6:136846781-136847082	69	8755	TRUE	0.268	-0.32936999120148736	FALSE	633	6	0.10404491807035636
ENSG00000135541	chr6:136846781-136847082	82	11043	TRUE	0.416	-0.38170524783643733	FALSE	633	6	0.13881683802618833
ENSG00000029363	chr6:136846781-136847082	196	25871	TRUE	4.8337221304905337e-4	-0.6544968566341758	TRUE	633	7	0.3660635228184214
ENSG00000118513	chr6:136846781-136847082	359	50817	TRUE	0.0017372403693394142	-0.5509317699432354	TRUE	633	7	1.1791410148233799
ENSG00000135541	chr6:136846781-136847082	82	11043	TRUE	0.092	-0.485541058820977	FALSE	633	7	0.13881683802618833
ENSG00000112339	chr6:136846781-136847082	69	8755	TRUE	0.844	-0.09233079390063814	FALSE	633	7	0.10404491807035636
ENSG00000118513	chr6:136846781-136847082	359	50817	TRUE	4.676937629137425e-8	-0.7978812955236623	TRUE	633	8	1.1791410148233799
ENSG00000112339	chr6:136846781-136847082	69	8755	TRUE	0.0036654571777970726	-0.8147968183717293	TRUE	633	8	0.10404491807035636
ENSG00000029363	chr6:136846781-136847082	196	25871	TRUE	0.052	-0.45286299546452535	TRUE	633	8	0.3660635228184214
ENSG00000135541	chr6:136846781-136847082	82	11043	TRUE	0.452	-0.09219863064145217	FALSE	633	8	0.13881683802618833
ENSG00000029363	chr6:136846781-136847082	196	25871	TRUE	0.0041762593560299155	-0.5501601968194401	TRUE	633	9	0.3660635228184214
ENSG00000118513	chr6:136846781-136847082	359	50817	TRUE	0.006103940613365499	-0.5509317699432354	TRUE	633	9	1.1791410148233799
ENSG00000135541	chr6:136846781-136847082	82	11043	TRUE	0.01641873727600192	-0.5974339388918741	TRUE	633	9	0.13881683802618833
ENSG00000112339	chr6:136846781-136847082	69	8755	TRUE	0.028	-0.6448718169294168	TRUE	633	9	0.10404491807035636
ENSG00000112339	chr6:136846781-136847082	69	8755	TRUE	0.006040945338882983	-0.7104601585569936	TRUE	633	10	0.10404491807035636
ENSG00000029363	chr6:136846781-136847082	196	25871	TRUE	0.028	-0.46863031132284183	TRUE	633	10	0.3660635228184214
ENSG00000135541	chr6:136846781-136847082	82	11043	TRUE	0.14	-0.485541058820977	FALSE	633	10	0.13881683802618833
ENSG00000118513	chr6:136846781-136847082	359	50817	TRUE	0.188	-0.4070388703592128	FALSE	633	10	1.1791410148233799
ENSG00000118513	chr6:136846781-136847082	359	50817	TRUE	0.0019666438378743364	-0.5561589316067849	TRUE	633	11	1.1791410148233799
ENSG00000029363	chr6:136846781-136847082	196	25871	TRUE	0.0030638597124342665	-0.5841075287427777	TRUE	633	11	0.3660635228184214
ENSG00000112339	chr6:136846781-136847082	69	8755	TRUE	0.332	-0.38183741109562286	FALSE	633	11	0.10404491807035636
ENSG00000135541	chr6:136846781-136847082	82	11043	TRUE	0.44	-0.3037027358351643	FALSE	633	11	0.13881683802618833
ENSG00000029363	chr6:136846781-136847082	196	25871	TRUE	2.2064327937629767e-4	-0.6818042026299109	TRUE	633	12	0.3660635228184214
ENSG00000118513	chr6:136846781-136847082	359	50817	TRUE	6.513111786705696e-4	-0.6176733208194891	TRUE	633	12	1.1791410148233799
ENSG00000135541	chr6:136846781-136847082	82	11043	TRUE	0.018839306236601072	-0.6447396536702312	TRUE	633	12	0.13881683802618833
ENSG00000112339	chr6:136846781-136847082	69	8755	TRUE	0.976	-0.13672491325909153	FALSE	633	12	0.10404491807035636
ENSG00000118513	chr6:136846781-136847082	359	50817	TRUE	0.010581512508009129	-0.5302104795691496	TRUE	633	13	1.1791410148233799
ENSG00000029363	chr6:136846781-136847082	196	25871	TRUE	0.052	-0.46863031132284183	FALSE	633	13	0.3660635228184214
ENSG00000135541	chr6:136846781-136847082	82	11043	TRUE	0.144	-0.485541058820977	FALSE	633	13	0.13881683802618833
ENSG00000112339	chr6:136846781-136847082	69	8755	TRUE	0.576	-0.2540818638972504	FALSE	633	13	0.10404491807035636
ENSG00000118513	chr6:136846781-136847082	359	50817	TRUE	3.1739997201640606e-4	-0.6149435280639166	TRUE	633	14	1.1791410148233799
ENSG00000029363	chr6:136846781-136847082	196	25871	TRUE	0.04	-0.46863031132284183	TRUE	633	14	0.3660635228184214
ENSG00000135541	chr6:136846781-136847082	82	11043	TRUE	0.164	-0.44310579250058035	FALSE	633	14	0.13881683802618833
ENSG00000112339	chr6:136846781-136847082	69	8755	TRUE	0.988	-0.18252860287221617	FALSE	633	14	0.10404491807035636
ENSG00000118513	chr6:136846781-136847082	359	50817	TRUE	0.076	-0.4332487496820615	FALSE	633	15	1.1791410148233799
ENSG00000135541	chr6:136846781-136847082	82	11043	TRUE	0.164	-0.42234723233378313	FALSE	633	15	0.13881683802618833
ENSG00000112339	chr6:136846781-136847082	69	8755	TRUE	0.196	0.09209377723678935	FALSE	633	15	0.10404491807035636
ENSG00000029363	chr6:136846781-136847082	196	25871	TRUE	0.996	-0.22823210193207788	FALSE	633	15	0.3660635228184214
ENSG00000118513	chr6:136846781-136847082	359	50817	TRUE	0.007276977463588116	-0.5072493311258385	TRUE	633	16	1.1791410148233799
ENSG00000029363	chr6:136846781-136847082	196	25871	TRUE	0.224	-0.3690946377719273	FALSE	633	16	0.3660635228184214
ENSG00000135541	chr6:136846781-136847082	82	11043	TRUE	0.252	-0.4018831297740677	FALSE	633	16	0.13881683802618833
ENSG00000112339	chr6:136846781-136847082	69	8755	TRUE	0.648	-0.2059875756962053	FALSE	633	16	0.10404491807035636
ENSG00000118513	chr6:136846781-136847082	359	50817	TRUE	0.0011848561202779748	-0.5772590523735809	TRUE	633	17	1.1791410148233799
ENSG00000135541	chr6:136846781-136847082	82	11043	TRUE	0.084	-0.485541058820977	FALSE	633	17	0.13881683802618833
ENSG00000029363	chr6:136846781-136847082	196	25871	TRUE	0.172	-0.3914624508003819	FALSE	633	17	0.3660635228184214
ENSG00000112339	chr6:136846781-136847082	69	8755	TRUE	0.92	-0.13672491325909153	FALSE	633	17	0.10404491807035636
ENSG00000029363	chr6:136846781-136847082	196	25871	TRUE	8.120692018947755e-4	-0.6188729469034544	TRUE	633	18	0.3660635228184214
ENSG00000118513	chr6:136846781-136847082	359	50817	TRUE	0.04	-0.4477483193771766	TRUE	633	18	1.1791410148233799
ENSG00000135541	chr6:136846781-136847082	82	11043	TRUE	0.04	-0.5516302492787495	TRUE	633	18	0.13881683802618833
ENSG00000112339	chr6:136846781-136847082	69	8755	TRUE	0.504	-0.3038348990943498	FALSE	633	18	0.10404491807035636
ENSG00000029363	chr6:136846781-136847082	196	25871	TRUE	0.16	-0.37651210933441015	FALSE	633	19	0.3660635228184214
ENSG00000112339	chr6:136846781-136847082	69	8755	TRUE	0.244	0.05309964562092562	FALSE	633	19	0.10404491807035636
ENSG00000118513	chr6:136846781-136847082	359	50817	TRUE	0.276	-0.39528089948304107	FALSE	633	19	1.1791410148233799
ENSG00000135541	chr6:136846781-136847082	82	11043	TRUE	0.36	-0.3228115587828686	FALSE	633	19	0.13881683802618833
ENSG00000029363	chr6:136846781-136847082	196	25871	TRUE	0.018020136342344437	-0.46863031132284183	TRUE	633	20	0.3660635228184214
ENSG00000135541	chr6:136846781-136847082	82	11043	TRUE	0.024	-0.6447396536702312	TRUE	633	20	0.13881683802618833
ENSG00000118513	chr6:136846781-136847082	359	50817	TRUE	0.048	-0.4697746257071756	TRUE	633	20	1.1791410148233799
ENSG00000112339	chr6:136846781-136847082	69	8755	TRUE	0.108	-0.4928687234843667	FALSE	633	20	0.10404491807035636
ENSG00000118513	chr6:136846781-136847082	359	50817	TRUE	0.006311063599343955	-0.5123203206732604	TRUE	633	21	1.1791410148233799
ENSG00000029363	chr6:136846781-136847082	196	25871	TRUE	0.024	-0.5006915205551403	TRUE	633	21	0.3660635228184214
ENSG00000135541	chr6:136846781-136847082	82	11043	TRUE	0.036	-0.5292624362502951	TRUE	633	21	0.13881683802618833
ENSG00000112339	chr6:136846781-136847082	69	8755	TRUE	0.052	-0.5220150691438832	TRUE	633	21	0.10404491807035636
ENSG00000118513	chr6:136846781-136847082	359	50817	TRUE	0.048	-0.46239509534157797	FALSE	633	22	1.1791410148233799
ENSG00000112339	chr6:136846781-136847082	69	8755	TRUE	0.064	-0.43628519511799935	FALSE	633	22	0.10404491807035636
ENSG00000029363	chr6:136846781-136847082	196	25871	TRUE	0.388	-0.3182134687697433	FALSE	633	22	0.3660635228184214
ENSG00000135541	chr6:136846781-136847082	82	11043	TRUE	0.52	-0.3037027358351643	FALSE	633	22	0.13881683802618833
ENSG00000029363	chr6:136846781-136847082	196	25871	TRUE	0.004768415094013309	-0.5670340153838362	TRUE	633	23	0.3660635228184214
ENSG00000118513	chr6:136846781-136847082	359	50817	TRUE	0.032	-0.45505312000041	TRUE	633	23	1.1791410148233799
ENSG00000112339	chr6:136846781-136847082	69	8755	TRUE	0.104	-0.43628519511799935	FALSE	633	23	0.10404491807035636
ENSG00000135541	chr6:136846781-136847082	82	11043	TRUE	0.344	-0.36180569039873234	FALSE	633	23	0.13881683802618833
ENSG00000029363	chr6:136846781-136847082	196	25871	TRUE	6.886788189619138e-4	-0.6365749486369134	TRUE	633	24	0.3660635228184214
ENSG00000118513	chr6:136846781-136847082	359	50817	TRUE	0.001979790885662233	-0.5561589316067849	TRUE	633	24	1.1791410148233799
ENSG00000112339	chr6:136846781-136847082	69	8755	TRUE	0.04	-0.5517624125379355	TRUE	633	24	0.10404491807035636
ENSG00000135541	chr6:136846781-136847082	82	11043	TRUE	0.204	-0.38170524783643733	FALSE	633	24	0.13881683802618833
ENSG00000029363	chr6:136846781-136847082	196	25871	TRUE	0.0015316082116234864	-0.5841075287427777	TRUE	633	25	0.3660635228184214
ENSG00000112339	chr6:136846781-136847082	69	8755	TRUE	0.156	-0.4642995712875959	FALSE	633	25	0.10404491807035636
ENSG00000135541	chr6:136846781-136847082	82	11043	TRUE	0.78	-0.12536549457665158	FALSE	633	25	0.13881683802618833
ENSG00000118513	chr6:136846781-136847082	359	50817	TRUE	0.856	-0.2957452259321265	FALSE	633	25	1.1791410148233799
ENSG00000029363	chr6:136846781-136847082	196	25871	TRUE	0.06	-0.42953049163390156	TRUE	633	26	0.3660635228184214
ENSG00000112339	chr6:136846781-136847082	69	8755	TRUE	0.06	-0.5821360615814544	TRUE	633	26	0.10404491807035636
ENSG00000135541	chr6:136846781-136847082	82	11043	TRUE	0.068	-0.5072361299202961	TRUE	633	26	0.13881683802618833
ENSG00000118513	chr6:136846781-136847082	359	50817	TRUE	0.32	-0.36515123329865323	FALSE	633	26	1.1791410148233799
ENSG00000029363	chr6:136846781-136847082	196	25871	TRUE	1.2546269613614158e-4	-0.7284974380779528	TRUE	633	27	0.3660635228184214
ENSG00000135541	chr6:136846781-136847082	82	11043	TRUE	0.056	-0.5072361299202961	TRUE	633	27	0.13881683802618833
ENSG00000118513	chr6:136846781-136847082	359	50817	TRUE	0.06	-0.45994361634748177	TRUE	633	27	1.1791410148233799
ENSG00000112339	chr6:136846781-136847082	69	8755	TRUE	0.124	-0.4642995712875959	FALSE	633	27	0.10404491807035636
ENSG00000029363	chr6:136846781-136847082	196	25871	TRUE	0.007036900737454249	-0.5417967238848134	TRUE	633	28	0.3660635228184214
ENSG00000135541	chr6:136846781-136847082	82	11043	TRUE	0.024	-0.5516302492787495	TRUE	633	28	0.13881683802618833
ENSG00000118513	chr6:136846781-136847082	359	50817	TRUE	0.448	-0.3469178779216421	FALSE	633	28	1.1791410148233799
ENSG00000112339	chr6:136846781-136847082	69	8755	TRUE	0.712	-0.09233079390063814	FALSE	633	28	0.10404491807035636
ENSG00000118513	chr6:136846781-136847082	359	50817	TRUE	9.808608710097774e-6	-0.7137002085932647	TRUE	633	29	1.1791410148233799
ENSG00000029363	chr6:136846781-136847082	196	25871	TRUE	2.570741680569689e-4	-0.6818042026299109	TRUE	633	29	0.3660635228184214
ENSG00000135541	chr6:136846781-136847082	82	11043	TRUE	0.03574739505018215	-0.5743503257788332	TRUE	633	29	0.13881683802618833
ENSG00000112339	chr6:136846781-136847082	69	8755	TRUE	0.056	-0.5220150691438832	TRUE	633	29	0.10404491807035636
ENSG00000118513	chr6:136846781-136847082	359	50817	TRUE	0.002361522897709384	-0.5457234789404742	TRUE	633	30	1.1791410148233799
ENSG00000029363	chr6:136846781-136847082	196	25871	TRUE	0.06	-0.42953049163390156	TRUE	633	30	0.3660635228184214
ENSG00000112339	chr6:136846781-136847082	69	8755	TRUE	0.064	-0.5220150691438832	TRUE	633	30	0.10404491807035636
ENSG00000135541	chr6:136846781-136847082	82	11043	TRUE	0.224	-0.4018831297740677	FALSE	633	30	0.13881683802618833
ENSG00000029363	chr6:136846781-136847082	196	25871	TRUE	0.004265262221668786	-0.5334814556728098	TRUE	633	31	0.3660635228184214
ENSG00000112339	chr6:136846781-136847082	69	8755	TRUE	0.019620283196058824	-0.6131629572020789	TRUE	633	31	0.10404491807035636
ENSG00000118513	chr6:136846781-136847082	359	50817	TRUE	0.26	-0.3789790871539405	FALSE	633	31	1.1791410148233799
ENSG00000135541	chr6:136846781-136847082	82	11043	TRUE	0.284	-0.38170524783643733	FALSE	633	31	0.13881683802618833
ENSG00000118513	chr6:136846781-136847082	359	50817	TRUE	0.003729578502060349	-0.5535429833997734	TRUE	633	32	1.1791410148233799
ENSG00000029363	chr6:136846781-136847082	196	25871	TRUE	0.007454082722162705	-0.5417967238848134	TRUE	633	32	0.3660635228184214
ENSG00000135541	chr6:136846781-136847082	82	11043	TRUE	0.18	-0.42234723233378313	FALSE	633	32	0.13881683802618833
ENSG00000112339	chr6:136846781-136847082	69	8755	TRUE	0.492	-0.32936999120148736	FALSE	633	32	0.10404491807035636
ENSG00000118513	chr6:136846781-136847082	359	50817	TRUE	0.0023323539160731155	-0.5327844232329759	TRUE	633	33	1.1791410148233799
ENSG00000135541	chr6:136846781-136847082	82	11043	TRUE	0.132	-0.44310579250058035	FALSE	633	33	0.13881683802618833
ENSG00000029363	chr6:136846781-136847082	196	25871	TRUE	0.18	-0.36171510740632984	FALSE	633	33	0.3660635228184214
ENSG00000112339	chr6:136846781-136847082	69	8755	TRUE	0.412	-0.3038348990943498	FALSE	633	33	0.10404491807035636
ENSG00000118513	chr6:136846781-136847082	359	50817	TRUE	3.377794578236776e-7	-0.7702837369596323	TRUE	633	34	1.1791410148233799
ENSG00000029363	chr6:136846781-136847082	196	25871	TRUE	5.52026264737708e-4	-0.6544968566341758	TRUE	633	34	0.3660635228184214
ENSG00000112339	chr6:136846781-136847082	69	8755	TRUE	0.005899956464101755	-0.7444074904803313	TRUE	633	34	0.10404491807035636
ENSG00000135541	chr6:136846781-136847082	82	11043	TRUE	0.16	-0.42234723233378313	FALSE	633	34	0.13881683802618833
ENSG00000118513	chr6:136846781-136847082	359	50817	TRUE	0.0013884611448235565	-0.5535429833997734	TRUE	633	35	1.1791410148233799
ENSG00000029363	chr6:136846781-136847082	196	25871	TRUE	0.007562202172763266	-0.5252138396892092	TRUE	633	35	0.3660635228184214
ENSG00000112339	chr6:136846781-136847082	69	8755	TRUE	0.025443980715532916	-0.6448718169294168	TRUE	633	35	0.10404491807035636
ENSG00000135541	chr6:136846781-136847082	82	11043	TRUE	0.036	-0.5974339388918741	TRUE	633	35	0.13881683802618833
ENSG00000029363	chr6:136846781-136847082	196	25871	TRUE	3.7242124949742224e-5	-0.7190371088288863	TRUE	633	36	0.3660635228184214
ENSG00000118513	chr6:136846781-136847082	359	50817	TRUE	0.0013439774317849304	-0.543126367454435	TRUE	633	36	1.1791410148233799
ENSG00000112339	chr6:136846781-136847082	69	8755	TRUE	0.052	-0.5821360615814544	TRUE	633	36	0.10404491807035636
ENSG00000135541	chr6:136846781-136847082	82	11043	TRUE	0.752	-0.21178024639412518	FALSE	633	36	0.13881683802618833
ENSG00000029363	chr6:136846781-136847082	196	25871	TRUE	0.18	-0.3914624508003819	FALSE	633	37	0.3660635228184214
ENSG00000118513	chr6:136846781-136847082	359	50817	TRUE	0.232	-0.42605324827785773	FALSE	633	37	1.1791410148233799
ENSG00000135541	chr6:136846781-136847082	82	11043	TRUE	0.824	-0.21178024639412518	FALSE	633	37	0.13881683802618833
ENSG00000112339	chr6:136846781-136847082	69	8755	TRUE	0.844	-0.2059875756962053	FALSE	633	37	0.10404491807035636
ENSG00000029363	chr6:136846781-136847082	196	25871	TRUE	5.02755849782861e-6	-0.7965158615066035	TRUE	633	38	0.3660635228184214
ENSG00000118513	chr6:136846781-136847082	359	50817	TRUE	5.990819493076208e-5	-0.6452591524913887	TRUE	633	38	1.1791410148233799
ENSG00000135541	chr6:136846781-136847082	82	11043	TRUE	0.284	-0.38170524783643733	FALSE	633	38	0.13881683802618833
ENSG00000112339	chr6:136846781-136847082	69	8755	TRUE	0.988	-0.18252860287221617	FALSE	633	38	0.10404491807035636
ENSG00000118513	chr6:136846781-136847082	359	50817	TRUE	0.0077670707695978725	-0.5405339228379108	TRUE	633	39	1.1791410148233799
ENSG00000029363	chr6:136846781-136847082	196	25871	TRUE	0.028	-0.42953049163390156	TRUE	633	39	0.3660635228184214
ENSG00000112339	chr6:136846781-136847082	69	8755	TRUE	0.432	-0.3038348990943498	FALSE	633	39	0.10404491807035636
ENSG00000135541	chr6:136846781-136847082	82	11043	TRUE	0.84	-0.21178024639412518	FALSE	633	39	0.13881683802618833
ENSG00000135541	chr6:136846781-136847082	82	11043	TRUE	0.036	0.18983673712239746	FALSE	633	40	0.13881683802618833
ENSG00000118513	chr6:136846781-136847082	359	50817	TRUE	0.064	-0.4428989197157808	FALSE	633	40	1.1791410148233799
ENSG00000029363	chr6:136846781-136847082	196	25871	TRUE	0.252	-0.3690946377719273	FALSE	633	40	0.3660635228184214
ENSG00000112339	chr6:136846781-136847082	69	8755	TRUE	0.496	-0.2540818638972504	FALSE	633	40	0.10404491807035636
ENSG00000118513	chr6:136846781-136847082	359	50817	TRUE	3.9992544415033e-4	-0.6286444386404922	TRUE	633	41	1.1791410148233799
ENSG00000135541	chr6:136846781-136847082	82	11043	TRUE	0.024	-0.5974339388918741	TRUE	633	41	0.13881683802618833
ENSG00000112339	chr6:136846781-136847082	69	8755	TRUE	0.692	-0.2059875756962053	FALSE	633	41	0.10404491807035636
ENSG00000029363	chr6:136846781-136847082	196	25871	TRUE	0.736	-0.2417153312956999	FALSE	633	41	0.3660635228184214
ENSG00000118513	chr6:136846781-136847082	359	50817	TRUE	2.739895733886808e-4	-0.6620674401779425	TRUE	633	42	1.1791410148233799
ENSG00000029363	chr6:136846781-136847082	196	25871	TRUE	3.608388019873364e-4	-0.6455080734069212	TRUE	633	42	0.3660635228184214
ENSG00000135541	chr6:136846781-136847082	82	11043	TRUE	0.00863799242534441	-0.6689871999169084	TRUE	633	42	0.13881683802618833
ENSG00000112339	chr6:136846781-136847082	69	8755	TRUE	0.072	-0.5220150691438832	TRUE	633	42	0.10404491807035636
ENSG00000118513	chr6:136846781-136847082	359	50817	TRUE	1.6946193569960296e-6	-0.6934006469827341	TRUE	633	43	1.1791410148233799
ENSG00000029363	chr6:136846781-136847082	196	25871	TRUE	0.008225358940295066	-0.5169933328842409	TRUE	633	43	0.3660635228184214
ENSG00000135541	chr6:136846781-136847082	82	11043	TRUE	0.576	-0.09219863064145217	FALSE	633	43	0.13881683802618833
ENSG00000112339	chr6:136846781-136847082	69	8755	TRUE	0.596	-0.07063572280131902	FALSE	633	43	0.10404491807035636
ENSG00000118513	chr6:136846781-136847082	359	50817	TRUE	1.0110778055163507e-6	-0.7283767852257088	TRUE	633	44	1.1791410148233799
ENSG00000112339	chr6:136846781-136847082	69	8755	TRUE	0.072	-0.4928687234843667	FALSE	633	44	0.10404491807035636
ENSG00000135541	chr6:136846781-136847082	82	11043	TRUE	0.408	-0.3228115587828686	FALSE	633	44	0.13881683802618833
ENSG00000029363	chr6:136846781-136847082	196	25871	TRUE	0.444	-0.3110890343363619	FALSE	633	44	0.3660635228184214
ENSG00000029363	chr6:136846781-136847082	196	25871	TRUE	0.0053416245063416384	-0.5670340153838362	TRUE	633	45	0.3660635228184214
ENSG00000135541	chr6:136846781-136847082	82	11043	TRUE	0.024	-0.5974339388918741	TRUE	633	45	0.13881683802618833
ENSG00000118513	chr6:136846781-136847082	359	50817	TRUE	0.044	-0.4796730867734136	TRUE	633	45	1.1791410148233799
ENSG00000112339	chr6:136846781-136847082	69	8755	TRUE	0.636	-0.2540818638972504	FALSE	633	45	0.10404491807035636
ENSG00000118513	chr6:136846781-136847082	359	50817	TRUE	1.1397063868680973e-6	-0.7521743564079004	TRUE	633	46	1.1791410148233799
ENSG00000029363	chr6:136846781-136847082	196	25871	TRUE	1.2003733225358047e-5	-0.7767526066851735	TRUE	633	46	0.3660635228184214
ENSG00000135541	chr6:136846781-136847082	82	11043	TRUE	0.316	-0.4018831297740677	FALSE	633	46	0.13881683802618833
ENSG00000112339	chr6:136846781-136847082	69	8755	TRUE	0.36	-0.35536519973443204	FALSE	633	46	0.10404491807035636
ENSG00000112339	chr6:136846781-136847082	69	8755	TRUE	0.008250966046247948	-0.7104601585569936	TRUE	633	47	0.10404491807035636
ENSG00000029363	chr6:136846781-136847082	196	25871	TRUE	0.08	-0.41418252730046556	FALSE	633	47	0.3660635228184214
ENSG00000118513	chr6:136846781-136847082	359	50817	TRUE	0.124	-0.44048031891313744	FALSE	633	47	1.1791410148233799
ENSG00000135541	chr6:136846781-136847082	82	11043	TRUE	0.512	-0.28484370858384844	FALSE	633	47	0.13881683802618833
ENSG00000029363	chr6:136846781-136847082	196	25871	TRUE	0.008132507904672376	-0.5169933328842409	TRUE	633	48	0.3660635228184214
ENSG00000135541	chr6:136846781-136847082	82	11043	TRUE	0.28	-0.38170524783643733	FALSE	633	48	0.13881683802618833
ENSG00000118513	chr6:136846781-136847082	359	50817	TRUE	0.368	-0.36744669128631546	FALSE	633	48	1.1791410148233799
ENSG00000112339	chr6:136846781-136847082	69	8755	TRUE	0.452	-0.27874391813151966	FALSE	633	48	0.10404491807035636
ENSG00000112339	chr6:136846781-136847082	69	8755	TRUE	0.06	-0.5517624125379355	FALSE	633	49	0.10404491807035636
ENSG00000118513	chr6:136846781-136847082	359	50817	TRUE	0.068	-0.46485074706789026	FALSE	633	49	1.1791410148233799
ENSG00000029363	chr6:136846781-136847082	196	25871	TRUE	0.172	-0.35437313206516174	FALSE	633	49	0.3660635228184214
ENSG00000135541	chr6:136846781-136847082	82	11043	TRUE	0.208	-0.42234723233378313	FALSE	633	49	0.13881683802618833
ENSG00000118513	chr6:136846781-136847082	359	50817	TRUE	0.001639181164169723	-0.5825826563511272	TRUE	633	50	1.1791410148233799
ENSG00000135541	chr6:136846781-136847082	82	11043	TRUE	0.01000805066337021	-0.6689871999169084	TRUE	633	50	0.13881683802618833
ENSG00000112339	chr6:136846781-136847082	69	8755	TRUE	0.188	-0.43628519511799935	FALSE	633	50	0.10404491807035636
ENSG00000029363	chr6:136846781-136847082	196	25871	TRUE	0.216	-0.36171510740632984	FALSE	633	50	0.3660635228184214
ENSG00000118513	chr6:136846781-136847082	359	50817	TRUE	2.3801037383271335e-6	-0.6905238862271704	TRUE	633	51	1.1791410148233799
ENSG00000112339	chr6:136846781-136847082	69	8755	TRUE	0.004293755660391696	-0.7791729086410082	TRUE	633	51	0.10404491807035636
ENSG00000135541	chr6:136846781-136847082	82	11043	TRUE	0.03861710010743122	-0.5516302492787495	TRUE	633	51	0.13881683802618833
ENSG00000029363	chr6:136846781-136847082	196	25871	TRUE	0.088	-0.42953049163390156	TRUE	633	51	0.3660635228184214
ENSG00000118513	chr6:136846781-136847082	359	50817	TRUE	4.970288979338003e-4	-0.6094993893737888	TRUE	633	52	1.1791410148233799
ENSG00000029363	chr6:136846781-136847082	196	25871	TRUE	8.40511185492946e-4	-0.6276967972904606	TRUE	633	52	0.3660635228184214
ENSG00000112339	chr6:136846781-136847082	69	8755	TRUE	0.028	-0.6772932946217942	TRUE	633	52	0.10404491807035636
ENSG00000135541	chr6:136846781-136847082	82	11043	TRUE	0.516	-0.28484370858384844	FALSE	633	52	0.13881683802618833
ENSG00000118513	chr6:136846781-136847082	359	50817	TRUE	6.037064230430302e-4	-0.6067850046767528	TRUE	633	53	1.1791410148233799
ENSG00000029363	chr6:136846781-136847082	196	25871	TRUE	0.292	-0.35437313206516174	FALSE	633	53	0.3660635228184214
ENSG00000135541	chr6:136846781-136847082	82	11043	TRUE	0.452	-0.28484370858384844	FALSE	633	53	0.13881683802618833
ENSG00000112339	chr6:136846781-136847082	69	8755	TRUE	0.564	-0.028200456480922398	FALSE	633	53	0.10404491807035636
ENSG00000118513	chr6:136846781-136847082	359	50817	TRUE	0.024	-0.49716051350225465	TRUE	633	54	1.1791410148233799
ENSG00000029363	chr6:136846781-136847082	196	25871	TRUE	0.096	-0.4218360998439008	FALSE	633	54	0.3660635228184214
ENSG00000112339	chr6:136846781-136847082	69	8755	TRUE	0.108	-0.5220150691438832	FALSE	633	54	0.10404491807035636
ENSG00000135541	chr6:136846781-136847082	82	11043	TRUE	0.852	-0.12536549457665158	FALSE	633	54	0.13881683802618833
ENSG00000118513	chr6:136846781-136847082	359	50817	TRUE	0.002235791148498825	-0.5509317699432354	TRUE	633	55	1.1791410148233799
ENSG00000029363	chr6:136846781-136847082	196	25871	TRUE	0.005332974692318873	-0.5501601968194401	TRUE	633	55	0.3660635228184214
ENSG00000112339	chr6:136846781-136847082	69	8755	TRUE	0.62	-0.04926207200875199	FALSE	633	55	0.10404491807035636
ENSG00000135541	chr6:136846781-136847082	82	11043	TRUE	0.868	-0.24784950110164683	FALSE	633	55	0.13881683802618833
ENSG00000118513	chr6:136846781-136847082	359	50817	TRUE	2.7091725154187486e-5	-0.664887959240321	TRUE	633	56	1.1791410148233799
ENSG00000112339	chr6:136846781-136847082	69	8755	TRUE	0.024	-0.6131629572020789	TRUE	633	56	0.10404491807035636
ENSG00000135541	chr6:136846781-136847082	82	11043	TRUE	0.628	-0.28484370858384844	FALSE	633	56	0.13881683802618833
ENSG00000029363	chr6:136846781-136847082	196	25871	TRUE	0.852	-0.18852239213010646	FALSE	633	56	0.3660635228184214
ENSG00000029363	chr6:136846781-136847082	196	25871	TRUE	3.0450123319710354e-5	-0.7572564310593763	TRUE	633	57	0.3660635228184214
ENSG00000118513	chr6:136846781-136847082	359	50817	TRUE	0.036	-0.4697746257071756	TRUE	633	57	1.1791410148233799
ENSG00000135541	chr6:136846781-136847082	82	11043	TRUE	0.288	-0.36180569039873234	FALSE	633	57	0.13881683802618833
ENSG00000112339	chr6:136846781-136847082	69	8755	TRUE	0.316	-0.35536519973443204	FALSE	633	57	0.10404491807035636
ENSG00000112339	chr6:136846781-136847082	69	8755	TRUE	0.052	-0.5821360615814544	FALSE	633	58	0.10404491807035636
ENSG00000135541	chr6:136846781-136847082	82	11043	TRUE	0.52	-0.07589681831235184	FALSE	633	58	0.13881683802618833
ENSG00000118513	chr6:136846781-136847082	359	50817	TRUE	0.552	-0.36515123329865323	FALSE	633	58	1.1791410148233799
ENSG00000029363	chr6:136846781-136847082	196	25871	TRUE	0.972	-0.2215374493580693	FALSE	633	58	0.3660635228184214
ENSG00000029363	chr6:136846781-136847082	196	25871	TRUE	1.3609917471117932e-4	-0.7003005462473004	TRUE	633	59	0.3660635228184214
ENSG00000135541	chr6:136846781-136847082	82	11043	TRUE	0.011965204062018286	-0.6447396536702312	TRUE	633	59	0.13881683802618833
ENSG00000118513	chr6:136846781-136847082	359	50817	TRUE	0.26	-0.40232417648716085	FALSE	633	59	1.1791410148233799
ENSG00000112339	chr6:136846781-136847082	69	8755	TRUE	0.632	-0.27874391813151966	FALSE	633	59	0.10404491807035636
ENSG00000135541	chr6:136846781-136847082	82	11043	TRUE	0.002197372673252665	-0.7442753272211453	TRUE	633	60	0.13881683802618833
ENSG00000118513	chr6:136846781-136847082	359	50817	TRUE	0.136	-0.42127610801598564	FALSE	633	60	1.1791410148233799
ENSG00000112339	chr6:136846781-136847082	69	8755	TRUE	0.176	-0.43628519511799935	FALSE	633	60	0.10404491807035636
ENSG00000029363	chr6:136846781-136847082	196	25871	TRUE	0.624	-0.25532576281435304	FALSE	633	60	0.3660635228184214
ENSG00000118513	chr6:136846781-136847082	359	50817	TRUE	8.059031450009177e-4	-0.5906050776213182	TRUE	633	61	1.1791410148233799
ENSG00000029363	chr6:136846781-136847082	196	25871	TRUE	0.003488565007078462	-0.5501601968194401	TRUE	633	61	0.3660635228184214
ENSG00000112339	chr6:136846781-136847082	69	8755	TRUE	0.028	-0.5821360615814544	TRUE	633	61	0.10404491807035636
ENSG00000135541	chr6:136846781-136847082	82	11043	TRUE	0.204	-0.4018831297740677	FALSE	633	61	0.13881683802618833
ENSG00000118513	chr6:136846781-136847082	359	50817	TRUE	5.380903651085742e-6	-0.7020655081098615	TRUE	633	62	1.1791410148233799
ENSG00000029363	chr6:136846781-136847082	196	25871	TRUE	0.0027281165614708586	-0.6013855201746132	TRUE	633	62	0.3660635228184214
ENSG00000112339	chr6:136846781-136847082	69	8755	TRUE	0.024	-0.6131629572020789	TRUE	633	62	0.10404491807035636
ENSG00000135541	chr6:136846781-136847082	82	11043	TRUE	0.108	-0.485541058820977	FALSE	633	62	0.13881683802618833
ENSG00000118513	chr6:136846781-136847082	359	50817	TRUE	8.776497705526021e-5	-0.631400303931001	TRUE	633	63	1.1791410148233799
ENSG00000029363	chr6:136846781-136847082	196	25871	TRUE	9.8661358185273e-5	-0.6910227326592897	TRUE	633	63	0.3660635228184214
ENSG00000135541	chr6:136846781-136847082	82	11043	TRUE	1.1641115332390595e-4	-0.9970413976011123	TRUE	633	63	0.13881683802618833
ENSG00000112339	chr6:136846781-136847082	69	8755	TRUE	0.492	-0.3038348990943498	FALSE	633	63	0.10404491807035636
ENSG00000029363	chr6:136846781-136847082	196	25871	TRUE	1.3157365576626774e-5	-0.7866003926415208	TRUE	633	64	0.3660635228184214
ENSG00000118513	chr6:136846781-136847082	359	50817	TRUE	0.003628598424082141	-0.543126367454435	TRUE	633	64	1.1791410148233799
ENSG00000112339	chr6:136846781-136847082	69	8755	TRUE	0.224	-0.38183741109562286	FALSE	633	64	0.10404491807035636
ENSG00000135541	chr6:136846781-136847082	82	11043	TRUE	0.78	-0.21178024639412518	FALSE	633	64	0.13881683802618833
ENSG00000029363	chr6:136846781-136847082	196	25871	TRUE	1.2395285895355768e-4	-0.7096384108266369	TRUE	633	65	0.3660635228184214
ENSG00000118513	chr6:136846781-136847082	359	50817	TRUE	9.27957204987534e-4	-0.56931029925809	TRUE	633	65	1.1791410148233799
ENSG00000112339	chr6:136846781-136847082	69	8755	TRUE	0.12	-0.4928687234843667	FALSE	633	65	0.10404491807035636
ENSG00000135541	chr6:136846781-136847082	82	11043	TRUE	0.852	-0.14223931314104776	FALSE	633	65	0.13881683802618833
ENSG00000118513	chr6:136846781-136847082	359	50817	TRUE	9.868039240218396e-6	-0.7078711297910671	TRUE	633	66	1.1791410148233799
ENSG00000029363	chr6:136846781-136847082	196	25871	TRUE	1.4527188243509612e-4	-0.6818042026299109	TRUE	633	66	0.3660635228184214
ENSG00000135541	chr6:136846781-136847082	82	11043	TRUE	0.0010997265117983976	-0.8511905311376573	TRUE	633	66	0.13881683802618833
ENSG00000112339	chr6:136846781-136847082	69	8755	TRUE	0.028	-0.5517624125379355	TRUE	633	66	0.10404491807035636
ENSG00000118513	chr6:136846781-136847082	359	50817	TRUE	0.0037504403793368057	-0.5276411199570163	TRUE	633	67	1.1791410148233799
ENSG00000029363	chr6:136846781-136847082	196	25871	TRUE	0.224	-0.3470683314419285	FALSE	633	67	0.3660635228184214
ENSG00000135541	chr6:136846781-136847082	82	11043	TRUE	0.264	-0.36180569039873234	FALSE	633	67	0.13881683802618833
ENSG00000112339	chr6:136846781-136847082	69	8755	TRUE	0.392	-0.3038348990943498	FALSE	633	67	0.10404491807035636
ENSG00000029363	chr6:136846781-136847082	196	25871	TRUE	7.076517953660995e-5	-0.6818042026299109	TRUE	633	68	0.3660635228184214
ENSG00000118513	chr6:136846781-136847082	359	50817	TRUE	0.005984325254480685	-0.5148625152357136	TRUE	633	68	1.1791410148233799
ENSG00000112339	chr6:136846781-136847082	69	8755	TRUE	0.52	-0.2540818638972504	FALSE	633	68	0.10404491807035636
ENSG00000135541	chr6:136846781-136847082	82	11043	TRUE	0.892	-0.14223931314104776	FALSE	633	68	0.13881683802618833
ENSG00000118513	chr6:136846781-136847082	359	50817	TRUE	0.0017907876167118537	-0.56931029925809	TRUE	633	69	1.1791410148233799
ENSG00000029363	chr6:136846781-136847082	196	25871	TRUE	0.01564362227527122	-0.4845718551918634	TRUE	633	69	0.3660635228184214
ENSG00000112339	chr6:136846781-136847082	69	8755	TRUE	0.152	-0.43628519511799935	FALSE	633	69	0.10404491807035636
ENSG00000135541	chr6:136846781-136847082	82	11043	TRUE	0.82	-0.2297021543913873	FALSE	633	69	0.13881683802618833
ENSG00000029363	chr6:136846781-136847082	196	25871	TRUE	7.751320725438247e-4	-0.6276967972904606	TRUE	633	70	0.3660635228184214
ENSG00000118513	chr6:136846781-136847082	359	50817	TRUE	0.072	-0.46485074706789026	FALSE	633	70	1.1791410148233799
ENSG00000135541	chr6:136846781-136847082	82	11043	TRUE	0.076	-0.5292624362502951	FALSE	633	70	0.13881683802618833
ENSG00000112339	chr6:136846781-136847082	69	8755	TRUE	0.244	-0.35536519973443204	FALSE	633	70	0.10404491807035636
ENSG00000118513	chr6:136846781-136847082	359	50817	TRUE	0.0278435750694509	-0.49214243873563013	TRUE	633	71	1.1791410148233799
ENSG00000112339	chr6:136846781-136847082	69	8755	TRUE	0.048	-0.5517624125379355	TRUE	633	71	0.10404491807035636
ENSG00000135541	chr6:136846781-136847082	82	11043	TRUE	0.36	-0.3421768836497998	FALSE	633	71	0.13881683802618833
ENSG00000029363	chr6:136846781-136847082	196	25871	TRUE	0.54	-0.28293799402221276	FALSE	633	71	0.3660635228184214
ENSG00000118513	chr6:136846781-136847082	359	50817	TRUE	0.036	-0.4673105857556945	FALSE	633	72	1.1791410148233799
ENSG00000029363	chr6:136846781-136847082	196	25871	TRUE	0.168	-0.36171510740632984	FALSE	633	72	0.3660635228184214
ENSG00000135541	chr6:136846781-136847082	82	11043	TRUE	0.44	-0.28484370858384844	FALSE	633	72	0.13881683802618833
ENSG00000112339	chr6:136846781-136847082	69	8755	TRUE	0.956	-0.11435710023063717	FALSE	633	72	0.10404491807035636
ENSG00000029363	chr6:136846781-136847082	196	25871	TRUE	0.0022109469428648887	-0.5927206590474856	TRUE	633	73	0.3660635228184214
ENSG00000118513	chr6:136846781-136847082	359	50817	TRUE	0.007455776288381719	-0.5302104795691496	TRUE	633	73	1.1791410148233799
ENSG00000112339	chr6:136846781-136847082	69	8755	TRUE	0.756	-0.2059875756962053	FALSE	633	73	0.10404491807035636
ENSG00000135541	chr6:136846781-136847082	82	11043	TRUE	0.808	-0.24784950110164683	FALSE	633	73	0.13881683802618833
ENSG00000112339	chr6:136846781-136847082	69	8755	TRUE	0.002349863449052428	-0.8147968183717293	TRUE	633	74	0.10404491807035636
ENSG00000118513	chr6:136846781-136847082	359	50817	TRUE	0.024	-0.4673105857556945	TRUE	633	74	1.1791410148233799
ENSG00000029363	chr6:136846781-136847082	196	25871	TRUE	0.068	-0.43726614041350675	TRUE	633	74	0.3660635228184214
ENSG00000135541	chr6:136846781-136847082	82	11043	TRUE	0.224	-0.44310579250058035	FALSE	633	74	0.13881683802618833
ENSG00000135541	chr6:136846781-136847082	82	11043	TRUE	0.032	-0.5292624362502951	FALSE	633	75	0.13881683802618833
ENSG00000029363	chr6:136846781-136847082	196	25871	TRUE	0.18	-0.36171510740632984	FALSE	633	75	0.3660635228184214
ENSG00000118513	chr6:136846781-136847082	359	50817	TRUE	0.264	-0.4070388703592128	FALSE	633	75	1.1791410148233799
ENSG00000112339	chr6:136846781-136847082	69	8755	TRUE	0.292	-0.32936999120148736	FALSE	633	75	0.10404491807035636
ENSG00000118513	chr6:136846781-136847082	359	50817	TRUE	0.018981809084460705	-0.5047205048150996	TRUE	633	76	1.1791410148233799
ENSG00000029363	chr6:136846781-136847082	196	25871	TRUE	0.088	-0.4218360998439008	FALSE	633	76	0.3660635228184214
ENSG00000135541	chr6:136846781-136847082	82	11043	TRUE	0.216	-0.38170524783643733	FALSE	633	76	0.13881683802618833
ENSG00000112339	chr6:136846781-136847082	69	8755	TRUE	0.86	-0.18252860287221617	FALSE	633	76	0.10404491807035636
ENSG00000118513	chr6:136846781-136847082	359	50817	TRUE	6.398527984874912e-6	-0.6705455941022471	TRUE	633	77	1.1791410148233799
ENSG00000112339	chr6:136846781-136847082	69	8755	TRUE	0.248	-0.4088044586958923	FALSE	633	77	0.10404491807035636
ENSG00000135541	chr6:136846781-136847082	82	11043	TRUE	0.248	-0.38170524783643733	FALSE	633	77	0.13881683802618833
ENSG00000029363	chr6:136846781-136847082	196	25871	TRUE	0.312	-0.3470683314419285	FALSE	633	77	0.3660635228184214
ENSG00000118513	chr6:136846781-136847082	359	50817	TRUE	3.5914221497082566e-7	-0.7642219841724309	TRUE	633	78	1.1791410148233799
ENSG00000029363	chr6:136846781-136847082	196	25871	TRUE	0.108	-0.43726614041350675	FALSE	633	78	0.3660635228184214
ENSG00000135541	chr6:136846781-136847082	82	11043	TRUE	0.192	-0.38170524783643733	FALSE	633	78	0.13881683802618833
ENSG00000112339	chr6:136846781-136847082	69	8755	TRUE	0.42	-0.27874391813151966	FALSE	633	78	0.10404491807035636
ENSG00000118513	chr6:136846781-136847082	359	50817	TRUE	5.7832249204835436e-5	-0.6508401847546883	TRUE	633	79	1.1791410148233799
ENSG00000029363	chr6:136846781-136847082	196	25871	TRUE	5.73411584606871e-4	-0.6365749486369134	TRUE	633	79	0.3660635228184214
ENSG00000135541	chr6:136846781-136847082	82	11043	TRUE	0.168	-0.4018831297740677	FALSE	633	79	0.13881683802618833
ENSG00000112339	chr6:136846781-136847082	69	8755	TRUE	0.348	-0.35536519973443204	FALSE	633	79	0.10404491807035636
ENSG00000029363	chr6:136846781-136847082	196	25871	TRUE	0.04	-0.45286299546452535	FALSE	633	80	0.3660635228184214
ENSG00000118513	chr6:136846781-136847082	359	50817	TRUE	0.228	-0.3976248399513401	FALSE	633	80	1.1791410148233799
ENSG00000135541	chr6:136846781-136847082	82	11043	TRUE	0.448	-0.3228115587828686	FALSE	633	80	0.13881683802618833
ENSG00000112339	chr6:136846781-136847082	69	8755	TRUE	0.688	-0.2059875756962053	FALSE	633	80	0.10404491807035636
ENSG00000029363	chr6:136846781-136847082	196	25871	TRUE	0.005902330368584674	-0.5417967238848134	TRUE	633	81	0.3660635228184214
ENSG00000112339	chr6:136846781-136847082	69	8755	TRUE	0.028	-0.5220150691438832	TRUE	633	81	0.10404491807035636
ENSG00000118513	chr6:136846781-136847082	359	50817	TRUE	0.048	-0.474715366977446	TRUE	633	81	1.1791410148233799
ENSG00000135541	chr6:136846781-136847082	82	11043	TRUE	0.248	-0.44310579250058035	FALSE	633	81	0.13881683802618833
ENSG00000118513	chr6:136846781-136847082	359	50817	TRUE	4.168489698760051e-4	-0.6067850046767528	TRUE	633	82	1.1791410148233799
ENSG00000112339	chr6:136846781-136847082	69	8755	TRUE	0.0035315782445786703	-0.7791729086410082	TRUE	633	82	0.10404491807035636
ENSG00000135541	chr6:136846781-136847082	82	11043	TRUE	0.2	-0.42234723233378313	FALSE	633	82	0.13881683802618833
ENSG00000029363	chr6:136846781-136847082	196	25871	TRUE	0.376	-0.3253732603426094	FALSE	633	82	0.3660635228184214
ENSG00000029363	chr6:136846781-136847082	196	25871	TRUE	3.9399912142648597e-4	-0.6544968566341758	TRUE	633	83	0.3660635228184214
ENSG00000135541	chr6:136846781-136847082	82	11043	TRUE	0.001470121098613067	-0.77027053575409	TRUE	633	83	0.13881683802618833
ENSG00000118513	chr6:136846781-136847082	359	50817	TRUE	0.004108640086318158	-0.5353629673347522	TRUE	633	83	1.1791410148233799
ENSG00000112339	chr6:136846781-136847082	69	8755	TRUE	0.024	-0.6448718169294168	TRUE	633	83	0.10404491807035636
ENSG00000118513	chr6:136846781-136847082	359	50817	TRUE	0.0022084228154221133	-0.5405339228379108	TRUE	633	84	1.1791410148233799
ENSG00000029363	chr6:136846781-136847082	196	25871	TRUE	0.024	-0.5006915205551403	TRUE	633	84	0.3660635228184214
ENSG00000135541	chr6:136846781-136847082	82	11043	TRUE	0.048	-0.5743503257788332	TRUE	633	84	0.13881683802618833
ENSG00000112339	chr6:136846781-136847082	69	8755	TRUE	0.82	-0.09233079390063814	FALSE	633	84	0.10404491807035636
ENSG00000118513	chr6:136846781-136847082	359	50817	TRUE	0.007464927963132764	-0.5047205048150996	TRUE	633	85	1.1791410148233799
ENSG00000135541	chr6:136846781-136847082	82	11043	TRUE	0.216	-0.38170524783643733	FALSE	633	85	0.13881683802618833
ENSG00000029363	chr6:136846781-136847082	196	25871	TRUE	0.572	-0.26906581944065544	FALSE	633	85	0.3660635228184214
ENSG00000112339	chr6:136846781-136847082	69	8755	TRUE	0.6	-0.27874391813151966	FALSE	633	85	0.10404491807035636
ENSG00000118513	chr6:136846781-136847082	359	50817	TRUE	0.0016520668186833995	-0.5561589316067849	TRUE	633	86	1.1791410148233799
ENSG00000029363	chr6:136846781-136847082	196	25871	TRUE	0.052	-0.45286299546452535	TRUE	633	86	0.3660635228184214
ENSG00000135541	chr6:136846781-136847082	82	11043	TRUE	0.052	-0.5072361299202961	TRUE	633	86	0.13881683802618833
ENSG00000112339	chr6:136846781-136847082	69	8755	TRUE	0.088	-0.4642995712875959	TRUE	633	86	0.10404491807035636
ENSG00000112339	chr6:136846781-136847082	69	8755	TRUE	7.966171022935203e-4	-0.8887973998155059	TRUE	633	87	0.10404491807035636
ENSG00000118513	chr6:136846781-136847082	359	50817	TRUE	0.0016128450173733613	-0.5719550205136538	TRUE	633	87	1.1791410148233799
ENSG00000135541	chr6:136846781-136847082	82	11043	TRUE	0.028	-0.6208929117158632	TRUE	633	87	0.13881683802618833
ENSG00000029363	chr6:136846781-136847082	196	25871	TRUE	0.044	-0.46863031132284183	TRUE	633	87	0.3660635228184214
ENSG00000118513	chr6:136846781-136847082	359	50817	TRUE	5.54976636110956e-5	-0.6620674401779425	TRUE	633	88	1.1791410148233799
ENSG00000029363	chr6:136846781-136847082	196	25871	TRUE	8.091384317924716e-4	-0.6276967972904606	TRUE	633	88	0.3660635228184214
ENSG00000112339	chr6:136846781-136847082	69	8755	TRUE	0.076	-0.5517624125379355	FALSE	633	88	0.10404491807035636
ENSG00000135541	chr6:136846781-136847082	82	11043	TRUE	0.472	-0.3228115587828686	FALSE	633	88	0.13881683802618833
ENSG00000118513	chr6:136846781-136847082	359	50817	TRUE	0.024	-0.4697746257071756	TRUE	633	89	1.1791410148233799
ENSG00000029363	chr6:136846781-136847082	196	25871	TRUE	0.028	-0.5006915205551403	TRUE	633	89	0.3660635228184214
ENSG00000112339	chr6:136846781-136847082	69	8755	TRUE	0.052	-0.5517624125379355	TRUE	633	89	0.10404491807035636
ENSG00000135541	chr6:136846781-136847082	82	11043	TRUE	0.14	-0.42234723233378313	FALSE	633	89	0.13881683802618833
ENSG00000118513	chr6:136846781-136847082	359	50817	TRUE	0.01071219313052954	-0.5148625152357136	TRUE	633	90	1.1791410148233799
ENSG00000112339	chr6:136846781-136847082	69	8755	TRUE	0.096	-0.4642995712875959	FALSE	633	90	0.10404491807035636
ENSG00000029363	chr6:136846781-136847082	196	25871	TRUE	0.136	-0.38396791425345755	FALSE	633	90	0.3660635228184214
ENSG00000135541	chr6:136846781-136847082	82	11043	TRUE	0.584	-0.2662280304165012	FALSE	633	90	0.13881683802618833
ENSG00000029363	chr6:136846781-136847082	196	25871	TRUE	0.001389211915463786	-0.6188729469034544	TRUE	633	91	0.3660635228184214
ENSG00000135541	chr6:136846781-136847082	82	11043	TRUE	0.007122308516884987	-0.7187402351140078	TRUE	633	91	0.13881683802618833
ENSG00000118513	chr6:136846781-136847082	359	50817	TRUE	0.052	-0.47719209726965867	TRUE	633	91	1.1791410148233799
ENSG00000112339	chr6:136846781-136847082	69	8755	TRUE	0.156	-0.38183741109562286	FALSE	633	91	0.10404491807035636
ENSG00000118513	chr6:136846781-136847082	359	50817	TRUE	0.04	-0.4453215819826366	FALSE	633	92	1.1791410148233799
ENSG00000029363	chr6:136846781-136847082	196	25871	TRUE	0.196	-0.36171510740632984	FALSE	633	92	0.3660635228184214
ENSG00000112339	chr6:136846781-136847082	69	8755	TRUE	0.7	-0.09233079390063814	FALSE	633	92	0.10404491807035636
ENSG00000135541	chr6:136846781-136847082	82	11043	TRUE	0.928	-0.21178024639412518	FALSE	633	92	0.13881683802618833
ENSG00000112339	chr6:136846781-136847082	69	8755	TRUE	0.0021798102810635517	-0.7791729086410082	TRUE	633	93	0.10404491807035636
ENSG00000118513	chr6:136846781-136847082	359	50817	TRUE	0.00350233523698288	-0.49464929434620486	TRUE	633	93	1.1791410148233799
ENSG00000029363	chr6:136846781-136847082	196	25871	TRUE	0.496	-0.3110890343363619	FALSE	633	93	0.3660635228184214
ENSG00000135541	chr6:136846781-136847082	82	11043	TRUE	0.576	-0.05977715294907471	FALSE	633	93	0.13881683802618833
ENSG00000029363	chr6:136846781-136847082	196	25871	TRUE	5.955003832517e-4	-0.6455080734069212	TRUE	633	94	0.3660635228184214
ENSG00000118513	chr6:136846781-136847082	359	50817	TRUE	0.0034260318976551546	-0.5302104795691496	TRUE	633	94	1.1791410148233799
ENSG00000112339	chr6:136846781-136847082	69	8755	TRUE	0.064	-0.5821360615814544	TRUE	633	94	0.10404491807035636
ENSG00000135541	chr6:136846781-136847082	82	11043	TRUE	0.328	-0.3421768836497998	FALSE	633	94	0.13881683802618833
ENSG00000029363	chr6:136846781-136847082	196	25871	TRUE	5.7906227301613225e-5	-0.7003005462473004	TRUE	633	95	0.3660635228184214
ENSG00000118513	chr6:136846781-136847082	359	50817	TRUE	0.0031034768192070364	-0.5250763280977128	TRUE	633	95	1.1791410148233799
ENSG00000135541	chr6:136846781-136847082	82	11043	TRUE	0.104	-0.46416740802840994	FALSE	633	95	0.13881683802618833
ENSG00000112339	chr6:136846781-136847082	69	8755	TRUE	0.516	-0.22983431765057327	FALSE	633	95	0.10404491807035636
ENSG00000118513	chr6:136846781-136847082	359	50817	TRUE	0.016427766159690424	-0.474715366977446	TRUE	633	96	1.1791410148233799
ENSG00000029363	chr6:136846781-136847082	196	25871	TRUE	0.016547587848299683	-0.4845718551918634	TRUE	633	96	0.3660635228184214
ENSG00000112339	chr6:136846781-136847082	69	8755	TRUE	0.172	-0.43628519511799935	FALSE	633	96	0.10404491807035636
ENSG00000135541	chr6:136846781-136847082	82	11043	TRUE	0.304	-0.38170524783643733	FALSE	633	96	0.13881683802618833
ENSG00000118513	chr6:136846781-136847082	359	50817	TRUE	2.63901261671742e-4	-0.6176733208194891	TRUE	633	97	1.1791410148233799
ENSG00000029363	chr6:136846781-136847082	196	25871	TRUE	0.004196610070333791	-0.5334814556728098	TRUE	633	97	0.3660635228184214
ENSG00000135541	chr6:136846781-136847082	82	11043	TRUE	0.007187540175222676	-0.6936492541511776	TRUE	633	97	0.13881683802618833
ENSG00000112339	chr6:136846781-136847082	69	8755	TRUE	0.308	-0.38183741109562286	FALSE	633	97	0.10404491807035636
ENSG00000118513	chr6:136846781-136847082	359	50817	TRUE	2.07059952945194e-4	-0.6067850046767528	TRUE	633	98	1.1791410148233799
ENSG00000112339	chr6:136846781-136847082	69	8755	TRUE	0.056	-0.5517624125379355	FALSE	633	98	0.10404491807035636
ENSG00000135541	chr6:136846781-136847082	82	11043	TRUE	0.084	-0.46416740802840994	FALSE	633	98	0.13881683802618833
ENSG00000029363	chr6:136846781-136847082	196	25871	TRUE	0.196	-0.3470683314419285	FALSE	633	98	0.3660635228184214
ENSG00000029363	chr6:136846781-136847082	196	25871	TRUE	0.068	-0.4065693431905901	FALSE	633	99	0.3660635228184214
ENSG00000118513	chr6:136846781-136847082	359	50817	TRUE	0.128	-0.42844776341824037	FALSE	633	99	1.1791410148233799
ENSG00000135541	chr6:136846781-136847082	82	11043	TRUE	0.228	-0.4018831297740677	FALSE	633	99	0.13881683802618833
ENSG00000112339	chr6:136846781-136847082	69	8755	TRUE	0.576	-0.22983431765057327	FALSE	633	99	0.10404491807035636
ENSG00000118513	chr6:136846781-136847082	359	50817	TRUE	2.3682667473765885e-4	-0.6149435280639166	TRUE	633	100	1.1791410148233799
ENSG00000029363	chr6:136846781-136847082	196	25871	TRUE	0.006164625847838487	-0.5501601968194401	TRUE	633	100	0.3660635228184214
ENSG00000112339	chr6:136846781-136847082	69	8755	TRUE	0.664	-0.2540818638972504	FALSE	633	100	0.10404491807035636
ENSG00000135541	chr6:136846781-136847082	82	11043	TRUE	0.792	-0.21178024639412518	FALSE	633	100	0.13881683802618833
ENSG00000086504	HAGHL_TSS_1_AND_HAGHL_TSS_2	1008	91807	TRUE	5.006932729615929e-22	-0.5382876831777423	TRUE	1016	1	12.96360302926133
ENSG00000140990	HAGHL_TSS_1_AND_HAGHL_TSS_2	1012	91874	TRUE	2.283171080653954e-16	-0.5090735193295588	TRUE	1016	1	18.28205048074419
ENSG00000103275	HAGHL_TSS_1_AND_HAGHL_TSS_2	997	89376	TRUE	5.820388993464469e-14	-0.5207036067050321	TRUE	1016	1	8.007781493171661
ENSG00000167969	HAGHL_TSS_1_AND_HAGHL_TSS_2	984	89319	TRUE	8.370616368526062e-14	-0.4067790857724871	TRUE	1016	1	5.668093794597747
ENSG00000074071	HAGHL_TSS_1_AND_HAGHL_TSS_2	963	87765	TRUE	8.853500109354833e-12	-0.5012721065590711	TRUE	1016	1	8.00711480567101
ENSG00000174109	HAGHL_TSS_1_AND_HAGHL_TSS_2	789	70288	TRUE	2.209789804551274e-9	-0.4766511382353623	TRUE	1016	1	2.0785232871860577
ENSG00000063854	HAGHL_TSS_1_AND_HAGHL_TSS_2	543	48820	TRUE	3.2828542591567084e-9	-0.43548296519873564	TRUE	1016	1	1.0312509765930185
ENSG00000095906	HAGHL_TSS_1_AND_HAGHL_TSS_2	748	67306	TRUE	1.8645246163926125e-6	-0.41821298018290737	TRUE	1016	1	1.7336062585289123
ENSG00000162039	HAGHL_TSS_1_AND_HAGHL_TSS_2	703	63708	TRUE	8.317748616801235e-6	-0.42214357551652676	TRUE	1016	1	1.6831567653155828
ENSG00000206053	HAGHL_TSS_1_AND_HAGHL_TSS_2	536	46680	TRUE	1.3116374758922762e-5	-0.36223491639578853	TRUE	1016	1	0.8066502078189943
ENSG00000103202	HAGHL_TSS_1_AND_HAGHL_TSS_2	919	82545	TRUE	3.93154041696004e-5	-0.30298502075287503	TRUE	1016	1	3.9204245966019773
ENSG00000127554	HAGHL_TSS_1_AND_HAGHL_TSS_2	491	42527	TRUE	5.500935113525408e-5	-0.4260639112477485	TRUE	1016	1	0.7540131462441535
ENSG00000086506	HAGHL_TSS_1_AND_HAGHL_TSS_2	954	86712	TRUE	5.95320003075701e-5	-0.24464970294367427	TRUE	1016	1	10.380022292363304
ENSG00000007376	HAGHL_TSS_1_AND_HAGHL_TSS_2	746	66788	TRUE	6.509291011262512e-5	-0.4426771546632968	TRUE	1016	1	2.134722960092503
ENSG00000131653	HAGHL_TSS_1_AND_HAGHL_TSS_2	624	55162	TRUE	9.344751350490762e-5	-0.37346062072834285	TRUE	1016	1	1.124816400512516
ENSG00000140983	HAGHL_TSS_1_AND_HAGHL_TSS_2	641	55511	TRUE	1.25099583331908e-4	-0.41748936342832405	TRUE	1016	1	1.1848495265477046
ENSG00000188536	HAGHL_TSS_1_AND_HAGHL_TSS_2	1016	92268	TRUE	1.375423412954043e-4	-0.08339630710444546	TRUE	1016	1	358.34205235580276
ENSG00000103266	HAGHL_TSS_1_AND_HAGHL_TSS_2	810	72132	TRUE	3.8796336121213297e-4	-0.3552103006265376	TRUE	1016	1	2.2476744064918694
ENSG00000007520	HAGHL_TSS_1_AND_HAGHL_TSS_2	919	83609	TRUE	5.040200080754925e-4	-0.29134206823995634	TRUE	1016	1	3.5910288863193642
ENSG00000103260	HAGHL_TSS_1_AND_HAGHL_TSS_2	273	23418	TRUE	9.359931090747314e-4	-0.46720905872799334	TRUE	1016	1	0.34295863412398303
ENSG00000103253	HAGHL_TSS_1_AND_HAGHL_TSS_2	202	26107	TRUE	0.00159564006789506	-0.5001761362972978	TRUE	1016	1	0.4842859672698105
ENSG00000065057	HAGHL_TSS_1_AND_HAGHL_TSS_2	892	80340	TRUE	0.001978523592998445	-0.2842967411847528	TRUE	1016	1	3.6725939352271424
ENSG00000127561	HAGHL_TSS_1_AND_HAGHL_TSS_2	657	58124	TRUE	0.002101789466865657	-0.3336597257965042	TRUE	1016	1	1.3043220100628146
ENSG00000198736	HAGHL_TSS_1_AND_HAGHL_TSS_2	701	60819	TRUE	0.013334601082803876	-0.2612243871287712	TRUE	1016	1	1.5289644468056294
ENSG00000065054	HAGHL_TSS_1_AND_HAGHL_TSS_2	553	46300	TRUE	0.028	-0.3127491043126557	TRUE	1016	1	0.8916736981364001
ENSG00000103254	HAGHL_TSS_1_AND_HAGHL_TSS_2	513	45210	TRUE	0.052	-0.4439189463204569	TRUE	1016	1	1.5716845318082857
ENSG00000103024	HAGHL_TSS_1_AND_HAGHL_TSS_2	282	22876	TRUE	0.06	-0.28906135247649534	TRUE	1016	1	0.3398231194724835
ENSG00000086504	HAGHL_TSS_1_AND_HAGHL_TSS_2	1008	91807	TRUE	1.2082872818661766e-13	-0.44067408165884725	TRUE	1016	2	12.96360302926133
ENSG00000074071	HAGHL_TSS_1_AND_HAGHL_TSS_2	963	87765	TRUE	9.806727374335033e-11	-0.4928843210663518	TRUE	1016	2	8.00711480567101
ENSG00000103202	HAGHL_TSS_1_AND_HAGHL_TSS_2	919	82545	TRUE	1.263206121129982e-10	-0.42883235272633113	TRUE	1016	2	3.9204245966019773
ENSG00000127554	HAGHL_TSS_1_AND_HAGHL_TSS_2	491	42527	TRUE	2.1709745036243086e-10	-0.603048172799701	TRUE	1016	2	0.7540131462441535
ENSG00000167969	HAGHL_TSS_1_AND_HAGHL_TSS_2	984	89319	TRUE	2.3792413066536127e-10	-0.35042632157009157	TRUE	1016	2	5.668093794597747
ENSG00000007376	HAGHL_TSS_1_AND_HAGHL_TSS_2	746	66788	TRUE	7.248476119679607e-9	-0.560513644957155	TRUE	1016	2	2.134722960092503
ENSG00000065054	HAGHL_TSS_1_AND_HAGHL_TSS_2	553	46300	TRUE	3.133505134206855e-8	-0.5462136831480477	TRUE	1016	2	0.8916736981364001
ENSG00000103266	HAGHL_TSS_1_AND_HAGHL_TSS_2	810	72132	TRUE	1.0394981838010857e-7	-0.46182608461359975	TRUE	1016	2	2.2476744064918694
ENSG00000140990	HAGHL_TSS_1_AND_HAGHL_TSS_2	1012	91874	TRUE	6.49856815266984e-7	-0.383850127306701	TRUE	1016	2	18.28205048074419
ENSG00000007520	HAGHL_TSS_1_AND_HAGHL_TSS_2	919	83609	TRUE	8.670951604632228e-7	-0.35920176362706924	TRUE	1016	2	3.5910288863193642
ENSG00000103275	HAGHL_TSS_1_AND_HAGHL_TSS_2	997	89376	TRUE	1.0306087945744131e-6	-0.43750447176232754	TRUE	1016	2	8.007781493171661
ENSG00000065057	HAGHL_TSS_1_AND_HAGHL_TSS_2	892	80340	TRUE	1.8836618981441997e-6	-0.35990573120874547	TRUE	1016	2	3.6725939352271424
ENSG00000127561	HAGHL_TSS_1_AND_HAGHL_TSS_2	657	58124	TRUE	5.402753593749144e-6	-0.43451232781940974	TRUE	1016	2	1.3043220100628146
ENSG00000198736	HAGHL_TSS_1_AND_HAGHL_TSS_2	701	60819	TRUE	3.9136861740310456e-5	-0.3554657610101727	TRUE	1016	2	1.5289644468056294
ENSG00000103260	HAGHL_TSS_1_AND_HAGHL_TSS_2	273	23418	TRUE	6.72427337047839e-5	-0.5536238105454667	TRUE	1016	2	0.34295863412398303
ENSG00000140983	HAGHL_TSS_1_AND_HAGHL_TSS_2	641	55511	TRUE	2.9060761263130074e-4	-0.40683088192960193	TRUE	1016	2	1.1848495265477046
ENSG00000063854	HAGHL_TSS_1_AND_HAGHL_TSS_2	543	48820	TRUE	4.1977968841245736e-4	-0.25031300781848626	TRUE	1016	2	1.0312509765930185
ENSG00000206053	HAGHL_TSS_1_AND_HAGHL_TSS_2	536	46680	TRUE	4.516819156149095e-4	-0.3029957130211125	TRUE	1016	2	0.8066502078189943
ENSG00000103254	HAGHL_TSS_1_AND_HAGHL_TSS_2	513	45210	TRUE	0.0012	-0.5778264257326494	TRUE	1016	2	1.5716845318082857
ENSG00000174109	HAGHL_TSS_1_AND_HAGHL_TSS_2	789	70288	TRUE	0.0012527527651749401	-0.33372733870117455	TRUE	1016	2	2.0785232871860577
ENSG00000103024	HAGHL_TSS_1_AND_HAGHL_TSS_2	282	22876	TRUE	0.00225152978527577	-0.40624489184683443	TRUE	1016	2	0.3398231194724835
ENSG00000086506	HAGHL_TSS_1_AND_HAGHL_TSS_2	954	86712	TRUE	0.00230675387422509	-0.2266293733882745	TRUE	1016	2	10.380022292363304
ENSG00000188536	HAGHL_TSS_1_AND_HAGHL_TSS_2	1016	92268	TRUE	0.005922711776799192	-0.07906835024840753	TRUE	1016	2	358.34205235580276
ENSG00000162039	HAGHL_TSS_1_AND_HAGHL_TSS_2	703	63708	TRUE	0.010185166129118073	-0.3061687912556912	TRUE	1016	2	1.6831567653155828
ENSG00000103253	HAGHL_TSS_1_AND_HAGHL_TSS_2	202	26107	TRUE	0.02318123330438375	-0.389930819591787	TRUE	1016	2	0.4842859672698105
ENSG00000095906	HAGHL_TSS_1_AND_HAGHL_TSS_2	748	67306	TRUE	0.048	-0.26787870709847583	TRUE	1016	2	1.7336062585289123
ENSG00000131653	HAGHL_TSS_1_AND_HAGHL_TSS_2	624	55162	TRUE	0.06	-0.24359080292014648	TRUE	1016	2	1.124816400512516
ENSG00000103275	HAGHL_TSS_1_AND_HAGHL_TSS_2	997	89376	TRUE	8.383606823147178e-19	-0.600047038071255	TRUE	1016	3	8.007781493171661
ENSG00000007376	HAGHL_TSS_1_AND_HAGHL_TSS_2	746	66788	TRUE	1.0735084998874148e-9	-0.5633068598488356	TRUE	1016	3	2.134722960092503
ENSG00000174109	HAGHL_TSS_1_AND_HAGHL_TSS_2	789	70288	TRUE	1.174208286028669e-8	-0.4658308747085196	TRUE	1016	3	2.0785232871860577
ENSG00000086504	HAGHL_TSS_1_AND_HAGHL_TSS_2	1008	91807	TRUE	1.275212002750916e-7	-0.35995044191922965	TRUE	1016	3	12.96360302926133
ENSG00000167969	HAGHL_TSS_1_AND_HAGHL_TSS_2	984	89319	TRUE	1.897583559710839e-7	-0.31088975034347177	TRUE	1016	3	5.668093794597747
ENSG00000095906	HAGHL_TSS_1_AND_HAGHL_TSS_2	748	67306	TRUE	2.644726001726629e-7	-0.44345027168193024	TRUE	1016	3	1.7336062585289123
ENSG00000162039	HAGHL_TSS_1_AND_HAGHL_TSS_2	703	63708	TRUE	1.0394823949002718e-6	-0.4329665448110631	TRUE	1016	3	1.6831567653155828
ENSG00000007520	HAGHL_TSS_1_AND_HAGHL_TSS_2	919	83609	TRUE	1.4137721212554091e-6	-0.3471892459250896	TRUE	1016	3	3.5910288863193642
ENSG00000103202	HAGHL_TSS_1_AND_HAGHL_TSS_2	919	82545	TRUE	5.226470216377005e-6	-0.33643521447663827	TRUE	1016	3	3.9204245966019773
ENSG00000188536	HAGHL_TSS_1_AND_HAGHL_TSS_2	1016	92268	TRUE	7.223305127561342e-6	-0.13067208811119357	TRUE	1016	3	358.34205235580276
ENSG00000140990	HAGHL_TSS_1_AND_HAGHL_TSS_2	1012	91874	TRUE	7.655093053106528e-6	-0.3611240101922082	TRUE	1016	3	18.28205048074419
ENSG00000065057	HAGHL_TSS_1_AND_HAGHL_TSS_2	892	80340	TRUE	1.1168262199925819e-5	-0.3613264059083727	TRUE	1016	3	3.6725939352271424
ENSG00000086506	HAGHL_TSS_1_AND_HAGHL_TSS_2	954	86712	TRUE	3.497870412238688e-5	-0.2939420733919942	TRUE	1016	3	10.380022292363304
ENSG00000063854	HAGHL_TSS_1_AND_HAGHL_TSS_2	543	48820	TRUE	3.90249917487463e-5	-0.273449506616421	TRUE	1016	3	1.0312509765930185
ENSG00000140983	HAGHL_TSS_1_AND_HAGHL_TSS_2	641	55511	TRUE	1.4728493856747127e-4	-0.4144360394507701	TRUE	1016	3	1.1848495265477046
ENSG00000103266	HAGHL_TSS_1_AND_HAGHL_TSS_2	810	72132	TRUE	1.708442871002987e-4	-0.36067062900802904	TRUE	1016	3	2.2476744064918694
ENSG00000074071	HAGHL_TSS_1_AND_HAGHL_TSS_2	963	87765	TRUE	2.578063806456636e-4	-0.35169575050856094	TRUE	1016	3	8.00711480567101
ENSG00000131653	HAGHL_TSS_1_AND_HAGHL_TSS_2	624	55162	TRUE	0.0013488956819455774	-0.3237611516041298	TRUE	1016	3	1.124816400512516
ENSG00000103254	HAGHL_TSS_1_AND_HAGHL_TSS_2	513	45210	TRUE	0.0016	-0.5125711336757974	TRUE	1016	3	1.5716845318082857
ENSG00000103260	HAGHL_TSS_1_AND_HAGHL_TSS_2	273	23418	TRUE	0.0033613192143790924	-0.45606850112279296	TRUE	1016	3	0.34295863412398303
ENSG00000103024	HAGHL_TSS_1_AND_HAGHL_TSS_2	282	22876	TRUE	0.00482563411185764	-0.40624489184683443	TRUE	1016	3	0.3398231194724835
ENSG00000127554	HAGHL_TSS_1_AND_HAGHL_TSS_2	491	42527	TRUE	0.005478203842855911	-0.33586610227617014	TRUE	1016	3	0.7540131462441535
ENSG00000127561	HAGHL_TSS_1_AND_HAGHL_TSS_2	657	58124	TRUE	0.006367941657555724	-0.314048707367939	TRUE	1016	3	1.3043220100628146
ENSG00000103253	HAGHL_TSS_1_AND_HAGHL_TSS_2	202	26107	TRUE	0.006617703191592952	-0.4501354537977025	TRUE	1016	3	0.4842859672698105
ENSG00000065054	HAGHL_TSS_1_AND_HAGHL_TSS_2	553	46300	TRUE	0.007548953172261411	-0.33946644268843507	TRUE	1016	3	0.8916736981364001
ENSG00000206053	HAGHL_TSS_1_AND_HAGHL_TSS_2	536	46680	TRUE	0.048	-0.1875184956011765	TRUE	1016	3	0.8066502078189943
ENSG00000198736	HAGHL_TSS_1_AND_HAGHL_TSS_2	701	60819	TRUE	0.588	-0.12855078098303063	FALSE	1016	3	1.5289644468056294
ENSG00000167969	HAGHL_TSS_1_AND_HAGHL_TSS_2	984	89319	TRUE	1.3076582315479111e-12	-0.39859266680453853	TRUE	1016	4	5.668093794597747
ENSG00000140990	HAGHL_TSS_1_AND_HAGHL_TSS_2	1012	91874	TRUE	1.9508589933524657e-11	-0.45537554028594895	TRUE	1016	4	18.28205048074419
ENSG00000074071	HAGHL_TSS_1_AND_HAGHL_TSS_2	963	87765	TRUE	4.72090306689486e-8	-0.41367828519265437	TRUE	1016	4	8.00711480567101
ENSG00000206053	HAGHL_TSS_1_AND_HAGHL_TSS_2	536	46680	TRUE	7.011606016890239e-8	-0.43078964661354047	TRUE	1016	4	0.8066502078189943
ENSG00000086506	HAGHL_TSS_1_AND_HAGHL_TSS_2	954	86712	TRUE	1.5922232770182064e-6	-0.28635953797010627	TRUE	1016	4	10.380022292363304
ENSG00000095906	HAGHL_TSS_1_AND_HAGHL_TSS_2	748	67306	TRUE	2.1194185444884787e-6	-0.4413302198075608	TRUE	1016	4	1.7336062585289123
ENSG00000174109	HAGHL_TSS_1_AND_HAGHL_TSS_2	789	70288	TRUE	2.9867863332306405e-6	-0.4077279201449515	TRUE	1016	4	2.0785232871860577
ENSG00000086504	HAGHL_TSS_1_AND_HAGHL_TSS_2	1008	91807	TRUE	1.2563036771157565e-5	-0.32652440344980427	TRUE	1016	4	12.96360302926133
ENSG00000103202	HAGHL_TSS_1_AND_HAGHL_TSS_2	919	82545	TRUE	1.264900389847225e-5	-0.33110177017359765	TRUE	1016	4	3.9204245966019773
ENSG00000065057	HAGHL_TSS_1_AND_HAGHL_TSS_2	892	80340	TRUE	1.3994844471461429e-5	-0.3556520818150972	TRUE	1016	4	3.6725939352271424
ENSG00000188536	HAGHL_TSS_1_AND_HAGHL_TSS_2	1016	92268	TRUE	2.0285712458971688e-5	-0.1430563458644194	TRUE	1016	4	358.34205235580276
ENSG00000162039	HAGHL_TSS_1_AND_HAGHL_TSS_2	703	63708	TRUE	3.0952569862706825e-5	-0.4049939525829909	TRUE	1016	4	1.6831567653155828
ENSG00000140983	HAGHL_TSS_1_AND_HAGHL_TSS_2	641	55511	TRUE	4.614777607399182e-5	-0.42822717513097847	TRUE	1016	4	1.1848495265477046
ENSG00000127554	HAGHL_TSS_1_AND_HAGHL_TSS_2	491	42527	TRUE	8.612602794126536e-5	-0.4138686142774434	TRUE	1016	4	0.7540131462441535
ENSG00000103266	HAGHL_TSS_1_AND_HAGHL_TSS_2	810	72132	TRUE	3.2923776699955373e-4	-0.3489951265946518	TRUE	1016	4	2.2476744064918694
ENSG00000103275	HAGHL_TSS_1_AND_HAGHL_TSS_2	997	89376	TRUE	4e-4	-0.454455989909508	TRUE	1016	4	8.007781493171661
ENSG00000065054	HAGHL_TSS_1_AND_HAGHL_TSS_2	553	46300	TRUE	4.950647694284853e-4	-0.38844246406398086	TRUE	1016	4	0.8916736981364001
ENSG00000127561	HAGHL_TSS_1_AND_HAGHL_TSS_2	657	58124	TRUE	6.514376928307055e-4	-0.3548762117062	TRUE	1016	4	1.3043220100628146
ENSG00000103254	HAGHL_TSS_1_AND_HAGHL_TSS_2	513	45210	TRUE	8e-4	-0.5778264257326494	TRUE	1016	4	1.5716845318082857
ENSG00000131653	HAGHL_TSS_1_AND_HAGHL_TSS_2	624	55162	TRUE	8.281330326435285e-4	-0.3268177100374683	TRUE	1016	4	1.124816400512516
ENSG00000063854	HAGHL_TSS_1_AND_HAGHL_TSS_2	543	48820	TRUE	0.0012691277289888323	-0.21789153012610887	TRUE	1016	4	1.0312509765930185
ENSG00000198736	HAGHL_TSS_1_AND_HAGHL_TSS_2	701	60819	TRUE	0.0069528199790217515	-0.2622855824990817	TRUE	1016	4	1.5289644468056294
ENSG00000007520	HAGHL_TSS_1_AND_HAGHL_TSS_2	919	83609	TRUE	0.009883398756045852	-0.23713299704000868	TRUE	1016	4	3.5910288863193642
ENSG00000103253	HAGHL_TSS_1_AND_HAGHL_TSS_2	202	26107	TRUE	0.01655291908820966	-0.4217270386119485	TRUE	1016	4	0.4842859672698105
ENSG00000007376	HAGHL_TSS_1_AND_HAGHL_TSS_2	746	66788	TRUE	0.096	-0.32029282789630187	FALSE	1016	4	2.134722960092503
ENSG00000103260	HAGHL_TSS_1_AND_HAGHL_TSS_2	273	23418	TRUE	0.116	-0.3286891946465653	FALSE	1016	4	0.34295863412398303
ENSG00000103024	HAGHL_TSS_1_AND_HAGHL_TSS_2	282	22876	TRUE	0.136	-0.24870361486035453	FALSE	1016	4	0.3398231194724835
ENSG00000007520	HAGHL_TSS_1_AND_HAGHL_TSS_2	919	83609	TRUE	1.2293164137395152e-10	-0.4218195777131837	TRUE	1016	5	3.5910288863193642
ENSG00000103275	HAGHL_TSS_1_AND_HAGHL_TSS_2	997	89376	TRUE	6.53950631665375e-10	-0.4744099544310969	TRUE	1016	5	8.007781493171661
ENSG00000074071	HAGHL_TSS_1_AND_HAGHL_TSS_2	963	87765	TRUE	3.3953606290616648e-9	-0.4687351716987802	TRUE	1016	5	8.00711480567101
ENSG00000140990	HAGHL_TSS_1_AND_HAGHL_TSS_2	1012	91874	TRUE	9.169225733928972e-8	-0.41373238434635207	TRUE	1016	5	18.28205048074419
ENSG00000167969	HAGHL_TSS_1_AND_HAGHL_TSS_2	984	89319	TRUE	2.3432553279185584e-7	-0.30117261260827366	TRUE	1016	5	5.668093794597747
ENSG00000131653	HAGHL_TSS_1_AND_HAGHL_TSS_2	624	55162	TRUE	5.150661622990054e-7	-0.4414027621137002	TRUE	1016	5	1.124816400512516
ENSG00000086506	HAGHL_TSS_1_AND_HAGHL_TSS_2	954	86712	TRUE	1.8160050159121352e-6	-0.29718081095352034	TRUE	1016	5	10.380022292363304
ENSG00000103202	HAGHL_TSS_1_AND_HAGHL_TSS_2	919	82545	TRUE	2.0088327033749746e-6	-0.3471616210696966	TRUE	1016	5	3.9204245966019773
ENSG00000206053	HAGHL_TSS_1_AND_HAGHL_TSS_2	536	46680	TRUE	2.6852850139497163e-6	-0.3752518020626232	TRUE	1016	5	0.8066502078189943
ENSG00000198736	HAGHL_TSS_1_AND_HAGHL_TSS_2	701	60819	TRUE	9.967702431728826e-6	-0.39681972405220833	TRUE	1016	5	1.5289644468056294
ENSG00000086504	HAGHL_TSS_1_AND_HAGHL_TSS_2	1008	91807	TRUE	2.9603303951056064e-5	-0.32859910456721586	TRUE	1016	5	12.96360302926133
ENSG00000174109	HAGHL_TSS_1_AND_HAGHL_TSS_2	789	70288	TRUE	4.179699272487125e-5	-0.37868512090754414	TRUE	1016	5	2.0785232871860577
ENSG00000140983	HAGHL_TSS_1_AND_HAGHL_TSS_2	641	55511	TRUE	7.097966314646188e-5	-0.40683088192960193	TRUE	1016	5	1.1848495265477046
ENSG00000065057	HAGHL_TSS_1_AND_HAGHL_TSS_2	892	80340	TRUE	2.0121775121795162e-4	-0.34249814466528705	TRUE	1016	5	3.6725939352271424
ENSG00000162039	HAGHL_TSS_1_AND_HAGHL_TSS_2	703	63708	TRUE	3.565340591611052e-4	-0.3660992716157487	TRUE	1016	5	1.6831567653155828
ENSG00000007376	HAGHL_TSS_1_AND_HAGHL_TSS_2	746	66788	TRUE	5.846251107615788e-4	-0.43072576645058247	TRUE	1016	5	2.134722960092503
ENSG00000103253	HAGHL_TSS_1_AND_HAGHL_TSS_2	202	26107	TRUE	7.796539862166725e-4	-0.543244858189184	TRUE	1016	5	0.4842859672698105
ENSG00000095906	HAGHL_TSS_1_AND_HAGHL_TSS_2	748	67306	TRUE	9.242591401500515e-4	-0.34901546982388154	TRUE	1016	5	1.7336062585289123
ENSG00000127561	HAGHL_TSS_1_AND_HAGHL_TSS_2	657	58124	TRUE	0.0012875213052170806	-0.3257833001858733	TRUE	1016	5	1.3043220100628146
ENSG00000103266	HAGHL_TSS_1_AND_HAGHL_TSS_2	810	72132	TRUE	0.019493010559538254	-0.2764294260269996	TRUE	1016	5	2.2476744064918694
ENSG00000188536	HAGHL_TSS_1_AND_HAGHL_TSS_2	1016	92268	TRUE	0.044	-0.020554491347017034	TRUE	1016	5	358.34205235580276
ENSG00000063854	HAGHL_TSS_1_AND_HAGHL_TSS_2	543	48820	TRUE	0.064	-0.13685495803520237	TRUE	1016	5	1.0312509765930185
ENSG00000103024	HAGHL_TSS_1_AND_HAGHL_TSS_2	282	22876	TRUE	0.064	-0.2839544620434067	TRUE	1016	5	0.3398231194724835
ENSG00000127554	HAGHL_TSS_1_AND_HAGHL_TSS_2	491	42527	TRUE	0.104	-0.23801877887802542	FALSE	1016	5	0.7540131462441535
ENSG00000103254	HAGHL_TSS_1_AND_HAGHL_TSS_2	513	45210	TRUE	0.12	-0.397494609229105	FALSE	1016	5	1.5716845318082857
ENSG00000065054	HAGHL_TSS_1_AND_HAGHL_TSS_2	553	46300	TRUE	0.284	-0.22473024692991309	FALSE	1016	5	0.8916736981364001
ENSG00000103260	HAGHL_TSS_1_AND_HAGHL_TSS_2	273	23418	TRUE	0.644	-0.18841746721862918	FALSE	1016	5	0.34295863412398303
ENSG00000086504	HAGHL_TSS_1_AND_HAGHL_TSS_2	1008	91807	TRUE	4.2108928357942014e-14	-0.4591640916681321	TRUE	1016	6	12.96360302926133
ENSG00000103266	HAGHL_TSS_1_AND_HAGHL_TSS_2	810	72132	TRUE	4.2815968838050316e-10	-0.49403800532385445	TRUE	1016	6	2.2476744064918694
ENSG00000127561	HAGHL_TSS_1_AND_HAGHL_TSS_2	657	58124	TRUE	1.2127568583444244e-9	-0.5338463527515195	TRUE	1016	6	1.3043220100628146
ENSG00000074071	HAGHL_TSS_1_AND_HAGHL_TSS_2	963	87765	TRUE	1.6839519312714704e-8	-0.44236852081476297	TRUE	1016	6	8.00711480567101
ENSG00000007520	HAGHL_TSS_1_AND_HAGHL_TSS_2	919	83609	TRUE	4.124420826485194e-8	-0.3722886217512542	TRUE	1016	6	3.5910288863193642
ENSG00000188536	HAGHL_TSS_1_AND_HAGHL_TSS_2	1016	92268	TRUE	9.954378732720986e-8	-0.17442220808965025	TRUE	1016	6	358.34205235580276
ENSG00000103275	HAGHL_TSS_1_AND_HAGHL_TSS_2	997	89376	TRUE	1.478991571472136e-6	-0.41334043040768487	TRUE	1016	6	8.007781493171661
ENSG00000103202	HAGHL_TSS_1_AND_HAGHL_TSS_2	919	82545	TRUE	2.345712426612338e-6	-0.34850804677721325	TRUE	1016	6	3.9204245966019773
ENSG00000103260	HAGHL_TSS_1_AND_HAGHL_TSS_2	273	23418	TRUE	2.972225795044403e-6	-0.62668727273519	TRUE	1016	6	0.34295863412398303
ENSG00000063854	HAGHL_TSS_1_AND_HAGHL_TSS_2	543	48820	TRUE	4.52734510872875e-6	-0.30375226677994677	TRUE	1016	6	1.0312509765930185
ENSG00000086506	HAGHL_TSS_1_AND_HAGHL_TSS_2	954	86712	TRUE	1.318313621397494e-5	-0.2410587713846044	TRUE	1016	6	10.380022292363304
ENSG00000198736	HAGHL_TSS_1_AND_HAGHL_TSS_2	701	60819	TRUE	1.4438069811740888e-5	-0.35773236798211766	TRUE	1016	6	1.5289644468056294
ENSG00000167969	HAGHL_TSS_1_AND_HAGHL_TSS_2	984	89319	TRUE	3.0388668722646384e-5	-0.27039549970943577	TRUE	1016	6	5.668093794597747
ENSG00000131653	HAGHL_TSS_1_AND_HAGHL_TSS_2	624	55162	TRUE	5.7341871590883484e-5	-0.36715374711751053	TRUE	1016	6	1.124816400512516
ENSG00000140990	HAGHL_TSS_1_AND_HAGHL_TSS_2	1012	91874	TRUE	5.809908823956739e-5	-0.33790750996070473	TRUE	1016	6	18.28205048074419
ENSG00000065057	HAGHL_TSS_1_AND_HAGHL_TSS_2	892	80340	TRUE	1.0267171761697315e-4	-0.33922831477722015	TRUE	1016	6	3.6725939352271424
ENSG00000127554	HAGHL_TSS_1_AND_HAGHL_TSS_2	491	42527	TRUE	4.5270552113040735e-4	-0.3660928897080296	TRUE	1016	6	0.7540131462441535
ENSG00000095906	HAGHL_TSS_1_AND_HAGHL_TSS_2	748	67306	TRUE	5.602918144869554e-4	-0.36098811148995746	TRUE	1016	6	1.7336062585289123
ENSG00000007376	HAGHL_TSS_1_AND_HAGHL_TSS_2	746	66788	TRUE	0.0010175193276059924	-0.4029402934691587	TRUE	1016	6	2.134722960092503
ENSG00000206053	HAGHL_TSS_1_AND_HAGHL_TSS_2	536	46680	TRUE	0.001363697283328226	-0.29679056349440436	TRUE	1016	6	0.8066502078189943
ENSG00000174109	HAGHL_TSS_1_AND_HAGHL_TSS_2	789	70288	TRUE	0.0013680264747059313	-0.3345472847538732	TRUE	1016	6	2.0785232871860577
ENSG00000140983	HAGHL_TSS_1_AND_HAGHL_TSS_2	641	55511	TRUE	0.0014300154591084593	-0.3812691755155708	TRUE	1016	6	1.1848495265477046
ENSG00000065054	HAGHL_TSS_1_AND_HAGHL_TSS_2	553	46300	TRUE	0.003446688156577473	-0.36276754205211637	TRUE	1016	6	0.8916736981364001
ENSG00000162039	HAGHL_TSS_1_AND_HAGHL_TSS_2	703	63708	TRUE	0.068	-0.26497415590274986	TRUE	1016	6	1.6831567653155828
ENSG00000103253	HAGHL_TSS_1_AND_HAGHL_TSS_2	202	26107	TRUE	0.136	-0.3511463591663353	FALSE	1016	6	0.4842859672698105
ENSG00000103254	HAGHL_TSS_1_AND_HAGHL_TSS_2	513	45210	TRUE	0.144	-0.3926936229652839	FALSE	1016	6	1.5716845318082857
ENSG00000103024	HAGHL_TSS_1_AND_HAGHL_TSS_2	282	22876	TRUE	0.308	-0.2289403600389246	FALSE	1016	6	0.3398231194724835
ENSG00000140990	HAGHL_TSS_1_AND_HAGHL_TSS_2	1012	91874	TRUE	7.501786008996788e-15	-0.48970257239733517	TRUE	1016	7	18.28205048074419
ENSG00000086504	HAGHL_TSS_1_AND_HAGHL_TSS_2	1008	91807	TRUE	1.921571263640259e-13	-0.4389921286372247	TRUE	1016	7	12.96360302926133
ENSG00000103266	HAGHL_TSS_1_AND_HAGHL_TSS_2	810	72132	TRUE	2.414432220447117e-12	-0.5322573275543445	TRUE	1016	7	2.2476744064918694
ENSG00000095906	HAGHL_TSS_1_AND_HAGHL_TSS_2	748	67306	TRUE	1.54185342824204e-9	-0.5297864474779854	TRUE	1016	7	1.7336062585289123
ENSG00000127561	HAGHL_TSS_1_AND_HAGHL_TSS_2	657	58124	TRUE	2.405561616774328e-8	-0.4745897671947448	TRUE	1016	7	1.3043220100628146
ENSG00000140983	HAGHL_TSS_1_AND_HAGHL_TSS_2	641	55511	TRUE	1.5394382165874747e-6	-0.47676517274393027	TRUE	1016	7	1.1848495265477046
ENSG00000007520	HAGHL_TSS_1_AND_HAGHL_TSS_2	919	83609	TRUE	1.7021304485462097e-6	-0.3443210639845957	TRUE	1016	7	3.5910288863193642
ENSG00000198736	HAGHL_TSS_1_AND_HAGHL_TSS_2	701	60819	TRUE	3.2216824444314526e-6	-0.38868529631102966	TRUE	1016	7	1.5289644468056294
ENSG00000167969	HAGHL_TSS_1_AND_HAGHL_TSS_2	984	89319	TRUE	8.234996288982496e-6	-0.27240782748139214	TRUE	1016	7	5.668093794597747
ENSG00000103202	HAGHL_TSS_1_AND_HAGHL_TSS_2	919	82545	TRUE	9.887300280191427e-6	-0.31785378873491266	TRUE	1016	7	3.9204245966019773
ENSG00000162039	HAGHL_TSS_1_AND_HAGHL_TSS_2	703	63708	TRUE	1.2056580330277155e-5	-0.4156885533792274	TRUE	1016	7	1.6831567653155828
ENSG00000086506	HAGHL_TSS_1_AND_HAGHL_TSS_2	954	86712	TRUE	3.3109482042163046e-5	-0.22987503289192857	TRUE	1016	7	10.380022292363304
ENSG00000174109	HAGHL_TSS_1_AND_HAGHL_TSS_2	789	70288	TRUE	4.283833508514324e-5	-0.3991250619706901	TRUE	1016	7	2.0785232871860577
ENSG00000103254	HAGHL_TSS_1_AND_HAGHL_TSS_2	513	45210	TRUE	1.1084430842754275e-4	-0.5942675727941774	TRUE	1016	7	1.5716845318082857
ENSG00000127554	HAGHL_TSS_1_AND_HAGHL_TSS_2	491	42527	TRUE	1.1902094943367584e-4	-0.4334308806559613	TRUE	1016	7	0.7540131462441535
ENSG00000188536	HAGHL_TSS_1_AND_HAGHL_TSS_2	1016	92268	TRUE	4.913572241302192e-4	-0.09515832798759583	TRUE	1016	7	358.34205235580276
ENSG00000206053	HAGHL_TSS_1_AND_HAGHL_TSS_2	536	46680	TRUE	4.982696604601579e-4	-0.294728097037512	TRUE	1016	7	0.8066502078189943
ENSG00000074071	HAGHL_TSS_1_AND_HAGHL_TSS_2	963	87765	TRUE	6.32177297506701e-4	-0.3273664211468206	TRUE	1016	7	8.00711480567101
ENSG00000103253	HAGHL_TSS_1_AND_HAGHL_TSS_2	202	26107	TRUE	0.0011685271747229886	-0.5001761362972978	TRUE	1016	7	0.4842859672698105
ENSG00000065054	HAGHL_TSS_1_AND_HAGHL_TSS_2	553	46300	TRUE	0.002771935507498661	-0.35885779700103515	TRUE	1016	7	0.8916736981364001
ENSG00000103275	HAGHL_TSS_1_AND_HAGHL_TSS_2	997	89376	TRUE	0.002789620847938115	-0.3245345060121929	TRUE	1016	7	8.007781493171661
ENSG00000103260	HAGHL_TSS_1_AND_HAGHL_TSS_2	273	23418	TRUE	0.01220062304605353	-0.38040423119072075	TRUE	1016	7	0.34295863412398303
ENSG00000065057	HAGHL_TSS_1_AND_HAGHL_TSS_2	892	80340	TRUE	0.01893749152083926	-0.25847799831662255	TRUE	1016	7	3.6725939352271424
ENSG00000103024	HAGHL_TSS_1_AND_HAGHL_TSS_2	282	22876	TRUE	0.025487446448762385	-0.3096716321517814	TRUE	1016	7	0.3398231194724835
ENSG00000063854	HAGHL_TSS_1_AND_HAGHL_TSS_2	543	48820	TRUE	0.028	-0.15055876066804932	TRUE	1016	7	1.0312509765930185
ENSG00000131653	HAGHL_TSS_1_AND_HAGHL_TSS_2	624	55162	TRUE	0.028	-0.26835245639787186	TRUE	1016	7	1.124816400512516
ENSG00000007376	HAGHL_TSS_1_AND_HAGHL_TSS_2	746	66788	TRUE	0.3	-0.28605250347786915	FALSE	1016	7	2.134722960092503
ENSG00000140990	HAGHL_TSS_1_AND_HAGHL_TSS_2	1012	91874	TRUE	5.299630670147175e-25	-0.5852617105249234	TRUE	1016	8	18.28205048074419
ENSG00000167969	HAGHL_TSS_1_AND_HAGHL_TSS_2	984	89319	TRUE	2.363465137514236e-15	-0.4096237039288315	TRUE	1016	8	5.668093794597747
ENSG00000007520	HAGHL_TSS_1_AND_HAGHL_TSS_2	919	83609	TRUE	1.4124397985678833e-13	-0.4684199905753228	TRUE	1016	8	3.5910288863193642
ENSG00000103275	HAGHL_TSS_1_AND_HAGHL_TSS_2	997	89376	TRUE	8.151909690278191e-12	-0.4826104355329579	TRUE	1016	8	8.007781493171661
ENSG00000086506	HAGHL_TSS_1_AND_HAGHL_TSS_2	954	86712	TRUE	1.555851322435962e-11	-0.4081796999502143	TRUE	1016	8	10.380022292363304
ENSG00000086504	HAGHL_TSS_1_AND_HAGHL_TSS_2	1008	91807	TRUE	1.98979829051249e-11	-0.40699095540255836	TRUE	1016	8	12.96360302926133
ENSG00000074071	HAGHL_TSS_1_AND_HAGHL_TSS_2	963	87765	TRUE	6.306886388347707e-11	-0.4668012638476813	TRUE	1016	8	8.00711480567101
ENSG00000103266	HAGHL_TSS_1_AND_HAGHL_TSS_2	810	72132	TRUE	2.528828514186633e-10	-0.47784214496784083	TRUE	1016	8	2.2476744064918694
ENSG00000127561	HAGHL_TSS_1_AND_HAGHL_TSS_2	657	58124	TRUE	1.9302297013604344e-9	-0.4994770567886459	TRUE	1016	8	1.3043220100628146
ENSG00000103202	HAGHL_TSS_1_AND_HAGHL_TSS_2	919	82545	TRUE	5.871390279397628e-9	-0.381664468469636	TRUE	1016	8	3.9204245966019773
ENSG00000131653	HAGHL_TSS_1_AND_HAGHL_TSS_2	624	55162	TRUE	1.6395553535917564e-8	-0.46646468431141797	TRUE	1016	8	1.124816400512516
ENSG00000188536	HAGHL_TSS_1_AND_HAGHL_TSS_2	1016	92268	TRUE	2.671134406077402e-7	-0.16808069986120877	TRUE	1016	8	358.34205235580276
ENSG00000174109	HAGHL_TSS_1_AND_HAGHL_TSS_2	789	70288	TRUE	4.915626160412348e-7	-0.43736741058482553	TRUE	1016	8	2.0785232871860577
ENSG00000095906	HAGHL_TSS_1_AND_HAGHL_TSS_2	748	67306	TRUE	6.934581726386786e-7	-0.42448103511534063	TRUE	1016	8	1.7336062585289123
ENSG00000007376	HAGHL_TSS_1_AND_HAGHL_TSS_2	746	66788	TRUE	1.123160631629806e-6	-0.47474799557162006	TRUE	1016	8	2.134722960092503
ENSG00000127554	HAGHL_TSS_1_AND_HAGHL_TSS_2	491	42527	TRUE	2.5098061204434135e-6	-0.49633077446941626	TRUE	1016	8	0.7540131462441535
ENSG00000063854	HAGHL_TSS_1_AND_HAGHL_TSS_2	543	48820	TRUE	2.648050122892008e-6	-0.3174272036770233	TRUE	1016	8	1.0312509765930185
ENSG00000206053	HAGHL_TSS_1_AND_HAGHL_TSS_2	536	46680	TRUE	5.481117867415288e-6	-0.357921923524706	TRUE	1016	8	0.8066502078189943
ENSG00000065057	HAGHL_TSS_1_AND_HAGHL_TSS_2	892	80340	TRUE	9.182204940999528e-5	-0.3156263619033164	TRUE	1016	8	3.6725939352271424
ENSG00000162039	HAGHL_TSS_1_AND_HAGHL_TSS_2	703	63708	TRUE	4.174055207913415e-4	-0.35165156104969936	TRUE	1016	8	1.6831567653155828
ENSG00000198736	HAGHL_TSS_1_AND_HAGHL_TSS_2	701	60819	TRUE	6.502447730545712e-4	-0.27829790048771263	TRUE	1016	8	1.5289644468056294
ENSG00000065054	HAGHL_TSS_1_AND_HAGHL_TSS_2	553	46300	TRUE	8.471999503570499e-4	-0.3904365141960685	TRUE	1016	8	0.8916736981364001
ENSG00000140983	HAGHL_TSS_1_AND_HAGHL_TSS_2	641	55511	TRUE	0.0045263846114131714	-0.3561524984464266	TRUE	1016	8	1.1848495265477046
ENSG00000103254	HAGHL_TSS_1_AND_HAGHL_TSS_2	513	45210	TRUE	0.008845557313183108	-0.4501401506174959	TRUE	1016	8	1.5716845318082857
ENSG00000103024	HAGHL_TSS_1_AND_HAGHL_TSS_2	282	22876	TRUE	0.018801195811131183	-0.3148705388261006	TRUE	1016	8	0.3398231194724835
ENSG00000103260	HAGHL_TSS_1_AND_HAGHL_TSS_2	273	23418	TRUE	0.064	-0.3236182050991434	TRUE	1016	8	0.34295863412398303
ENSG00000103253	HAGHL_TSS_1_AND_HAGHL_TSS_2	202	26107	TRUE	0.12	-0.3321382443992511	FALSE	1016	8	0.4842859672698105
ENSG00000086504	HAGHL_TSS_1_AND_HAGHL_TSS_2	1008	91807	TRUE	2.3234561694794302e-14	-0.47057336458139654	TRUE	1016	9	12.96360302926133
ENSG00000103202	HAGHL_TSS_1_AND_HAGHL_TSS_2	919	82545	TRUE	1.219469100245383e-9	-0.3978357591407815	TRUE	1016	9	3.9204245966019773
ENSG00000174109	HAGHL_TSS_1_AND_HAGHL_TSS_2	789	70288	TRUE	3.5447158212211483e-9	-0.5049849892261699	TRUE	1016	9	2.0785232871860577
ENSG00000103275	HAGHL_TSS_1_AND_HAGHL_TSS_2	997	89376	TRUE	3.7126707881430566e-9	-0.4627752539476937	TRUE	1016	9	8.007781493171661
ENSG00000007520	HAGHL_TSS_1_AND_HAGHL_TSS_2	919	83609	TRUE	2.5371092017451167e-8	-0.39634637064802414	TRUE	1016	9	3.5910288863193642
ENSG00000162039	HAGHL_TSS_1_AND_HAGHL_TSS_2	703	63708	TRUE	3.330992928459028e-7	-0.4681559732733631	TRUE	1016	9	1.6831567653155828
ENSG00000167969	HAGHL_TSS_1_AND_HAGHL_TSS_2	984	89319	TRUE	3.632006240072473e-6	-0.28425102076402897	TRUE	1016	9	5.668093794597747
ENSG00000095906	HAGHL_TSS_1_AND_HAGHL_TSS_2	748	67306	TRUE	4.465878671702176e-6	-0.43077644164681966	TRUE	1016	9	1.7336062585289123
ENSG00000007376	HAGHL_TSS_1_AND_HAGHL_TSS_2	746	66788	TRUE	3.25789549643885e-5	-0.4660096584939206	TRUE	1016	9	2.134722960092503
ENSG00000074071	HAGHL_TSS_1_AND_HAGHL_TSS_2	963	87765	TRUE	5.698340136856862e-5	-0.3510267521006125	TRUE	1016	9	8.00711480567101
ENSG00000086506	HAGHL_TSS_1_AND_HAGHL_TSS_2	954	86712	TRUE	9.590468208948988e-5	-0.23934452376732684	TRUE	1016	9	10.380022292363304
ENSG00000063854	HAGHL_TSS_1_AND_HAGHL_TSS_2	543	48820	TRUE	1.1775392231521895e-4	-0.25031300781848626	TRUE	1016	9	1.0312509765930185
ENSG00000103266	HAGHL_TSS_1_AND_HAGHL_TSS_2	810	72132	TRUE	1.7693015977250865e-4	-0.3630171110230901	TRUE	1016	9	2.2476744064918694
ENSG00000131653	HAGHL_TSS_1_AND_HAGHL_TSS_2	624	55162	TRUE	4.78072173650387e-4	-0.3406529310029029	TRUE	1016	9	1.124816400512516
ENSG00000206053	HAGHL_TSS_1_AND_HAGHL_TSS_2	536	46680	TRUE	7.357266097037622e-4	-0.28855832979730556	TRUE	1016	9	0.8066502078189943
ENSG00000127554	HAGHL_TSS_1_AND_HAGHL_TSS_2	491	42527	TRUE	8.290204267755591e-4	-0.385013751605258	TRUE	1016	9	0.7540131462441535
ENSG00000065057	HAGHL_TSS_1_AND_HAGHL_TSS_2	892	80340	TRUE	8.576357022020125e-4	-0.304196298622458	TRUE	1016	9	3.6725939352271424
ENSG00000188536	HAGHL_TSS_1_AND_HAGHL_TSS_2	1016	92268	TRUE	0.0010837196216669231	-0.04707439637646793	TRUE	1016	9	358.34205235580276
ENSG00000140983	HAGHL_TSS_1_AND_HAGHL_TSS_2	641	55511	TRUE	0.0017143216469480554	-0.3649673631864704	TRUE	1016	9	1.1848495265477046
ENSG00000127561	HAGHL_TSS_1_AND_HAGHL_TSS_2	657	58124	TRUE	0.00317192339659249	-0.32447473316564834	TRUE	1016	9	1.3043220100628146
ENSG00000140990	HAGHL_TSS_1_AND_HAGHL_TSS_2	1012	91874	TRUE	0.005431083952525229	-0.2798304245076637	TRUE	1016	9	18.28205048074419
ENSG00000103253	HAGHL_TSS_1_AND_HAGHL_TSS_2	202	26107	TRUE	0.014088809584828388	-0.4217270386119485	TRUE	1016	9	0.4842859672698105
ENSG00000103254	HAGHL_TSS_1_AND_HAGHL_TSS_2	513	45210	TRUE	0.024	-0.42786825827262376	TRUE	1016	9	1.5716845318082857
ENSG00000065054	HAGHL_TSS_1_AND_HAGHL_TSS_2	553	46300	TRUE	0.032	-0.307087769222229	TRUE	1016	9	0.8916736981364001
ENSG00000103024	HAGHL_TSS_1_AND_HAGHL_TSS_2	282	22876	TRUE	0.096	-0.23878814599527187	FALSE	1016	9	0.3398231194724835
ENSG00000198736	HAGHL_TSS_1_AND_HAGHL_TSS_2	701	60819	TRUE	0.264	-0.17675987402565063	FALSE	1016	9	1.5289644468056294
ENSG00000103260	HAGHL_TSS_1_AND_HAGHL_TSS_2	273	23418	TRUE	0.352	-0.24481663739154547	FALSE	1016	9	0.34295863412398303
ENSG00000103275	HAGHL_TSS_1_AND_HAGHL_TSS_2	997	89376	TRUE	6.946427023272073e-11	-0.49085779591573386	TRUE	1016	10	8.007781493171661
ENSG00000007520	HAGHL_TSS_1_AND_HAGHL_TSS_2	919	83609	TRUE	4.098025009588625e-7	-0.3577549692144357	TRUE	1016	10	3.5910288863193642
ENSG00000140983	HAGHL_TSS_1_AND_HAGHL_TSS_2	641	55511	TRUE	1.1302583935139535e-6	-0.48956077804901843	TRUE	1016	10	1.1848495265477046
ENSG00000095906	HAGHL_TSS_1_AND_HAGHL_TSS_2	748	67306	TRUE	2.420316922103629e-6	-0.44876407157839804	TRUE	1016	10	1.7336062585289123
ENSG00000103202	HAGHL_TSS_1_AND_HAGHL_TSS_2	919	82545	TRUE	3.970186660331022e-6	-0.3476102900333158	TRUE	1016	10	3.9204245966019773
ENSG00000103266	HAGHL_TSS_1_AND_HAGHL_TSS_2	810	72132	TRUE	7.456954149007069e-6	-0.3994827731438616	TRUE	1016	10	2.2476744064918694
ENSG00000140990	HAGHL_TSS_1_AND_HAGHL_TSS_2	1012	91874	TRUE	1.700859333654374e-5	-0.3761387704511021	TRUE	1016	10	18.28205048074419
ENSG00000086504	HAGHL_TSS_1_AND_HAGHL_TSS_2	1008	91807	TRUE	3.60194068574403e-5	-0.3273020667733988	TRUE	1016	10	12.96360302926133
ENSG00000167969	HAGHL_TSS_1_AND_HAGHL_TSS_2	984	89319	TRUE	3.941200862540503e-5	-0.2689598392855683	TRUE	1016	10	5.668093794597747
ENSG00000127561	HAGHL_TSS_1_AND_HAGHL_TSS_2	657	58124	TRUE	4.187311603995618e-5	-0.4093239957285766	TRUE	1016	10	1.3043220100628146
ENSG00000174109	HAGHL_TSS_1_AND_HAGHL_TSS_2	789	70288	TRUE	1.8080682631601164e-4	-0.351044834919247	TRUE	1016	10	2.0785232871860577
ENSG00000206053	HAGHL_TSS_1_AND_HAGHL_TSS_2	536	46680	TRUE	2.360972515180926e-4	-0.3029957130211125	TRUE	1016	10	0.8066502078189943
ENSG00000065057	HAGHL_TSS_1_AND_HAGHL_TSS_2	892	80340	TRUE	2.5099218744147837e-4	-0.3462441903685225	TRUE	1016	10	3.6725939352271424
ENSG00000103254	HAGHL_TSS_1_AND_HAGHL_TSS_2	513	45210	TRUE	3.711122995335228e-4	-0.5819191803665325	TRUE	1016	10	1.5716845318082857
ENSG00000007376	HAGHL_TSS_1_AND_HAGHL_TSS_2	746	66788	TRUE	3.8502592914820694e-4	-0.43668908482369917	TRUE	1016	10	2.134722960092503
ENSG00000127554	HAGHL_TSS_1_AND_HAGHL_TSS_2	491	42527	TRUE	5.884270565007267e-4	-0.3945680583185072	TRUE	1016	10	0.7540131462441535
ENSG00000162039	HAGHL_TSS_1_AND_HAGHL_TSS_2	703	63708	TRUE	6.8421587842021e-4	-0.3619565694414379	TRUE	1016	10	1.6831567653155828
ENSG00000188536	HAGHL_TSS_1_AND_HAGHL_TSS_2	1016	92268	TRUE	0.0013159088324145134	-0.04913472475102765	TRUE	1016	10	358.34205235580276
ENSG00000103260	HAGHL_TSS_1_AND_HAGHL_TSS_2	273	23418	TRUE	0.002435530161004243	-0.43404219479279416	TRUE	1016	10	0.34295863412398303
ENSG00000074071	HAGHL_TSS_1_AND_HAGHL_TSS_2	963	87765	TRUE	0.0026870299645598214	-0.32846344427084384	TRUE	1016	10	8.00711480567101
ENSG00000086506	HAGHL_TSS_1_AND_HAGHL_TSS_2	954	86712	TRUE	0.0031012368048484173	-0.18523711842787582	TRUE	1016	10	10.380022292363304
ENSG00000103253	HAGHL_TSS_1_AND_HAGHL_TSS_2	202	26107	TRUE	0.012042987829989957	-0.46248384622534755	TRUE	1016	10	0.4842859672698105
ENSG00000131653	HAGHL_TSS_1_AND_HAGHL_TSS_2	624	55162	TRUE	0.044	-0.24214738605047775	TRUE	1016	10	1.124816400512516
ENSG00000065054	HAGHL_TSS_1_AND_HAGHL_TSS_2	553	46300	TRUE	0.072	-0.27173950736819685	TRUE	1016	10	0.8916736981364001
ENSG00000063854	HAGHL_TSS_1_AND_HAGHL_TSS_2	543	48820	TRUE	0.08	-0.1247821257346274	TRUE	1016	10	1.0312509765930185
ENSG00000198736	HAGHL_TSS_1_AND_HAGHL_TSS_2	701	60819	TRUE	0.092	-0.2091358759803172	TRUE	1016	10	1.5289644468056294
ENSG00000103024	HAGHL_TSS_1_AND_HAGHL_TSS_2	282	22876	TRUE	0.136	-0.21429358407452326	FALSE	1016	10	0.3398231194724835
ENSG00000086504	HAGHL_TSS_1_AND_HAGHL_TSS_2	1008	91807	TRUE	4.701228175283506e-18	-0.4868442630917733	TRUE	1016	11	12.96360302926133
ENSG00000074071	HAGHL_TSS_1_AND_HAGHL_TSS_2	963	87765	TRUE	1.2611993651074716e-10	-0.47164090287419125	TRUE	1016	11	8.00711480567101
ENSG00000140990	HAGHL_TSS_1_AND_HAGHL_TSS_2	1012	91874	TRUE	1.6218627910694956e-10	-0.4359059483732213	TRUE	1016	11	18.28205048074419
ENSG00000103275	HAGHL_TSS_1_AND_HAGHL_TSS_2	997	89376	TRUE	1.8288847100032249e-9	-0.47044361964608905	TRUE	1016	11	8.007781493171661
ENSG00000103202	HAGHL_TSS_1_AND_HAGHL_TSS_2	919	82545	TRUE	4.295829836039428e-9	-0.3918080995508406	TRUE	1016	11	3.9204245966019773
ENSG00000167969	HAGHL_TSS_1_AND_HAGHL_TSS_2	984	89319	TRUE	7.704452623467494e-9	-0.3302231347424649	TRUE	1016	11	5.668093794597747
ENSG00000065057	HAGHL_TSS_1_AND_HAGHL_TSS_2	892	80340	TRUE	2.332115055996005e-8	-0.42774136478247327	TRUE	1016	11	3.6725939352271424
ENSG00000065054	HAGHL_TSS_1_AND_HAGHL_TSS_2	553	46300	TRUE	3.8602800130661536e-8	-0.5573714730325692	TRUE	1016	11	0.8916736981364001
ENSG00000095906	HAGHL_TSS_1_AND_HAGHL_TSS_2	748	67306	TRUE	1.557181864631616e-7	-0.4455734435749002	TRUE	1016	11	1.7336062585289123
ENSG00000174109	HAGHL_TSS_1_AND_HAGHL_TSS_2	789	70288	TRUE	3.2528381670058925e-7	-0.4568755694740394	TRUE	1016	11	2.0785232871860577
ENSG00000127561	HAGHL_TSS_1_AND_HAGHL_TSS_2	657	58124	TRUE	5.228989256464097e-7	-0.45155223111787396	TRUE	1016	11	1.3043220100628146
ENSG00000103260	HAGHL_TSS_1_AND_HAGHL_TSS_2	273	23418	TRUE	2.3744173160404223e-6	-0.6518878268603325	TRUE	1016	11	0.34295863412398303
ENSG00000103266	HAGHL_TSS_1_AND_HAGHL_TSS_2	810	72132	TRUE	2.684402475665998e-6	-0.4123856655521845	TRUE	1016	11	2.2476744064918694
ENSG00000007376	HAGHL_TSS_1_AND_HAGHL_TSS_2	746	66788	TRUE	4.610234767165721e-6	-0.4703722110799877	TRUE	1016	11	2.134722960092503
ENSG00000127554	HAGHL_TSS_1_AND_HAGHL_TSS_2	491	42527	TRUE	1.5225025611278293e-5	-0.47336962602610505	TRUE	1016	11	0.7540131462441535
ENSG00000103254	HAGHL_TSS_1_AND_HAGHL_TSS_2	513	45210	TRUE	2.118378887068246e-5	-0.6081131209117602	TRUE	1016	11	1.5716845318082857
ENSG00000086506	HAGHL_TSS_1_AND_HAGHL_TSS_2	954	86712	TRUE	2.7543128616227576e-5	-0.2916792754183164	TRUE	1016	11	10.380022292363304
ENSG00000188536	HAGHL_TSS_1_AND_HAGHL_TSS_2	1016	92268	TRUE	2.9835389258143705e-5	-0.1139469389952783	TRUE	1016	11	358.34205235580276
ENSG00000198736	HAGHL_TSS_1_AND_HAGHL_TSS_2	701	60819	TRUE	6.0192969308746694e-5	-0.35773236798211766	TRUE	1016	11	1.5289644468056294
ENSG00000007520	HAGHL_TSS_1_AND_HAGHL_TSS_2	919	83609	TRUE	8.115194791955254e-5	-0.297801218962926	TRUE	1016	11	3.5910288863193642
ENSG00000063854	HAGHL_TSS_1_AND_HAGHL_TSS_2	543	48820	TRUE	1.2086651768967657e-4	-0.25853351462345475	TRUE	1016	11	1.0312509765930185
ENSG00000140983	HAGHL_TSS_1_AND_HAGHL_TSS_2	641	55511	TRUE	4e-4	-0.5336035041913006	TRUE	1016	11	1.1848495265477046
ENSG00000131653	HAGHL_TSS_1_AND_HAGHL_TSS_2	624	55162	TRUE	0.0032091920705208683	-0.2935465385571221	TRUE	1016	11	1.124816400512516
ENSG00000206053	HAGHL_TSS_1_AND_HAGHL_TSS_2	536	46680	TRUE	0.017913020225910445	-0.21066383224903745	TRUE	1016	11	0.8066502078189943
ENSG00000162039	HAGHL_TSS_1_AND_HAGHL_TSS_2	703	63708	TRUE	0.028	-0.3012025383623417	TRUE	1016	11	1.6831567653155828
ENSG00000103024	HAGHL_TSS_1_AND_HAGHL_TSS_2	282	22876	TRUE	0.124	-0.24373736196700513	FALSE	1016	11	0.3398231194724835
ENSG00000103253	HAGHL_TSS_1_AND_HAGHL_TSS_2	202	26107	TRUE	0.332	-0.29118157017639335	FALSE	1016	11	0.4842859672698105
ENSG00000086504	HAGHL_TSS_1_AND_HAGHL_TSS_2	1008	91807	TRUE	5.855006522587423e-12	-0.43479580502456594	TRUE	1016	12	12.96360302926133
ENSG00000140983	HAGHL_TSS_1_AND_HAGHL_TSS_2	641	55511	TRUE	1.9481215762737446e-10	-0.5945000254287508	TRUE	1016	12	1.1848495265477046
ENSG00000103275	HAGHL_TSS_1_AND_HAGHL_TSS_2	997	89376	TRUE	2.550429672081734e-10	-0.48355060828756624	TRUE	1016	12	8.007781493171661
ENSG00000095906	HAGHL_TSS_1_AND_HAGHL_TSS_2	748	67306	TRUE	1.5836345718393992e-9	-0.48542645657280453	TRUE	1016	12	1.7336062585289123
ENSG00000074071	HAGHL_TSS_1_AND_HAGHL_TSS_2	963	87765	TRUE	3.6612997268584222e-9	-0.4576504383836748	TRUE	1016	12	8.00711480567101
ENSG00000198736	HAGHL_TSS_1_AND_HAGHL_TSS_2	701	60819	TRUE	2.080656810842104e-8	-0.4466136490683681	TRUE	1016	12	1.5289644468056294
ENSG00000007376	HAGHL_TSS_1_AND_HAGHL_TSS_2	746	66788	TRUE	2.8381441579704617e-8	-0.5493945529935814	TRUE	1016	12	2.134722960092503
ENSG00000140990	HAGHL_TSS_1_AND_HAGHL_TSS_2	1012	91874	TRUE	6.310588433850405e-8	-0.4002771507935883	TRUE	1016	12	18.28205048074419
ENSG00000065057	HAGHL_TSS_1_AND_HAGHL_TSS_2	892	80340	TRUE	1.1764121227092808e-7	-0.4148997630286775	TRUE	1016	12	3.6725939352271424
ENSG00000127561	HAGHL_TSS_1_AND_HAGHL_TSS_2	657	58124	TRUE	7.940913261808634e-7	-0.46014825480625904	TRUE	1016	12	1.3043220100628146
ENSG00000007520	HAGHL_TSS_1_AND_HAGHL_TSS_2	919	83609	TRUE	7.543585288603979e-6	-0.3419352604957995	TRUE	1016	12	3.5910288863193642
ENSG00000103202	HAGHL_TSS_1_AND_HAGHL_TSS_2	919	82545	TRUE	7.819327303304957e-6	-0.3333216429625372	TRUE	1016	12	3.9204245966019773
ENSG00000174109	HAGHL_TSS_1_AND_HAGHL_TSS_2	789	70288	TRUE	9.396866623494703e-6	-0.4077279201449515	TRUE	1016	12	2.0785232871860577
ENSG00000167969	HAGHL_TSS_1_AND_HAGHL_TSS_2	984	89319	TRUE	1.2097103438111784e-5	-0.26609279732274915	TRUE	1016	12	5.668093794597747
ENSG00000188536	HAGHL_TSS_1_AND_HAGHL_TSS_2	1016	92268	TRUE	2.41214310255939e-5	-0.11209733493825702	TRUE	1016	12	358.34205235580276
ENSG00000206053	HAGHL_TSS_1_AND_HAGHL_TSS_2	536	46680	TRUE	3.372339748800414e-5	-0.34079774573349686	TRUE	1016	12	0.8066502078189943
ENSG00000162039	HAGHL_TSS_1_AND_HAGHL_TSS_2	703	63708	TRUE	5.1285882795090373e-5	-0.3838396873398876	TRUE	1016	12	1.6831567653155828
ENSG00000065054	HAGHL_TSS_1_AND_HAGHL_TSS_2	553	46300	TRUE	5.712834933248572e-5	-0.42272194633778726	TRUE	1016	12	0.8916736981364001
ENSG00000086506	HAGHL_TSS_1_AND_HAGHL_TSS_2	954	86712	TRUE	8.89492669777208e-5	-0.2584720366131532	TRUE	1016	12	10.380022292363304
ENSG00000063854	HAGHL_TSS_1_AND_HAGHL_TSS_2	543	48820	TRUE	1.12020180989136e-4	-0.2684603545287456	TRUE	1016	12	1.0312509765930185
ENSG00000127554	HAGHL_TSS_1_AND_HAGHL_TSS_2	491	42527	TRUE	4.4140174603991486e-4	-0.385013751605258	TRUE	1016	12	0.7540131462441535
ENSG00000131653	HAGHL_TSS_1_AND_HAGHL_TSS_2	624	55162	TRUE	7.921140720674822e-4	-0.3268177100374683	TRUE	1016	12	1.124816400512516
ENSG00000103266	HAGHL_TSS_1_AND_HAGHL_TSS_2	810	72132	TRUE	0.0020601925149857127	-0.3251610933144081	TRUE	1016	12	2.2476744064918694
ENSG00000103253	HAGHL_TSS_1_AND_HAGHL_TSS_2	202	26107	TRUE	0.0032631790912488676	-0.48750230626218727	TRUE	1016	12	0.4842859672698105
ENSG00000103260	HAGHL_TSS_1_AND_HAGHL_TSS_2	273	23418	TRUE	0.006741024328594525	-0.40162071710041647	TRUE	1016	12	0.34295863412398303
ENSG00000103024	HAGHL_TSS_1_AND_HAGHL_TSS_2	282	22876	TRUE	0.013246955865662574	-0.33058062191476223	TRUE	1016	12	0.3398231194724835
ENSG00000103254	HAGHL_TSS_1_AND_HAGHL_TSS_2	513	45210	TRUE	0.024	-0.49574273691955895	TRUE	1016	12	1.5716845318082857
ENSG00000074071	HAGHL_TSS_1_AND_HAGHL_TSS_2	963	87765	TRUE	2.7835572021058345e-15	-0.5386165977926813	TRUE	1016	13	8.00711480567101
ENSG00000103275	HAGHL_TSS_1_AND_HAGHL_TSS_2	997	89376	TRUE	2.0198617440219746e-12	-0.4998657797575832	TRUE	1016	13	8.007781493171661
ENSG00000086504	HAGHL_TSS_1_AND_HAGHL_TSS_2	1008	91807	TRUE	1.2319050333814032e-11	-0.43172623994980386	TRUE	1016	13	12.96360302926133
ENSG00000103266	HAGHL_TSS_1_AND_HAGHL_TSS_2	810	72132	TRUE	5.104381441717805e-11	-0.5182419649592234	TRUE	1016	13	2.2476744064918694
ENSG00000167969	HAGHL_TSS_1_AND_HAGHL_TSS_2	984	89319	TRUE	4.774260683855177e-10	-0.35255351843493177	TRUE	1016	13	5.668093794597747
ENSG00000095906	HAGHL_TSS_1_AND_HAGHL_TSS_2	748	67306	TRUE	1.4824542474496563e-9	-0.5007977820241989	TRUE	1016	13	1.7336062585289123
ENSG00000140990	HAGHL_TSS_1_AND_HAGHL_TSS_2	1012	91874	TRUE	2.7483995504283413e-8	-0.3980304943295123	TRUE	1016	13	18.28205048074419
ENSG00000007520	HAGHL_TSS_1_AND_HAGHL_TSS_2	919	83609	TRUE	1.479835523161946e-7	-0.3596843510344421	TRUE	1016	13	3.5910288863193642
ENSG00000103202	HAGHL_TSS_1_AND_HAGHL_TSS_2	919	82545	TRUE	2.101881154144671e-7	-0.3634022620769075	TRUE	1016	13	3.9204245966019773
ENSG00000065057	HAGHL_TSS_1_AND_HAGHL_TSS_2	892	80340	TRUE	4.0923951273325737e-7	-0.3900377025499	TRUE	1016	13	3.6725939352271424
ENSG00000206053	HAGHL_TSS_1_AND_HAGHL_TSS_2	536	46680	TRUE	8.968309088047731e-7	-0.40386454087070245	TRUE	1016	13	0.8066502078189943
ENSG00000140983	HAGHL_TSS_1_AND_HAGHL_TSS_2	641	55511	TRUE	9.556881874125673e-7	-0.5008507912682434	TRUE	1016	13	1.1848495265477046
ENSG00000174109	HAGHL_TSS_1_AND_HAGHL_TSS_2	789	70288	TRUE	6.064540771194874e-6	-0.40170053728880406	TRUE	1016	13	2.0785232871860577
ENSG00000162039	HAGHL_TSS_1_AND_HAGHL_TSS_2	703	63708	TRUE	1.1258294412425096e-5	-0.42106573083367715	TRUE	1016	13	1.6831567653155828
ENSG00000103253	HAGHL_TSS_1_AND_HAGHL_TSS_2	202	26107	TRUE	1.6081429265881776e-5	-0.6241648535727513	TRUE	1016	13	0.4842859672698105
ENSG00000007376	HAGHL_TSS_1_AND_HAGHL_TSS_2	746	66788	TRUE	1.6510298243085572e-5	-0.4738717762668909	TRUE	1016	13	2.134722960092503
ENSG00000127554	HAGHL_TSS_1_AND_HAGHL_TSS_2	491	42527	TRUE	4.677487848294109e-5	-0.4358949206074422	TRUE	1016	13	0.7540131462441535
ENSG00000086506	HAGHL_TSS_1_AND_HAGHL_TSS_2	954	86712	TRUE	6.127403608548188e-5	-0.2480928908331541	TRUE	1016	13	10.380022292363304
ENSG00000188536	HAGHL_TSS_1_AND_HAGHL_TSS_2	1016	92268	TRUE	1.2975841136965947e-4	-0.09397981159486513	TRUE	1016	13	358.34205235580276
ENSG00000063854	HAGHL_TSS_1_AND_HAGHL_TSS_2	543	48820	TRUE	1.414222236364015e-4	-0.2701214888986665	TRUE	1016	13	1.0312509765930185
ENSG00000103260	HAGHL_TSS_1_AND_HAGHL_TSS_2	273	23418	TRUE	1.70845072141863e-4	-0.5595730768766529	TRUE	1016	13	0.34295863412398303
ENSG00000127561	HAGHL_TSS_1_AND_HAGHL_TSS_2	657	58124	TRUE	3.76541505019869e-4	-0.3682967274685219	TRUE	1016	13	1.3043220100628146
ENSG00000198736	HAGHL_TSS_1_AND_HAGHL_TSS_2	701	60819	TRUE	9.954965508693625e-4	-0.3185718974710399	TRUE	1016	13	1.5289644468056294
ENSG00000131653	HAGHL_TSS_1_AND_HAGHL_TSS_2	624	55162	TRUE	0.0027834711717329083	-0.32223529737316964	TRUE	1016	13	1.124816400512516
ENSG00000103254	HAGHL_TSS_1_AND_HAGHL_TSS_2	513	45210	TRUE	0.0028	-0.550834150236969	TRUE	1016	13	1.5716845318082857
ENSG00000065054	HAGHL_TSS_1_AND_HAGHL_TSS_2	553	46300	TRUE	0.006879094649106687	-0.34912954003915475	TRUE	1016	13	0.8916736981364001
ENSG00000103024	HAGHL_TSS_1_AND_HAGHL_TSS_2	282	22876	TRUE	0.292	-0.16182616418038753	FALSE	1016	13	0.3398231194724835
ENSG00000074071	HAGHL_TSS_1_AND_HAGHL_TSS_2	963	87765	TRUE	1.3936295181016484e-9	-0.4704294702386558	TRUE	1016	14	8.00711480567101
ENSG00000007376	HAGHL_TSS_1_AND_HAGHL_TSS_2	746	66788	TRUE	1.723036488482507e-8	-0.5475496741732652	TRUE	1016	14	2.134722960092503
ENSG00000140983	HAGHL_TSS_1_AND_HAGHL_TSS_2	641	55511	TRUE	4.869438350641105e-8	-0.536920045975765	TRUE	1016	14	1.1848495265477046
ENSG00000131653	HAGHL_TSS_1_AND_HAGHL_TSS_2	624	55162	TRUE	1.463254445496949e-7	-0.4282123155691608	TRUE	1016	14	1.124816400512516
ENSG00000086504	HAGHL_TSS_1_AND_HAGHL_TSS_2	1008	91807	TRUE	2.3278730938937526e-7	-0.3534670030255471	TRUE	1016	14	12.96360302926133
ENSG00000103202	HAGHL_TSS_1_AND_HAGHL_TSS_2	919	82545	TRUE	2.54739573487817e-7	-0.36294865570911194	TRUE	1016	14	3.9204245966019773
ENSG00000007520	HAGHL_TSS_1_AND_HAGHL_TSS_2	919	83609	TRUE	5.165167737096465e-7	-0.35727302665411975	TRUE	1016	14	3.5910288863193642
ENSG00000167969	HAGHL_TSS_1_AND_HAGHL_TSS_2	984	89319	TRUE	1.787388974573527e-5	-0.2646614101223954	TRUE	1016	14	5.668093794597747
ENSG00000065057	HAGHL_TSS_1_AND_HAGHL_TSS_2	892	80340	TRUE	7.746188917637144e-5	-0.3350351080894449	TRUE	1016	14	3.6725939352271424
ENSG00000086506	HAGHL_TSS_1_AND_HAGHL_TSS_2	954	86712	TRUE	9.30295448920565e-5	-0.22570338167427062	TRUE	1016	14	10.380022292363304
ENSG00000140990	HAGHL_TSS_1_AND_HAGHL_TSS_2	1012	91874	TRUE	1.0044122708292337e-4	-0.3342609150256344	TRUE	1016	14	18.28205048074419
ENSG00000127561	HAGHL_TSS_1_AND_HAGHL_TSS_2	657	58124	TRUE	1.1095489885522237e-4	-0.3818432593064696	TRUE	1016	14	1.3043220100628146
ENSG00000127554	HAGHL_TSS_1_AND_HAGHL_TSS_2	491	42527	TRUE	1.2072008312453888e-4	-0.3993690445823283	TRUE	1016	14	0.7540131462441535
ENSG00000103275	HAGHL_TSS_1_AND_HAGHL_TSS_2	997	89376	TRUE	1.6514897561173067e-4	-0.3698831392683317	TRUE	1016	14	8.007781493171661
ENSG00000095906	HAGHL_TSS_1_AND_HAGHL_TSS_2	748	67306	TRUE	1.8945983469905673e-4	-0.36801831355748643	TRUE	1016	14	1.7336062585289123
ENSG00000206053	HAGHL_TSS_1_AND_HAGHL_TSS_2	536	46680	TRUE	0.0012763892917547687	-0.28241483559866054	TRUE	1016	14	0.8066502078189943
ENSG00000063854	HAGHL_TSS_1_AND_HAGHL_TSS_2	543	48820	TRUE	0.0024121171937117186	-0.2130905438622877	TRUE	1016	14	1.0312509765930185
ENSG00000103253	HAGHL_TSS_1_AND_HAGHL_TSS_2	202	26107	TRUE	0.0024649248915420904	-0.48330231773290167	TRUE	1016	14	0.4842859672698105
ENSG00000188536	HAGHL_TSS_1_AND_HAGHL_TSS_2	1016	92268	TRUE	0.0026582488507199686	-0.044383656388617965	TRUE	1016	14	358.34205235580276
ENSG00000103266	HAGHL_TSS_1_AND_HAGHL_TSS_2	810	72132	TRUE	0.002678820794178291	-0.32745048026543366	TRUE	1016	14	2.2476744064918694
ENSG00000174109	HAGHL_TSS_1_AND_HAGHL_TSS_2	789	70288	TRUE	0.0034510248014492373	-0.30451541748468725	TRUE	1016	14	2.0785232871860577
ENSG00000162039	HAGHL_TSS_1_AND_HAGHL_TSS_2	703	63708	TRUE	0.003545530771617983	-0.3201659423349365	TRUE	1016	14	1.6831567653155828
ENSG00000103254	HAGHL_TSS_1_AND_HAGHL_TSS_2	513	45210	TRUE	0.0088	-0.468966364362143	TRUE	1016	14	1.5716845318082857
ENSG00000065054	HAGHL_TSS_1_AND_HAGHL_TSS_2	553	46300	TRUE	0.014502434954492327	-0.33561925363291434	TRUE	1016	14	0.8916736981364001
ENSG00000103024	HAGHL_TSS_1_AND_HAGHL_TSS_2	282	22876	TRUE	0.036	-0.3200882480971199	TRUE	1016	14	0.3398231194724835
ENSG00000103260	HAGHL_TSS_1_AND_HAGHL_TSS_2	273	23418	TRUE	0.044	-0.3135293874755596	TRUE	1016	14	0.34295863412398303
ENSG00000198736	HAGHL_TSS_1_AND_HAGHL_TSS_2	701	60819	TRUE	0.228	-0.20504891845707418	FALSE	1016	14	1.5289644468056294
ENSG00000086504	HAGHL_TSS_1_AND_HAGHL_TSS_2	1008	91807	TRUE	8.397845317619475e-14	-0.44306021011008045	TRUE	1016	15	12.96360302926133
ENSG00000007520	HAGHL_TSS_1_AND_HAGHL_TSS_2	919	83609	TRUE	1.7586729522256885e-10	-0.4258565024623313	TRUE	1016	15	3.5910288863193642
ENSG00000140990	HAGHL_TSS_1_AND_HAGHL_TSS_2	1012	91874	TRUE	4.980739634133911e-8	-0.40419273208409434	TRUE	1016	15	18.28205048074419
ENSG00000162039	HAGHL_TSS_1_AND_HAGHL_TSS_2	703	63708	TRUE	7.424702041776508e-8	-0.489463166455264	TRUE	1016	15	1.6831567653155828
ENSG00000127561	HAGHL_TSS_1_AND_HAGHL_TSS_2	657	58124	TRUE	1.6766273601815237e-7	-0.4760419012286571	TRUE	1016	15	1.3043220100628146
ENSG00000074071	HAGHL_TSS_1_AND_HAGHL_TSS_2	963	87765	TRUE	1.709273789087803e-7	-0.43526046714769207	TRUE	1016	15	8.00711480567101
ENSG00000140983	HAGHL_TSS_1_AND_HAGHL_TSS_2	641	55511	TRUE	3.0622614599951667e-7	-0.5122298533987337	TRUE	1016	15	1.1848495265477046
ENSG00000198736	HAGHL_TSS_1_AND_HAGHL_TSS_2	701	60819	TRUE	4.2713703150340087e-7	-0.4191329126462609	TRUE	1016	15	1.5289644468056294
ENSG00000007376	HAGHL_TSS_1_AND_HAGHL_TSS_2	746	66788	TRUE	2.20935240147392e-6	-0.5003926525195841	TRUE	1016	15	2.134722960092503
ENSG00000103266	HAGHL_TSS_1_AND_HAGHL_TSS_2	810	72132	TRUE	5.896672238576029e-6	-0.4115758451318814	TRUE	1016	15	2.2476744064918694
ENSG00000188536	HAGHL_TSS_1_AND_HAGHL_TSS_2	1016	92268	TRUE	1.3817846136165643e-5	-0.12908515741186122	TRUE	1016	15	358.34205235580276
ENSG00000103275	HAGHL_TSS_1_AND_HAGHL_TSS_2	997	89376	TRUE	1.436383960156805e-5	-0.3871532762850536	TRUE	1016	15	8.007781493171661
ENSG00000063854	HAGHL_TSS_1_AND_HAGHL_TSS_2	543	48820	TRUE	1.9196816639932297e-5	-0.3088651901735993	TRUE	1016	15	1.0312509765930185
ENSG00000086506	HAGHL_TSS_1_AND_HAGHL_TSS_2	954	86712	TRUE	3.065368288974308e-5	-0.250602199070304	TRUE	1016	15	10.380022292363304
ENSG00000206053	HAGHL_TSS_1_AND_HAGHL_TSS_2	536	46680	TRUE	3.1687441249787004e-5	-0.3471955169316475	TRUE	1016	15	0.8066502078189943
ENSG00000103253	HAGHL_TSS_1_AND_HAGHL_TSS_2	202	26107	TRUE	3.303821871062165e-5	-0.6241648535727513	TRUE	1016	15	0.4842859672698105
ENSG00000065057	HAGHL_TSS_1_AND_HAGHL_TSS_2	892	80340	TRUE	4.736845250872786e-5	-0.3537655891750757	TRUE	1016	15	3.6725939352271424
ENSG00000103260	HAGHL_TSS_1_AND_HAGHL_TSS_2	273	23418	TRUE	1.1689637606298025e-4	-0.541798375148677	TRUE	1016	15	0.34295863412398303
ENSG00000174109	HAGHL_TSS_1_AND_HAGHL_TSS_2	789	70288	TRUE	1.2021045693533239e-4	-0.36187030304687906	TRUE	1016	15	2.0785232871860577
ENSG00000127554	HAGHL_TSS_1_AND_HAGHL_TSS_2	491	42527	TRUE	2.569565379279522e-4	-0.40418606088010417	TRUE	1016	15	0.7540131462441535
ENSG00000103024	HAGHL_TSS_1_AND_HAGHL_TSS_2	282	22876	TRUE	0.00040811152258464663	-0.45706915092451705	TRUE	1016	15	0.3398231194724835
ENSG00000131653	HAGHL_TSS_1_AND_HAGHL_TSS_2	624	55162	TRUE	0.002377636612443494	-0.31159926680262295	TRUE	1016	15	1.124816400512516
ENSG00000167969	HAGHL_TSS_1_AND_HAGHL_TSS_2	984	89319	TRUE	0.0026367776272270254	-0.21516058416348338	TRUE	1016	15	5.668093794597747
ENSG00000103254	HAGHL_TSS_1_AND_HAGHL_TSS_2	513	45210	TRUE	0.0032	-0.5151776294902787	TRUE	1016	15	1.5716845318082857
ENSG00000065054	HAGHL_TSS_1_AND_HAGHL_TSS_2	553	46300	TRUE	0.003852630766215545	-0.3452565308919483	TRUE	1016	15	0.8916736981364001
ENSG00000095906	HAGHL_TSS_1_AND_HAGHL_TSS_2	748	67306	TRUE	0.004359102020376031	-0.3234106536734811	TRUE	1016	15	1.7336062585289123
ENSG00000103202	HAGHL_TSS_1_AND_HAGHL_TSS_2	919	82545	TRUE	0.00475801256209879	-0.2567463258474785	TRUE	1016	15	3.9204245966019773
ENSG00000103275	HAGHL_TSS_1_AND_HAGHL_TSS_2	997	89376	TRUE	2.3211667266685643e-17	-0.5755318788739632	TRUE	1016	16	8.007781493171661
ENSG00000007520	HAGHL_TSS_1_AND_HAGHL_TSS_2	919	83609	TRUE	7.730444257513739e-15	-0.4814903376366806	TRUE	1016	16	3.5910288863193642
ENSG00000167969	HAGHL_TSS_1_AND_HAGHL_TSS_2	984	89319	TRUE	6.180207350407713e-13	-0.38920416268989877	TRUE	1016	16	5.668093794597747
ENSG00000103202	HAGHL_TSS_1_AND_HAGHL_TSS_2	919	82545	TRUE	2.0841000082101575e-10	-0.44266554060156094	TRUE	1016	16	3.9204245966019773
ENSG00000074071	HAGHL_TSS_1_AND_HAGHL_TSS_2	963	87765	TRUE	5.351346318242106e-8	-0.41647511005737536	TRUE	1016	16	8.00711480567101
ENSG00000095906	HAGHL_TSS_1_AND_HAGHL_TSS_2	748	67306	TRUE	6.193170566869642e-8	-0.4583785132093149	TRUE	1016	16	1.7336062585289123
ENSG00000065057	HAGHL_TSS_1_AND_HAGHL_TSS_2	892	80340	TRUE	9.272979626475698e-7	-0.38858848591283035	TRUE	1016	16	3.6725939352271424
ENSG00000140983	HAGHL_TSS_1_AND_HAGHL_TSS_2	641	55511	TRUE	2.610482280280494e-6	-0.4656613628059434	TRUE	1016	16	1.1848495265477046
ENSG00000086504	HAGHL_TSS_1_AND_HAGHL_TSS_2	1008	91807	TRUE	3.1281688913617533e-6	-0.3421578781647594	TRUE	1016	16	12.96360302926133
ENSG00000174109	HAGHL_TSS_1_AND_HAGHL_TSS_2	789	70288	TRUE	3.2157024639425263e-6	-0.4094546648644197	TRUE	1016	16	2.0785232871860577
ENSG00000140990	HAGHL_TSS_1_AND_HAGHL_TSS_2	1012	91874	TRUE	7.845955869042152e-6	-0.35050754674033824	TRUE	1016	16	18.28205048074419
ENSG00000063854	HAGHL_TSS_1_AND_HAGHL_TSS_2	543	48820	TRUE	1.0722240177300259e-5	-0.3122839004010637	TRUE	1016	16	1.0312509765930185
ENSG00000007376	HAGHL_TSS_1_AND_HAGHL_TSS_2	746	66788	TRUE	5.185894272814306e-5	-0.4298758724402073	TRUE	1016	16	2.134722960092503
ENSG00000198736	HAGHL_TSS_1_AND_HAGHL_TSS_2	701	60819	TRUE	2.304584364122425e-4	-0.34643477664773203	TRUE	1016	16	1.5289644468056294
ENSG00000127561	HAGHL_TSS_1_AND_HAGHL_TSS_2	657	58124	TRUE	2.3543815909037556e-4	-0.3777659272259265	TRUE	1016	16	1.3043220100628146
ENSG00000065054	HAGHL_TSS_1_AND_HAGHL_TSS_2	553	46300	TRUE	5.518788761180969e-4	-0.4004483173241349	TRUE	1016	16	0.8916736981364001
ENSG00000103266	HAGHL_TSS_1_AND_HAGHL_TSS_2	810	72132	TRUE	7.428472728458653e-4	-0.3412636234130193	TRUE	1016	16	2.2476744064918694
ENSG00000086506	HAGHL_TSS_1_AND_HAGHL_TSS_2	954	86712	TRUE	0.0014889817863067874	-0.2117315544168017	TRUE	1016	16	10.380022292363304
ENSG00000103260	HAGHL_TSS_1_AND_HAGHL_TSS_2	273	23418	TRUE	0.0027801934918223054	-0.45606850112279296	TRUE	1016	16	0.34295863412398303
ENSG00000103024	HAGHL_TSS_1_AND_HAGHL_TSS_2	282	22876	TRUE	0.003162045471399179	-0.38421858551683563	TRUE	1016	16	0.3398231194724835
ENSG00000131653	HAGHL_TSS_1_AND_HAGHL_TSS_2	624	55162	TRUE	0.004461325632235211	-0.2890684334379704	TRUE	1016	16	1.124816400512516
ENSG00000103254	HAGHL_TSS_1_AND_HAGHL_TSS_2	513	45210	TRUE	0.004971094679584176	-0.49703028278001926	TRUE	1016	16	1.5716845318082857
ENSG00000188536	HAGHL_TSS_1_AND_HAGHL_TSS_2	1016	92268	TRUE	0.005920786279682663	-0.027948110830759987	TRUE	1016	16	358.34205235580276
ENSG00000206053	HAGHL_TSS_1_AND_HAGHL_TSS_2	536	46680	TRUE	0.012584416656665987	-0.24012765495024663	TRUE	1016	16	0.8066502078189943
ENSG00000162039	HAGHL_TSS_1_AND_HAGHL_TSS_2	703	63708	TRUE	0.024	-0.30219442223839366	TRUE	1016	16	1.6831567653155828
ENSG00000103253	HAGHL_TSS_1_AND_HAGHL_TSS_2	202	26107	TRUE	0.168	-0.3359198849416778	FALSE	1016	16	0.4842859672698105
ENSG00000127554	HAGHL_TSS_1_AND_HAGHL_TSS_2	491	42527	TRUE	0.284	-0.19147619294099533	FALSE	1016	16	0.7540131462441535
ENSG00000103275	HAGHL_TSS_1_AND_HAGHL_TSS_2	997	89376	TRUE	1.631709335977962e-13	-0.5328169863571337	TRUE	1016	17	8.007781493171661
ENSG00000086504	HAGHL_TSS_1_AND_HAGHL_TSS_2	1008	91807	TRUE	6.089305205507018e-11	-0.41551056226760297	TRUE	1016	17	12.96360302926133
ENSG00000188536	HAGHL_TSS_1_AND_HAGHL_TSS_2	1016	92268	TRUE	5.923477453169141e-10	-0.2739378406541899	TRUE	1016	17	358.34205235580276
ENSG00000140990	HAGHL_TSS_1_AND_HAGHL_TSS_2	1012	91874	TRUE	3.335991772293557e-9	-0.41877349441097733	TRUE	1016	17	18.28205048074419
ENSG00000103266	HAGHL_TSS_1_AND_HAGHL_TSS_2	810	72132	TRUE	1.6024595205081817e-8	-0.46182608461359975	TRUE	1016	17	2.2476744064918694
ENSG00000007520	HAGHL_TSS_1_AND_HAGHL_TSS_2	919	83609	TRUE	2.824146622209232e-8	-0.3850039823876854	TRUE	1016	17	3.5910288863193642
ENSG00000162039	HAGHL_TSS_1_AND_HAGHL_TSS_2	703	63708	TRUE	3.3763916969762486e-8	-0.46482026071010674	TRUE	1016	17	1.6831567653155828
ENSG00000103202	HAGHL_TSS_1_AND_HAGHL_TSS_2	919	82545	TRUE	9.955195906733295e-8	-0.3624951919175776	TRUE	1016	17	3.9204245966019773
ENSG00000086506	HAGHL_TSS_1_AND_HAGHL_TSS_2	954	86712	TRUE	5.211394806311099e-7	-0.29135630809194213	TRUE	1016	17	10.380022292363304
ENSG00000206053	HAGHL_TSS_1_AND_HAGHL_TSS_2	536	46680	TRUE	5.428259988506123e-7	-0.401643300954024	TRUE	1016	17	0.8066502078189943
ENSG00000065057	HAGHL_TSS_1_AND_HAGHL_TSS_2	892	80340	TRUE	1.94565025159253e-6	-0.36987995887455405	TRUE	1016	17	3.6725939352271424
ENSG00000174109	HAGHL_TSS_1_AND_HAGHL_TSS_2	789	70288	TRUE	3.0241090031258785e-6	-0.4207291650043823	TRUE	1016	17	2.0785232871860577
ENSG00000127554	HAGHL_TSS_1_AND_HAGHL_TSS_2	491	42527	TRUE	1.8731119083992796e-5	-0.430971041968157	TRUE	1016	17	0.7540131462441535
ENSG00000167969	HAGHL_TSS_1_AND_HAGHL_TSS_2	984	89319	TRUE	2.23428466461428e-5	-0.26323144168250856	TRUE	1016	17	5.668093794597747
ENSG00000095906	HAGHL_TSS_1_AND_HAGHL_TSS_2	748	67306	TRUE	2.7447531585523643e-5	-0.3985419141997329	TRUE	1016	17	1.7336062585289123
ENSG00000127561	HAGHL_TSS_1_AND_HAGHL_TSS_2	657	58124	TRUE	2.867474007630516e-5	-0.39277281946472875	TRUE	1016	17	1.3043220100628146
ENSG00000007376	HAGHL_TSS_1_AND_HAGHL_TSS_2	746	66788	TRUE	3.009519605258297e-5	-0.4835395830514969	TRUE	1016	17	2.134722960092503
ENSG00000074071	HAGHL_TSS_1_AND_HAGHL_TSS_2	963	87765	TRUE	3.418981730236078e-5	-0.36356616400517794	TRUE	1016	17	8.00711480567101
ENSG00000140983	HAGHL_TSS_1_AND_HAGHL_TSS_2	641	55511	TRUE	4.3330819790294434e-4	-0.38724307656020374	TRUE	1016	17	1.1848495265477046
ENSG00000198736	HAGHL_TSS_1_AND_HAGHL_TSS_2	701	60819	TRUE	7.545715316442554e-4	-0.3163659413212323	TRUE	1016	17	1.5289644468056294
ENSG00000065054	HAGHL_TSS_1_AND_HAGHL_TSS_2	553	46300	TRUE	0.00131323439293516	-0.3686520983039733	TRUE	1016	17	0.8916736981364001
ENSG00000063854	HAGHL_TSS_1_AND_HAGHL_TSS_2	543	48820	TRUE	0.0022314816379126485	-0.22592884919152717	TRUE	1016	17	1.0312509765930185
ENSG00000103253	HAGHL_TSS_1_AND_HAGHL_TSS_2	202	26107	TRUE	0.005040101015727549	-0.474938844798275	TRUE	1016	17	0.4842859672698105
ENSG00000103260	HAGHL_TSS_1_AND_HAGHL_TSS_2	273	23418	TRUE	0.028	-0.390973472900908	TRUE	1016	17	0.34295863412398303
ENSG00000131653	HAGHL_TSS_1_AND_HAGHL_TSS_2	624	55162	TRUE	0.06	-0.24214738605047775	TRUE	1016	17	1.124816400512516
ENSG00000103024	HAGHL_TSS_1_AND_HAGHL_TSS_2	282	22876	TRUE	0.072	-0.24373736196700513	TRUE	1016	17	0.3398231194724835
ENSG00000103254	HAGHL_TSS_1_AND_HAGHL_TSS_2	513	45210	TRUE	0.1	-0.4047261784601809	FALSE	1016	17	1.5716845318082857
ENSG00000140990	HAGHL_TSS_1_AND_HAGHL_TSS_2	1012	91874	TRUE	2.5978853069753686e-14	-0.45842563664589875	TRUE	1016	18	18.28205048074419
ENSG00000103202	HAGHL_TSS_1_AND_HAGHL_TSS_2	919	82545	TRUE	2.5249673522673614e-13	-0.4678069751495575	TRUE	1016	18	3.9204245966019773
ENSG00000095906	HAGHL_TSS_1_AND_HAGHL_TSS_2	748	67306	TRUE	1.5661679225949558e-9	-0.4908974340843907	TRUE	1016	18	1.7336062585289123
ENSG00000103266	HAGHL_TSS_1_AND_HAGHL_TSS_2	810	72132	TRUE	2.5439630701333727e-9	-0.4609880392569593	TRUE	1016	18	2.2476744064918694
ENSG00000086504	HAGHL_TSS_1_AND_HAGHL_TSS_2	1008	91807	TRUE	9.263359270148268e-9	-0.36726264733910075	TRUE	1016	18	12.96360302926133
ENSG00000007520	HAGHL_TSS_1_AND_HAGHL_TSS_2	919	83609	TRUE	4.8257952413488416e-8	-0.3679131321739404	TRUE	1016	18	3.5910288863193642
ENSG00000007376	HAGHL_TSS_1_AND_HAGHL_TSS_2	746	66788	TRUE	5.5666114005681745e-8	-0.523778495662198	TRUE	1016	18	2.134722960092503
ENSG00000162039	HAGHL_TSS_1_AND_HAGHL_TSS_2	703	63708	TRUE	4.517341676971761e-7	-0.45375659421274706	TRUE	1016	18	1.6831567653155828
ENSG00000063854	HAGHL_TSS_1_AND_HAGHL_TSS_2	543	48820	TRUE	1.368236548309116e-6	-0.3243135892622632	TRUE	1016	18	1.0312509765930185
ENSG00000103275	HAGHL_TSS_1_AND_HAGHL_TSS_2	997	89376	TRUE	2.094373896505239e-6	-0.39752686445419894	TRUE	1016	18	8.007781493171661
ENSG00000198736	HAGHL_TSS_1_AND_HAGHL_TSS_2	701	60819	TRUE	4.942484547119626e-6	-0.38984455313587046	TRUE	1016	18	1.5289644468056294
ENSG00000086506	HAGHL_TSS_1_AND_HAGHL_TSS_2	954	86712	TRUE	8.100158671304862e-6	-0.2625813810942983	TRUE	1016	18	10.380022292363304
ENSG00000074071	HAGHL_TSS_1_AND_HAGHL_TSS_2	963	87765	TRUE	1.5571224056129367e-5	-0.37530830773051127	TRUE	1016	18	8.00711480567101
ENSG00000131653	HAGHL_TSS_1_AND_HAGHL_TSS_2	624	55162	TRUE	3.6098044915308485e-5	-0.365581327298757	TRUE	1016	18	1.124816400512516
ENSG00000167969	HAGHL_TSS_1_AND_HAGHL_TSS_2	984	89319	TRUE	6.254088609467141e-5	-0.2526934979759763	TRUE	1016	18	5.668093794597747
ENSG00000174109	HAGHL_TSS_1_AND_HAGHL_TSS_2	789	70288	TRUE	8.465576713193425e-5	-0.37277761614183536	TRUE	1016	18	2.0785232871860577
ENSG00000103260	HAGHL_TSS_1_AND_HAGHL_TSS_2	273	23418	TRUE	1.4151517063650237e-4	-0.5536238105454667	TRUE	1016	18	0.34295863412398303
ENSG00000065057	HAGHL_TSS_1_AND_HAGHL_TSS_2	892	80340	TRUE	2.5229420470639693e-4	-0.3239124442652557	TRUE	1016	18	3.6725939352271424
ENSG00000065054	HAGHL_TSS_1_AND_HAGHL_TSS_2	553	46300	TRUE	2.8540767881053263e-4	-0.4145826015277708	TRUE	1016	18	0.8916736981364001
ENSG00000127561	HAGHL_TSS_1_AND_HAGHL_TSS_2	657	58124	TRUE	0.001253408507092442	-0.33893466783717846	TRUE	1016	18	1.3043220100628146
ENSG00000140983	HAGHL_TSS_1_AND_HAGHL_TSS_2	641	55511	TRUE	0.0013725871771690934	-0.3812691755155708	TRUE	1016	18	1.1848495265477046
ENSG00000127554	HAGHL_TSS_1_AND_HAGHL_TSS_2	491	42527	TRUE	0.0034096059784560137	-0.3404753555287597	TRUE	1016	18	0.7540131462441535
ENSG00000103254	HAGHL_TSS_1_AND_HAGHL_TSS_2	513	45210	TRUE	0.0076	-0.468966364362143	TRUE	1016	18	1.5716845318082857
ENSG00000103253	HAGHL_TSS_1_AND_HAGHL_TSS_2	202	26107	TRUE	0.026766821189323886	-0.4097211853517946	TRUE	1016	18	0.4842859672698105
ENSG00000206053	HAGHL_TSS_1_AND_HAGHL_TSS_2	536	46680	TRUE	0.028378713061951943	-0.21846220280944467	TRUE	1016	18	0.8066502078189943
ENSG00000103024	HAGHL_TSS_1_AND_HAGHL_TSS_2	282	22876	TRUE	0.072	-0.24373736196700513	TRUE	1016	18	0.3398231194724835
ENSG00000188536	HAGHL_TSS_1_AND_HAGHL_TSS_2	1016	92268	TRUE	0.088	0.03581063042555499	TRUE	1016	18	358.34205235580276
ENSG00000103275	HAGHL_TSS_1_AND_HAGHL_TSS_2	997	89376	TRUE	1.917609031439655e-11	-0.48731743821048523	TRUE	1016	19	8.007781493171661
ENSG00000086504	HAGHL_TSS_1_AND_HAGHL_TSS_2	1008	91807	TRUE	4.352491062428068e-11	-0.4004295112742997	TRUE	1016	19	12.96360302926133
ENSG00000103202	HAGHL_TSS_1_AND_HAGHL_TSS_2	919	82545	TRUE	1.1211446362084784e-10	-0.4188973746686113	TRUE	1016	19	3.9204245966019773
ENSG00000174109	HAGHL_TSS_1_AND_HAGHL_TSS_2	789	70288	TRUE	4.25575976213254e-10	-0.48481992719906475	TRUE	1016	19	2.0785232871860577
ENSG00000007376	HAGHL_TSS_1_AND_HAGHL_TSS_2	746	66788	TRUE	3.088007369285705e-7	-0.5183480185820131	TRUE	1016	19	2.134722960092503
ENSG00000127554	HAGHL_TSS_1_AND_HAGHL_TSS_2	491	42527	TRUE	1.8143026581691904e-6	-0.48098281013598027	TRUE	1016	19	0.7540131462441535
ENSG00000007520	HAGHL_TSS_1_AND_HAGHL_TSS_2	919	83609	TRUE	3.248834293423131e-6	-0.33955339592820755	TRUE	1016	19	3.5910288863193642
ENSG00000162039	HAGHL_TSS_1_AND_HAGHL_TSS_2	703	63708	TRUE	6.586052717234923e-6	-0.4135432815476706	TRUE	1016	19	1.6831567653155828
ENSG00000140983	HAGHL_TSS_1_AND_HAGHL_TSS_2	641	55511	TRUE	6.767975053749538e-6	-0.4656613628059434	TRUE	1016	19	1.1848495265477046
ENSG00000188536	HAGHL_TSS_1_AND_HAGHL_TSS_2	1016	92268	TRUE	2.8520437871222548e-5	-0.10464963088332091	TRUE	1016	19	358.34205235580276
ENSG00000167969	HAGHL_TSS_1_AND_HAGHL_TSS_2	984	89319	TRUE	6.928314330561201e-5	-0.25070846271711567	TRUE	1016	19	5.668093794597747
ENSG00000140990	HAGHL_TSS_1_AND_HAGHL_TSS_2	1012	91874	TRUE	7.133032303489276e-5	-0.3229127717308429	TRUE	1016	19	18.28205048074419
ENSG00000065057	HAGHL_TSS_1_AND_HAGHL_TSS_2	892	80340	TRUE	7.304601895772884e-5	-0.339694979843844	TRUE	1016	19	3.6725939352271424
ENSG00000103266	HAGHL_TSS_1_AND_HAGHL_TSS_2	810	72132	TRUE	1.0226487398298789e-4	-0.3724413908564663	TRUE	1016	19	2.2476744064918694
ENSG00000131653	HAGHL_TSS_1_AND_HAGHL_TSS_2	624	55162	TRUE	1.0641212503907595e-4	-0.36244161976818967	TRUE	1016	19	1.124816400512516
ENSG00000086506	HAGHL_TSS_1_AND_HAGHL_TSS_2	954	86712	TRUE	1.510620252320868e-4	-0.2382546985079017	TRUE	1016	19	10.380022292363304
ENSG00000198736	HAGHL_TSS_1_AND_HAGHL_TSS_2	701	60819	TRUE	3.806466778555548e-4	-0.2999279164592555	TRUE	1016	19	1.5289644468056294
ENSG00000103254	HAGHL_TSS_1_AND_HAGHL_TSS_2	513	45210	TRUE	4e-4	-0.5832860161304384	TRUE	1016	19	1.5716845318082857
ENSG00000127561	HAGHL_TSS_1_AND_HAGHL_TSS_2	657	58124	TRUE	0.0011754903648456064	-0.3455555837297217	TRUE	1016	19	1.3043220100628146
ENSG00000206053	HAGHL_TSS_1_AND_HAGHL_TSS_2	536	46680	TRUE	0.0019018932415906104	-0.2601099001679361	TRUE	1016	19	0.8066502078189943
ENSG00000095906	HAGHL_TSS_1_AND_HAGHL_TSS_2	748	67306	TRUE	0.002326341438839037	-0.32536420175923597	TRUE	1016	19	1.7336062585289123
ENSG00000065054	HAGHL_TSS_1_AND_HAGHL_TSS_2	553	46300	TRUE	0.0025110057975420673	-0.37061896301337427	TRUE	1016	19	0.8916736981364001
ENSG00000103260	HAGHL_TSS_1_AND_HAGHL_TSS_2	273	23418	TRUE	0.006835667518102641	-0.41234712369347526	TRUE	1016	19	0.34295863412398303
ENSG00000103253	HAGHL_TSS_1_AND_HAGHL_TSS_2	202	26107	TRUE	0.008365934188237598	-0.4257512951707434	TRUE	1016	19	0.4842859672698105
ENSG00000063854	HAGHL_TSS_1_AND_HAGHL_TSS_2	543	48820	TRUE	0.030108712454038095	-0.1414084443220365	TRUE	1016	19	1.0312509765930185
ENSG00000074071	HAGHL_TSS_1_AND_HAGHL_TSS_2	963	87765	TRUE	0.04	-0.2678587633156342	TRUE	1016	19	8.00711480567101
ENSG00000103024	HAGHL_TSS_1_AND_HAGHL_TSS_2	282	22876	TRUE	0.432	-0.18068519143170336	FALSE	1016	19	0.3398231194724835
ENSG00000074071	HAGHL_TSS_1_AND_HAGHL_TSS_2	963	87765	TRUE	2.907635247800827e-12	-0.5052362376216419	TRUE	1016	20	8.00711480567101
ENSG00000140990	HAGHL_TSS_1_AND_HAGHL_TSS_2	1012	91874	TRUE	2.3106043417440116e-11	-0.4437428792112339	TRUE	1016	20	18.28205048074419
ENSG00000167969	HAGHL_TSS_1_AND_HAGHL_TSS_2	984	89319	TRUE	1.001801932037766e-8	-0.3299237272409461	TRUE	1016	20	5.668093794597747
ENSG00000065057	HAGHL_TSS_1_AND_HAGHL_TSS_2	892	80340	TRUE	4.040985165654955e-8	-0.41982532274963	TRUE	1016	20	3.6725939352271424
ENSG00000103266	HAGHL_TSS_1_AND_HAGHL_TSS_2	810	72132	TRUE	5.875528268666035e-8	-0.4559699644903348	TRUE	1016	20	2.2476744064918694
ENSG00000127561	HAGHL_TSS_1_AND_HAGHL_TSS_2	657	58124	TRUE	1.4654533913202833e-7	-0.47895056157054283	TRUE	1016	20	1.3043220100628146
ENSG00000103275	HAGHL_TSS_1_AND_HAGHL_TSS_2	997	89376	TRUE	2.290287249287812e-6	-0.40329765231214676	TRUE	1016	20	8.007781493171661
ENSG00000103202	HAGHL_TSS_1_AND_HAGHL_TSS_2	919	82545	TRUE	5.276542786432874e-6	-0.33287739506344916	TRUE	1016	20	3.9204245966019773
ENSG00000095906	HAGHL_TSS_1_AND_HAGHL_TSS_2	748	67306	TRUE	7.249069681965426e-6	-0.40989771197090374	TRUE	1016	20	1.7336062585289123
ENSG00000086504	HAGHL_TSS_1_AND_HAGHL_TSS_2	1008	91807	TRUE	6.163836029427047e-5	-0.3149094776957386	TRUE	1016	20	12.96360302926133
ENSG00000103260	HAGHL_TSS_1_AND_HAGHL_TSS_2	273	23418	TRUE	1.756958863904888e-4	-0.541798375148677	TRUE	1016	20	0.34295863412398303
ENSG00000131653	HAGHL_TSS_1_AND_HAGHL_TSS_2	624	55162	TRUE	3.997140530986737e-4	-0.34529431315377107	TRUE	1016	20	1.124816400512516
ENSG00000206053	HAGHL_TSS_1_AND_HAGHL_TSS_2	536	46680	TRUE	8.402042563659812e-4	-0.2926685748592176	TRUE	1016	20	0.8066502078189943
ENSG00000063854	HAGHL_TSS_1_AND_HAGHL_TSS_2	543	48820	TRUE	8.580355813057258e-4	-0.2437701619517143	TRUE	1016	20	1.0312509765930185
ENSG00000188536	HAGHL_TSS_1_AND_HAGHL_TSS_2	1016	92268	TRUE	0.0019323560861793168	-0.04535905297140097	TRUE	1016	20	358.34205235580276
ENSG00000007520	HAGHL_TSS_1_AND_HAGHL_TSS_2	919	83609	TRUE	0.0029182379414059365	-0.2671482289346834	TRUE	1016	20	3.5910288863193642
ENSG00000140983	HAGHL_TSS_1_AND_HAGHL_TSS_2	641	55511	TRUE	0.0031425571699096495	-0.37680492737097315	TRUE	1016	20	1.1848495265477046
ENSG00000162039	HAGHL_TSS_1_AND_HAGHL_TSS_2	703	63708	TRUE	0.0038945122888435976	-0.32923635668222434	TRUE	1016	20	1.6831567653155828
ENSG00000065054	HAGHL_TSS_1_AND_HAGHL_TSS_2	553	46300	TRUE	0.004999343399129708	-0.35495861884135227	TRUE	1016	20	0.8916736981364001
ENSG00000198736	HAGHL_TSS_1_AND_HAGHL_TSS_2	701	60819	TRUE	0.008270263073873949	-0.27829790048771263	TRUE	1016	20	1.5289644468056294
ENSG00000127554	HAGHL_TSS_1_AND_HAGHL_TSS_2	491	42527	TRUE	0.010766061694206262	-0.33127152819891986	TRUE	1016	20	0.7540131462441535
ENSG00000103253	HAGHL_TSS_1_AND_HAGHL_TSS_2	202	26107	TRUE	0.024	-0.4338336414686019	TRUE	1016	20	0.4842859672698105
ENSG00000007376	HAGHL_TSS_1_AND_HAGHL_TSS_2	746	66788	TRUE	0.028	-0.36264582072608587	TRUE	1016	20	2.134722960092503
ENSG00000086506	HAGHL_TSS_1_AND_HAGHL_TSS_2	954	86712	TRUE	0.044	-0.15907315279843726	TRUE	1016	20	10.380022292363304
ENSG00000174109	HAGHL_TSS_1_AND_HAGHL_TSS_2	789	70288	TRUE	0.044	-0.2806160022416122	TRUE	1016	20	2.0785232871860577
ENSG00000103024	HAGHL_TSS_1_AND_HAGHL_TSS_2	282	22876	TRUE	0.068	-0.2737945958231849	TRUE	1016	20	0.3398231194724835
ENSG00000103254	HAGHL_TSS_1_AND_HAGHL_TSS_2	513	45210	TRUE	0.068	-0.44019906018334326	TRUE	1016	20	1.5716845318082857
ENSG00000167969	HAGHL_TSS_1_AND_HAGHL_TSS_2	984	89319	TRUE	9.131454421697269e-12	-0.3851547083349316	TRUE	1016	21	5.668093794597747
ENSG00000065057	HAGHL_TSS_1_AND_HAGHL_TSS_2	892	80340	TRUE	4.204373391608298e-11	-0.47412130006477016	TRUE	1016	21	3.6725939352271424
ENSG00000007520	HAGHL_TSS_1_AND_HAGHL_TSS_2	919	83609	TRUE	1.2042645488260714e-10	-0.42434133161672016	TRUE	1016	21	3.5910288863193642
ENSG00000007376	HAGHL_TSS_1_AND_HAGHL_TSS_2	746	66788	TRUE	2.6592148238052454e-9	-0.5614441158316459	TRUE	1016	21	2.134722960092503
ENSG00000086504	HAGHL_TSS_1_AND_HAGHL_TSS_2	1008	91807	TRUE	4.517472971199909e-9	-0.3861795502314189	TRUE	1016	21	12.96360302926133
ENSG00000140990	HAGHL_TSS_1_AND_HAGHL_TSS_2	1012	91874	TRUE	1.1013701202292666e-8	-0.41936772591833726	TRUE	1016	21	18.28205048074419
ENSG00000086506	HAGHL_TSS_1_AND_HAGHL_TSS_2	954	86712	TRUE	4.8152738111665303e-8	-0.34263415735404434	TRUE	1016	21	10.380022292363304
ENSG00000103266	HAGHL_TSS_1_AND_HAGHL_TSS_2	810	72132	TRUE	2.1233835129932065e-7	-0.4377182599341122	TRUE	1016	21	2.2476744064918694
ENSG00000103275	HAGHL_TSS_1_AND_HAGHL_TSS_2	997	89376	TRUE	3.263752024930168e-7	-0.43000875524685034	TRUE	1016	21	8.007781493171661
ENSG00000127554	HAGHL_TSS_1_AND_HAGHL_TSS_2	491	42527	TRUE	1.1695550656031693e-6	-0.5066542177381772	TRUE	1016	21	0.7540131462441535
ENSG00000162039	HAGHL_TSS_1_AND_HAGHL_TSS_2	703	63708	TRUE	1.5989873265055536e-6	-0.44059122491116026	TRUE	1016	21	1.6831567653155828
ENSG00000174109	HAGHL_TSS_1_AND_HAGHL_TSS_2	789	70288	TRUE	2.2287211960279798e-6	-0.4146473340847421	TRUE	1016	21	2.0785232871860577
ENSG00000206053	HAGHL_TSS_1_AND_HAGHL_TSS_2	536	46680	TRUE	4.416778700485637e-6	-0.3730741487572532	TRUE	1016	21	0.8066502078189943
ENSG00000103202	HAGHL_TSS_1_AND_HAGHL_TSS_2	919	82545	TRUE	5.834533738029602e-6	-0.326672245536741	TRUE	1016	21	3.9204245966019773
ENSG00000127561	HAGHL_TSS_1_AND_HAGHL_TSS_2	657	58124	TRUE	1.0253656354729463e-5	-0.402404581788786	TRUE	1016	21	1.3043220100628146
ENSG00000140983	HAGHL_TSS_1_AND_HAGHL_TSS_2	641	55511	TRUE	1.2128940827951275e-5	-0.43749505523137155	TRUE	1016	21	1.1848495265477046
ENSG00000065054	HAGHL_TSS_1_AND_HAGHL_TSS_2	553	46300	TRUE	1.5411525403457617e-5	-0.47889741500948424	TRUE	1016	21	0.8916736981364001
ENSG00000095906	HAGHL_TSS_1_AND_HAGHL_TSS_2	748	67306	TRUE	3.533124756510686e-5	-0.3944345945830993	TRUE	1016	21	1.7336062585289123
ENSG00000188536	HAGHL_TSS_1_AND_HAGHL_TSS_2	1016	92268	TRUE	5.6672330822410064e-5	-0.08981245572874386	TRUE	1016	21	358.34205235580276
ENSG00000063854	HAGHL_TSS_1_AND_HAGHL_TSS_2	543	48820	TRUE	2.2731740684924732e-4	-0.27178453812131087	TRUE	1016	21	1.0312509765930185
ENSG00000103260	HAGHL_TSS_1_AND_HAGHL_TSS_2	273	23418	TRUE	8.212674613996516e-4	-0.4728117649573693	TRUE	1016	21	0.34295863412398303
ENSG00000074071	HAGHL_TSS_1_AND_HAGHL_TSS_2	963	87765	TRUE	0.006955510153563785	-0.32429918679900416	TRUE	1016	21	8.00711480567101
ENSG00000131653	HAGHL_TSS_1_AND_HAGHL_TSS_2	624	55162	TRUE	0.0073195998937629556	-0.2890684334379704	TRUE	1016	21	1.124816400512516
ENSG00000103254	HAGHL_TSS_1_AND_HAGHL_TSS_2	513	45210	TRUE	0.0216	-0.48932218764475616	TRUE	1016	21	1.5716845318082857
ENSG00000198736	HAGHL_TSS_1_AND_HAGHL_TSS_2	701	60819	TRUE	0.068	-0.21528810296191236	TRUE	1016	21	1.5289644468056294
ENSG00000103024	HAGHL_TSS_1_AND_HAGHL_TSS_2	282	22876	TRUE	0.072	-0.2687413680968995	TRUE	1016	21	0.3398231194724835
ENSG00000103253	HAGHL_TSS_1_AND_HAGHL_TSS_2	202	26107	TRUE	0.108	-0.37040826132696836	FALSE	1016	21	0.4842859672698105
ENSG00000074071	HAGHL_TSS_1_AND_HAGHL_TSS_2	963	87765	TRUE	3.3037974204845647e-14	-0.5335473900442698	TRUE	1016	22	8.00711480567101
ENSG00000167969	HAGHL_TSS_1_AND_HAGHL_TSS_2	984	89319	TRUE	7.28875492539594e-14	-0.4207397361230054	TRUE	1016	22	5.668093794597747
ENSG00000103275	HAGHL_TSS_1_AND_HAGHL_TSS_2	997	89376	TRUE	1.1169351886990339e-11	-0.499152574647455	TRUE	1016	22	8.007781493171661
ENSG00000095906	HAGHL_TSS_1_AND_HAGHL_TSS_2	748	67306	TRUE	1.1145697078065043e-9	-0.5085452999038153	TRUE	1016	22	1.7336062585289123
ENSG00000086504	HAGHL_TSS_1_AND_HAGHL_TSS_2	1008	91807	TRUE	1.7150310147789506e-9	-0.3951202241692511	TRUE	1016	22	12.96360302926133
ENSG00000086506	HAGHL_TSS_1_AND_HAGHL_TSS_2	954	86712	TRUE	7.281229221468778e-8	-0.3394588064310611	TRUE	1016	22	10.380022292363304
ENSG00000103266	HAGHL_TSS_1_AND_HAGHL_TSS_2	810	72132	TRUE	1.0903598050424763e-7	-0.4609880392569593	TRUE	1016	22	2.2476744064918694
ENSG00000140990	HAGHL_TSS_1_AND_HAGHL_TSS_2	1012	91874	TRUE	2.088582012408819e-7	-0.38443014408249354	TRUE	1016	22	18.28205048074419
ENSG00000131653	HAGHL_TSS_1_AND_HAGHL_TSS_2	624	55162	TRUE	2.586537873906947e-7	-0.4783109271595264	TRUE	1016	22	1.124816400512516
ENSG00000174109	HAGHL_TSS_1_AND_HAGHL_TSS_2	789	70288	TRUE	3.321159383051728e-7	-0.4649328385507403	TRUE	1016	22	2.0785232871860577
ENSG00000065054	HAGHL_TSS_1_AND_HAGHL_TSS_2	553	46300	TRUE	6.30111765393963e-7	-0.5089099840759241	TRUE	1016	22	0.8916736981364001
ENSG00000103254	HAGHL_TSS_1_AND_HAGHL_TSS_2	513	45210	TRUE	7.976769238296792e-7	-0.683798794385746	TRUE	1016	22	1.5716845318082857
ENSG00000206053	HAGHL_TSS_1_AND_HAGHL_TSS_2	536	46680	TRUE	2.0004263008892504e-6	-0.38180455386178913	TRUE	1016	22	0.8066502078189943
ENSG00000140983	HAGHL_TSS_1_AND_HAGHL_TSS_2	641	55511	TRUE	5.486115699702282e-6	-0.47676517274393027	TRUE	1016	22	1.1848495265477046
ENSG00000127561	HAGHL_TSS_1_AND_HAGHL_TSS_2	657	58124	TRUE	1.1974378767279147e-5	-0.44584987175369056	TRUE	1016	22	1.3043220100628146
ENSG00000162039	HAGHL_TSS_1_AND_HAGHL_TSS_2	703	63708	TRUE	1.7347376647546073e-5	-0.40180097073913357	TRUE	1016	22	1.6831567653155828
ENSG00000065057	HAGHL_TSS_1_AND_HAGHL_TSS_2	892	80340	TRUE	2.3203720751333468e-5	-0.3523523367771104	TRUE	1016	22	3.6725939352271424
ENSG00000103202	HAGHL_TSS_1_AND_HAGHL_TSS_2	919	82545	TRUE	2.7900487665582152e-5	-0.31609654729855086	TRUE	1016	22	3.9204245966019773
ENSG00000188536	HAGHL_TSS_1_AND_HAGHL_TSS_2	1016	92268	TRUE	3.940278369682186e-5	-0.10077451507270574	TRUE	1016	22	358.34205235580276
ENSG00000007520	HAGHL_TSS_1_AND_HAGHL_TSS_2	919	83609	TRUE	3.124883125259848e-4	-0.301041671243357	TRUE	1016	22	3.5910288863193642
ENSG00000063854	HAGHL_TSS_1_AND_HAGHL_TSS_2	543	48820	TRUE	4.653383202450831e-4	-0.2437701619517143	TRUE	1016	22	1.0312509765930185
ENSG00000103024	HAGHL_TSS_1_AND_HAGHL_TSS_2	282	22876	TRUE	5.886437539936919e-4	-0.428612704875289	TRUE	1016	22	0.3398231194724835
ENSG00000127554	HAGHL_TSS_1_AND_HAGHL_TSS_2	491	42527	TRUE	0.0032860141788535746	-0.3381688881455908	TRUE	1016	22	0.7540131462441535
ENSG00000198736	HAGHL_TSS_1_AND_HAGHL_TSS_2	701	60819	TRUE	0.004633545370795855	-0.2977502631538854	TRUE	1016	22	1.5289644468056294
ENSG00000007376	HAGHL_TSS_1_AND_HAGHL_TSS_2	746	66788	TRUE	0.048	-0.3393176535780581	TRUE	1016	22	2.134722960092503
ENSG00000103253	HAGHL_TSS_1_AND_HAGHL_TSS_2	202	26107	TRUE	0.088	-0.37040826132696836	TRUE	1016	22	0.4842859672698105
ENSG00000103260	HAGHL_TSS_1_AND_HAGHL_TSS_2	273	23418	TRUE	0.14	-0.30851131270893517	FALSE	1016	22	0.34295863412398303
ENSG00000086504	HAGHL_TSS_1_AND_HAGHL_TSS_2	1008	91807	TRUE	3.0166838930138343e-12	-0.4527858058120482	TRUE	1016	23	12.96360302926133
ENSG00000127561	HAGHL_TSS_1_AND_HAGHL_TSS_2	657	58124	TRUE	8.409550990944602e-10	-0.5188024725270695	TRUE	1016	23	1.3043220100628146
ENSG00000140983	HAGHL_TSS_1_AND_HAGHL_TSS_2	641	55511	TRUE	1.0156963721379693e-8	-0.5790332240829803	TRUE	1016	23	1.1848495265477046
ENSG00000103266	HAGHL_TSS_1_AND_HAGHL_TSS_2	810	72132	TRUE	2.6744975499122086e-8	-0.4584768201009095	TRUE	1016	23	2.2476744064918694
ENSG00000131653	HAGHL_TSS_1_AND_HAGHL_TSS_2	624	55162	TRUE	6.922076014799533e-8	-0.4715297393942747	TRUE	1016	23	1.124816400512516
ENSG00000065057	HAGHL_TSS_1_AND_HAGHL_TSS_2	892	80340	TRUE	7.695513072229288e-8	-0.4203188048960147	TRUE	1016	23	3.6725939352271424
ENSG00000162039	HAGHL_TSS_1_AND_HAGHL_TSS_2	703	63708	TRUE	2.8619690774496867e-7	-0.45265487973317525	TRUE	1016	23	1.6831567653155828
ENSG00000167969	HAGHL_TSS_1_AND_HAGHL_TSS_2	984	89319	TRUE	8.079725013719879e-7	-0.29589981268081234	TRUE	1016	23	5.668093794597747
ENSG00000007376	HAGHL_TSS_1_AND_HAGHL_TSS_2	746	66788	TRUE	1.2334512890743677e-6	-0.4835395830514969	TRUE	1016	23	2.134722960092503
ENSG00000206053	HAGHL_TSS_1_AND_HAGHL_TSS_2	536	46680	TRUE	2.0928414547570886e-6	-0.37743274736214927	TRUE	1016	23	0.8066502078189943
ENSG00000198736	HAGHL_TSS_1_AND_HAGHL_TSS_2	701	60819	TRUE	3.197495604820126e-6	-0.39798553829010325	TRUE	1016	23	1.5289644468056294
ENSG00000074071	HAGHL_TSS_1_AND_HAGHL_TSS_2	963	87765	TRUE	1.235653654491119e-5	-0.392414211723616	TRUE	1016	23	8.00711480567101
ENSG00000103275	HAGHL_TSS_1_AND_HAGHL_TSS_2	997	89376	TRUE	1.3661446854121458e-5	-0.4004093729873204	TRUE	1016	23	8.007781493171661
ENSG00000065054	HAGHL_TSS_1_AND_HAGHL_TSS_2	553	46300	TRUE	2.281262669617248e-5	-0.4641220623290859	TRUE	1016	23	0.8916736981364001
ENSG00000103202	HAGHL_TSS_1_AND_HAGHL_TSS_2	919	82545	TRUE	2.9228872000131457e-5	-0.32534603581483235	TRUE	1016	23	3.9204245966019773
ENSG00000095906	HAGHL_TSS_1_AND_HAGHL_TSS_2	748	67306	TRUE	3.150296222821163e-5	-0.4005999673888139	TRUE	1016	23	1.7336062585289123
ENSG00000127554	HAGHL_TSS_1_AND_HAGHL_TSS_2	491	42527	TRUE	3.165173415959569e-5	-0.4162994405322055	TRUE	1016	23	0.7540131462441535
ENSG00000063854	HAGHL_TSS_1_AND_HAGHL_TSS_2	543	48820	TRUE	4.958376504731192e-5	-0.2784559721641908	TRUE	1016	23	1.0312509765930185
ENSG00000140990	HAGHL_TSS_1_AND_HAGHL_TSS_2	1012	91874	TRUE	5.330391903658749e-5	-0.35022424874416247	TRUE	1016	23	18.28205048074419
ENSG00000174109	HAGHL_TSS_1_AND_HAGHL_TSS_2	789	70288	TRUE	8.813216267881512e-5	-0.37868512090754414	TRUE	1016	23	2.0785232871860577
ENSG00000103260	HAGHL_TSS_1_AND_HAGHL_TSS_2	273	23418	TRUE	5.774047737722148e-4	-0.4954427394569372	TRUE	1016	23	0.34295863412398303
ENSG00000086506	HAGHL_TSS_1_AND_HAGHL_TSS_2	954	86712	TRUE	0.0019156947788788944	-0.2309585440512989	TRUE	1016	23	10.380022292363304
ENSG00000188536	HAGHL_TSS_1_AND_HAGHL_TSS_2	1016	92268	TRUE	0.014920652359143388	-0.058860624202337064	TRUE	1016	23	358.34205235580276
ENSG00000007520	HAGHL_TSS_1_AND_HAGHL_TSS_2	919	83609	TRUE	0.024	-0.25139075400596766	TRUE	1016	23	3.5910288863193642
ENSG00000103024	HAGHL_TSS_1_AND_HAGHL_TSS_2	282	22876	TRUE	0.028	-0.3044913930461013	TRUE	1016	23	0.3398231194724835
ENSG00000103254	HAGHL_TSS_1_AND_HAGHL_TSS_2	513	45210	TRUE	0.028	-0.468966364362143	TRUE	1016	23	1.5716845318082857
ENSG00000103253	HAGHL_TSS_1_AND_HAGHL_TSS_2	202	26107	TRUE	0.072	-0.37040826132696836	TRUE	1016	23	0.4842859672698105
ENSG00000167969	HAGHL_TSS_1_AND_HAGHL_TSS_2	984	89319	TRUE	2.5489189511323244e-17	-0.4687151443418882	TRUE	1016	24	5.668093794597747
ENSG00000103275	HAGHL_TSS_1_AND_HAGHL_TSS_2	997	89376	TRUE	8.114374553944959e-12	-0.499152574647455	TRUE	1016	24	8.007781493171661
ENSG00000127561	HAGHL_TSS_1_AND_HAGHL_TSS_2	657	58124	TRUE	1.960013982178106e-11	-0.5613270891736265	TRUE	1016	24	1.3043220100628146
ENSG00000140990	HAGHL_TSS_1_AND_HAGHL_TSS_2	1012	91874	TRUE	1.3596626578711127e-10	-0.4437428792112339	TRUE	1016	24	18.28205048074419
ENSG00000007520	HAGHL_TSS_1_AND_HAGHL_TSS_2	919	83609	TRUE	2.535974337719476e-9	-0.40877704414792104	TRUE	1016	24	3.5910288863193642
ENSG00000074071	HAGHL_TSS_1_AND_HAGHL_TSS_2	963	87765	TRUE	5.307885658073757e-9	-0.46245942630607484	TRUE	1016	24	8.00711480567101
ENSG00000174109	HAGHL_TSS_1_AND_HAGHL_TSS_2	789	70288	TRUE	1.5340905753429167e-8	-0.47936893189478647	TRUE	1016	24	2.0785232871860577
ENSG00000086504	HAGHL_TSS_1_AND_HAGHL_TSS_2	1008	91807	TRUE	3.944838324533871e-8	-0.37421025681396625	TRUE	1016	24	12.96360302926133
ENSG00000007376	HAGHL_TSS_1_AND_HAGHL_TSS_2	746	66788	TRUE	6.494456285388171e-8	-0.527410203158064	TRUE	1016	24	2.134722960092503
ENSG00000103202	HAGHL_TSS_1_AND_HAGHL_TSS_2	919	82545	TRUE	1.0118718268243779e-7	-0.3793690104819738	TRUE	1016	24	3.9204245966019773
ENSG00000140983	HAGHL_TSS_1_AND_HAGHL_TSS_2	641	55511	TRUE	1.260570035492792e-7	-0.5204130576467613	TRUE	1016	24	1.1848495265477046
ENSG00000206053	HAGHL_TSS_1_AND_HAGHL_TSS_2	536	46680	TRUE	3.223030332205612e-7	-0.38399543513459944	TRUE	1016	24	0.8066502078189943
ENSG00000065057	HAGHL_TSS_1_AND_HAGHL_TSS_2	892	80340	TRUE	3.3754161041292486e-7	-0.3813641591449177	TRUE	1016	24	3.6725939352271424
ENSG00000086506	HAGHL_TSS_1_AND_HAGHL_TSS_2	954	86712	TRUE	9.530123732880385e-7	-0.3133205136087729	TRUE	1016	24	10.380022292363304
ENSG00000188536	HAGHL_TSS_1_AND_HAGHL_TSS_2	1016	92268	TRUE	2.180286814507798e-5	-0.12337430691845519	TRUE	1016	24	358.34205235580276
ENSG00000095906	HAGHL_TSS_1_AND_HAGHL_TSS_2	748	67306	TRUE	7.697541720475161e-5	-0.3821823337590807	TRUE	1016	24	1.7336062585289123
ENSG00000131653	HAGHL_TSS_1_AND_HAGHL_TSS_2	624	55162	TRUE	1.1910068550949381e-4	-0.3703037375411601	TRUE	1016	24	1.124816400512516
ENSG00000063854	HAGHL_TSS_1_AND_HAGHL_TSS_2	543	48820	TRUE	2.35527821874474e-4	-0.2651438127442812	TRUE	1016	24	1.0312509765930185
ENSG00000162039	HAGHL_TSS_1_AND_HAGHL_TSS_2	703	63708	TRUE	3.3741811549634244e-4	-0.37442053500749356	TRUE	1016	24	1.6831567653155828
ENSG00000127554	HAGHL_TSS_1_AND_HAGHL_TSS_2	491	42527	TRUE	3.809086418990141e-4	-0.38739640291625216	TRUE	1016	24	0.7540131462441535
ENSG00000103254	HAGHL_TSS_1_AND_HAGHL_TSS_2	513	45210	TRUE	4e-4	-0.5243376287757545	TRUE	1016	24	1.5716845318082857
ENSG00000198736	HAGHL_TSS_1_AND_HAGHL_TSS_2	701	60819	TRUE	4.6860875899729093e-4	-0.32078123180922624	TRUE	1016	24	1.5289644468056294
ENSG00000103266	HAGHL_TSS_1_AND_HAGHL_TSS_2	810	72132	TRUE	6.463139487018141e-4	-0.34744550771216576	TRUE	1016	24	2.2476744064918694
ENSG00000065054	HAGHL_TSS_1_AND_HAGHL_TSS_2	553	46300	TRUE	0.004778161287813162	-0.36081134508679	TRUE	1016	24	0.8916736981364001
ENSG00000103253	HAGHL_TSS_1_AND_HAGHL_TSS_2	202	26107	TRUE	0.011582335162374752	-0.4378918580429554	TRUE	1016	24	0.4842859672698105
ENSG00000103024	HAGHL_TSS_1_AND_HAGHL_TSS_2	282	22876	TRUE	0.015350182942334548	-0.33058062191476223	TRUE	1016	24	0.3398231194724835
ENSG00000103260	HAGHL_TSS_1_AND_HAGHL_TSS_2	273	23418	TRUE	0.028593650041331353	-0.3856791732313949	TRUE	1016	24	0.34295863412398303
ENSG00000007520	HAGHL_TSS_1_AND_HAGHL_TSS_2	919	83609	TRUE	3.597540971735708e-11	-0.4258565024623313	TRUE	1016	25	3.5910288863193642
ENSG00000103202	HAGHL_TSS_1_AND_HAGHL_TSS_2	919	82545	TRUE	5.922816773996672e-11	-0.4255130857613332	TRUE	1016	25	3.9204245966019773
ENSG00000095906	HAGHL_TSS_1_AND_HAGHL_TSS_2	748	67306	TRUE	2.6824913153997742e-8	-0.4745463519077404	TRUE	1016	25	1.7336062585289123
ENSG00000103266	HAGHL_TSS_1_AND_HAGHL_TSS_2	810	72132	TRUE	4.3272944274227104e-8	-0.44847542794341055	TRUE	1016	25	2.2476744064918694
ENSG00000140990	HAGHL_TSS_1_AND_HAGHL_TSS_2	1012	91874	TRUE	1.0499546800804419e-7	-0.39247772625175825	TRUE	1016	25	18.28205048074419
ENSG00000103275	HAGHL_TSS_1_AND_HAGHL_TSS_2	997	89376	TRUE	1.9296106525178245e-7	-0.42165052056149044	TRUE	1016	25	8.007781493171661
ENSG00000074071	HAGHL_TSS_1_AND_HAGHL_TSS_2	963	87765	TRUE	5.336188622995035e-7	-0.3995443252828843	TRUE	1016	25	8.00711480567101
ENSG00000140983	HAGHL_TSS_1_AND_HAGHL_TSS_2	641	55511	TRUE	6.192045337975478e-7	-0.47835843081959767	TRUE	1016	25	1.1848495265477046
ENSG00000127554	HAGHL_TSS_1_AND_HAGHL_TSS_2	491	42527	TRUE	9.052152676479919e-7	-0.48608067777565905	TRUE	1016	25	0.7540131462441535
ENSG00000065057	HAGHL_TSS_1_AND_HAGHL_TSS_2	892	80340	TRUE	2.3333681355160282e-6	-0.3556520818150972	TRUE	1016	25	3.6725939352271424
ENSG00000063854	HAGHL_TSS_1_AND_HAGHL_TSS_2	543	48820	TRUE	1.3878187982289936e-5	-0.30545456201094734	TRUE	1016	25	1.0312509765930185
ENSG00000167969	HAGHL_TSS_1_AND_HAGHL_TSS_2	984	89319	TRUE	4.4905984101085376e-5	-0.25411305436413745	TRUE	1016	25	5.668093794597747
ENSG00000131653	HAGHL_TSS_1_AND_HAGHL_TSS_2	624	55162	TRUE	7.093330123182683e-5	-0.36872788261562095	TRUE	1016	25	1.124816400512516
ENSG00000086504	HAGHL_TSS_1_AND_HAGHL_TSS_2	1008	91807	TRUE	9.675570470528367e-5	-0.3096490781928476	TRUE	1016	25	12.96360302926133
ENSG00000065054	HAGHL_TSS_1_AND_HAGHL_TSS_2	553	46300	TRUE	1.1492919569091459e-4	-0.42885673250988887	TRUE	1016	25	0.8916736981364001
ENSG00000086506	HAGHL_TSS_1_AND_HAGHL_TSS_2	954	86712	TRUE	1.4413708061579607e-4	-0.22169760474542954	TRUE	1016	25	10.380022292363304
ENSG00000188536	HAGHL_TSS_1_AND_HAGHL_TSS_2	1016	92268	TRUE	0.0016523529831314679	-0.038920430710955856	TRUE	1016	25	358.34205235580276
ENSG00000103253	HAGHL_TSS_1_AND_HAGHL_TSS_2	202	26107	TRUE	0.0017246600116157564	-0.48330231773290167	TRUE	1016	25	0.4842859672698105
ENSG00000007376	HAGHL_TSS_1_AND_HAGHL_TSS_2	746	66788	TRUE	0.0023021967382030294	-0.39462502525715504	TRUE	1016	25	2.134722960092503
ENSG00000103254	HAGHL_TSS_1_AND_HAGHL_TSS_2	513	45210	TRUE	0.0024	-0.5164826454461917	TRUE	1016	25	1.5716845318082857
ENSG00000198736	HAGHL_TSS_1_AND_HAGHL_TSS_2	701	60819	TRUE	0.00489385839661053	-0.281521801361999	TRUE	1016	25	1.5289644468056294
ENSG00000127561	HAGHL_TSS_1_AND_HAGHL_TSS_2	657	58124	TRUE	0.00734613686677437	-0.3257833001858733	TRUE	1016	25	1.3043220100628146
ENSG00000174109	HAGHL_TSS_1_AND_HAGHL_TSS_2	789	70288	TRUE	0.0136044564064767	-0.2901283116973118	TRUE	1016	25	2.0785232871860577
ENSG00000206053	HAGHL_TSS_1_AND_HAGHL_TSS_2	536	46680	TRUE	0.02217314563360187	-0.21260947656400692	TRUE	1016	25	0.8066502078189943
ENSG00000162039	HAGHL_TSS_1_AND_HAGHL_TSS_2	703	63708	TRUE	0.036	-0.2962533223906083	TRUE	1016	25	1.6831567653155828
ENSG00000103260	HAGHL_TSS_1_AND_HAGHL_TSS_2	273	23418	TRUE	0.068	-0.3236182050991434	TRUE	1016	25	0.34295863412398303
ENSG00000103024	HAGHL_TSS_1_AND_HAGHL_TSS_2	282	22876	TRUE	0.08	-0.25868770343297665	TRUE	1016	25	0.3398231194724835
ENSG00000140990	HAGHL_TSS_1_AND_HAGHL_TSS_2	1012	91874	TRUE	1.1499728022061486e-11	-0.480062109810099	TRUE	1016	26	18.28205048074419
ENSG00000103202	HAGHL_TSS_1_AND_HAGHL_TSS_2	919	82545	TRUE	6.385887410834301e-11	-0.47465135619161236	TRUE	1016	26	3.9204245966019773
ENSG00000198736	HAGHL_TSS_1_AND_HAGHL_TSS_2	701	60819	TRUE	4.328342810130058e-8	-0.47708996276525795	TRUE	1016	26	1.5289644468056294
ENSG00000103275	HAGHL_TSS_1_AND_HAGHL_TSS_2	997	89376	TRUE	1.1342807776586913e-7	-0.44801845553969644	TRUE	1016	26	8.007781493171661
ENSG00000162039	HAGHL_TSS_1_AND_HAGHL_TSS_2	703	63708	TRUE	2.9147247226226996e-7	-0.46593130815884937	TRUE	1016	26	1.6831567653155828
ENSG00000167969	HAGHL_TSS_1_AND_HAGHL_TSS_2	984	89319	TRUE	1.3482086786082217e-6	-0.29035490734652125	TRUE	1016	26	5.668093794597747
ENSG00000174109	HAGHL_TSS_1_AND_HAGHL_TSS_2	789	70288	TRUE	2.04947493682978e-6	-0.42508908080638885	TRUE	1016	26	2.0785232871860577
ENSG00000007520	HAGHL_TSS_1_AND_HAGHL_TSS_2	919	83609	TRUE	2.0553143907358492e-6	-0.36065001040174627	TRUE	1016	26	3.5910288863193642
ENSG00000065057	HAGHL_TSS_1_AND_HAGHL_TSS_2	892	80340	TRUE	2.5005205508935345e-6	-0.3977915407154118	TRUE	1016	26	3.6725939352271424
ENSG00000131653	HAGHL_TSS_1_AND_HAGHL_TSS_2	624	55162	TRUE	1.268146306566796e-5	-0.39896749579330365	TRUE	1016	26	1.124816400512516
ENSG00000065054	HAGHL_TSS_1_AND_HAGHL_TSS_2	553	46300	TRUE	1.5384579550866296e-5	-0.4515768090099723	TRUE	1016	26	0.8916736981364001
ENSG00000127561	HAGHL_TSS_1_AND_HAGHL_TSS_2	657	58124	TRUE	2.3284053975561348e-5	-0.4121010803991503	TRUE	1016	26	1.3043220100628146
ENSG00000206053	HAGHL_TSS_1_AND_HAGHL_TSS_2	536	46680	TRUE	3.032468946986811e-5	-0.34079774573349686	TRUE	1016	26	0.8066502078189943
ENSG00000095906	HAGHL_TSS_1_AND_HAGHL_TSS_2	748	67306	TRUE	4.68056818674345e-5	-0.3882954574856927	TRUE	1016	26	1.7336062585289123
ENSG00000188536	HAGHL_TSS_1_AND_HAGHL_TSS_2	1016	92268	TRUE	1.0907782567759136e-4	-0.11648891786301796	TRUE	1016	26	358.34205235580276
ENSG00000086504	HAGHL_TSS_1_AND_HAGHL_TSS_2	1008	91807	TRUE	1.421243882629912e-4	-0.31838414741906407	TRUE	1016	26	12.96360302926133
ENSG00000007376	HAGHL_TSS_1_AND_HAGHL_TSS_2	746	66788	TRUE	2.1064662953532414e-4	-0.4418201929268497	TRUE	1016	26	2.134722960092503
ENSG00000103266	HAGHL_TSS_1_AND_HAGHL_TSS_2	810	72132	TRUE	3.405755336200007e-4	-0.3552103006265376	TRUE	1016	26	2.2476744064918694
ENSG00000063854	HAGHL_TSS_1_AND_HAGHL_TSS_2	543	48820	TRUE	4.0734692948299345e-4	-0.24213907637278612	TRUE	1016	26	1.0312509765930185
ENSG00000140983	HAGHL_TSS_1_AND_HAGHL_TSS_2	641	55511	TRUE	7.127375783258973e-4	-0.3902393290201234	TRUE	1016	26	1.1848495265477046
ENSG00000103260	HAGHL_TSS_1_AND_HAGHL_TSS_2	273	23418	TRUE	0.0010731397911787725	-0.47843631415124754	TRUE	1016	26	0.34295863412398303
ENSG00000086506	HAGHL_TSS_1_AND_HAGHL_TSS_2	954	86712	TRUE	0.002691551709968973	-0.20062038085941047	TRUE	1016	26	10.380022292363304
ENSG00000103253	HAGHL_TSS_1_AND_HAGHL_TSS_2	202	26107	TRUE	0.004673347966540557	-0.474938844798275	TRUE	1016	26	0.4842859672698105
ENSG00000074071	HAGHL_TSS_1_AND_HAGHL_TSS_2	963	87765	TRUE	0.007465299495315686	-0.3131805149035092	TRUE	1016	26	8.00711480567101
ENSG00000103254	HAGHL_TSS_1_AND_HAGHL_TSS_2	513	45210	TRUE	0.06	-0.44640420971005135	TRUE	1016	26	1.5716845318082857
ENSG00000103024	HAGHL_TSS_1_AND_HAGHL_TSS_2	282	22876	TRUE	0.072	-0.24870361486035453	TRUE	1016	26	0.3398231194724835
ENSG00000127554	HAGHL_TSS_1_AND_HAGHL_TSS_2	491	42527	TRUE	0.084	-0.27283663865339663	TRUE	1016	26	0.7540131462441535
ENSG00000086504	HAGHL_TSS_1_AND_HAGHL_TSS_2	1008	91807	TRUE	8.175674555160602e-15	-0.4645722475083671	TRUE	1016	27	12.96360302926133
ENSG00000167969	HAGHL_TSS_1_AND_HAGHL_TSS_2	984	89319	TRUE	3.591121868986067e-14	-0.4067790857724871	TRUE	1016	27	5.668093794597747
ENSG00000103275	HAGHL_TSS_1_AND_HAGHL_TSS_2	997	89376	TRUE	7.723683829031365e-12	-0.48661040803662425	TRUE	1016	27	8.007781493171661
ENSG00000174109	HAGHL_TSS_1_AND_HAGHL_TSS_2	789	70288	TRUE	2.300070947336898e-8	-0.4667294702161686	TRUE	1016	27	2.0785232871860577
ENSG00000140990	HAGHL_TSS_1_AND_HAGHL_TSS_2	1012	91874	TRUE	2.4449888340812866e-8	-0.4094956808229666	TRUE	1016	27	18.28205048074419
ENSG00000074071	HAGHL_TSS_1_AND_HAGHL_TSS_2	963	87765	TRUE	4.697092921345869e-8	-0.42513294424981973	TRUE	1016	27	8.00711480567101
ENSG00000198736	HAGHL_TSS_1_AND_HAGHL_TSS_2	701	60819	TRUE	1.382325498013601e-7	-0.40852047789629353	TRUE	1016	27	1.5289644468056294
ENSG00000127554	HAGHL_TSS_1_AND_HAGHL_TSS_2	491	42527	TRUE	2.641350242573961e-7	-0.5301556521176822	TRUE	1016	27	0.7540131462441535
ENSG00000065057	HAGHL_TSS_1_AND_HAGHL_TSS_2	892	80340	TRUE	5.469909462328714e-7	-0.3963345181634712	TRUE	1016	27	3.6725939352271424
ENSG00000063854	HAGHL_TSS_1_AND_HAGHL_TSS_2	543	48820	TRUE	7.601865277971002e-7	-0.35219262183769984	TRUE	1016	27	1.0312509765930185
ENSG00000086506	HAGHL_TSS_1_AND_HAGHL_TSS_2	954	86712	TRUE	1.018353631728375e-6	-0.3108634678132507	TRUE	1016	27	10.380022292363304
ENSG00000140983	HAGHL_TSS_1_AND_HAGHL_TSS_2	641	55511	TRUE	1.1554732840113996e-6	-0.4831487895347844	TRUE	1016	27	1.1848495265477046
ENSG00000103202	HAGHL_TSS_1_AND_HAGHL_TSS_2	919	82545	TRUE	1.7428930007059586e-6	-0.3435772837206579	TRUE	1016	27	3.9204245966019773
ENSG00000095906	HAGHL_TSS_1_AND_HAGHL_TSS_2	748	67306	TRUE	3.080541143493545e-6	-0.4202993074313735	TRUE	1016	27	1.7336062585289123
ENSG00000103260	HAGHL_TSS_1_AND_HAGHL_TSS_2	273	23418	TRUE	9.811242710246518e-6	-0.6392325260543035	TRUE	1016	27	0.34295863412398303
ENSG00000206053	HAGHL_TSS_1_AND_HAGHL_TSS_2	536	46680	TRUE	1.6585575558248234e-4	-0.29885598266018865	TRUE	1016	27	0.8066502078189943
ENSG00000127561	HAGHL_TSS_1_AND_HAGHL_TSS_2	657	58124	TRUE	1.8894423281655848e-4	-0.3818432593064696	TRUE	1016	27	1.3043220100628146
ENSG00000103024	HAGHL_TSS_1_AND_HAGHL_TSS_2	282	22876	TRUE	2.974573687169538e-4	-0.45706915092451705	TRUE	1016	27	0.3398231194724835
ENSG00000131653	HAGHL_TSS_1_AND_HAGHL_TSS_2	624	55162	TRUE	3.146199738689147e-4	-0.34529431315377107	TRUE	1016	27	1.124816400512516
ENSG00000188536	HAGHL_TSS_1_AND_HAGHL_TSS_2	1016	92268	TRUE	3.3624673638995954e-4	-0.10060082365626499	TRUE	1016	27	358.34205235580276
ENSG00000065054	HAGHL_TSS_1_AND_HAGHL_TSS_2	553	46300	TRUE	3.5909983078939896e-4	-0.3984403907078884	TRUE	1016	27	0.8916736981364001
ENSG00000103266	HAGHL_TSS_1_AND_HAGHL_TSS_2	810	72132	TRUE	7.148914823260789e-4	-0.33741335413842677	TRUE	1016	27	2.2476744064918694
ENSG00000007520	HAGHL_TSS_1_AND_HAGHL_TSS_2	919	83609	TRUE	0.005561749379502143	-0.24915367022559454	TRUE	1016	27	3.5910288863193642
ENSG00000103254	HAGHL_TSS_1_AND_HAGHL_TSS_2	513	45210	TRUE	0.01118473524838999	-0.5099693384875174	TRUE	1016	27	1.5716845318082857
ENSG00000162039	HAGHL_TSS_1_AND_HAGHL_TSS_2	703	63708	TRUE	0.011948355257331629	-0.28738729560170784	TRUE	1016	27	1.6831567653155828
ENSG00000007376	HAGHL_TSS_1_AND_HAGHL_TSS_2	746	66788	TRUE	0.048	-0.3529469940072846	TRUE	1016	27	2.134722960092503
ENSG00000103253	HAGHL_TSS_1_AND_HAGHL_TSS_2	202	26107	TRUE	0.084	-0.38600511637798673	TRUE	1016	27	0.4842859672698105
ENSG00000086504	HAGHL_TSS_1_AND_HAGHL_TSS_2	1008	91807	TRUE	4.417985888540558e-9	-0.389965798645572	TRUE	1016	28	12.96360302926133
ENSG00000167969	HAGHL_TSS_1_AND_HAGHL_TSS_2	984	89319	TRUE	7.705012649246771e-8	-0.30941324316220564	TRUE	1016	28	5.668093794597747
ENSG00000103275	HAGHL_TSS_1_AND_HAGHL_TSS_2	997	89376	TRUE	2.4800202596571416e-7	-0.42616247120041306	TRUE	1016	28	8.007781493171661
ENSG00000095906	HAGHL_TSS_1_AND_HAGHL_TSS_2	748	67306	TRUE	7.402875459013925e-7	-0.43815597201241724	TRUE	1016	28	1.7336062585289123
ENSG00000103266	HAGHL_TSS_1_AND_HAGHL_TSS_2	810	72132	TRUE	1.8094843764252742e-5	-0.4035025445961993	TRUE	1016	28	2.2476744064918694
ENSG00000103202	HAGHL_TSS_1_AND_HAGHL_TSS_2	919	82545	TRUE	1.9000531927453393e-5	-0.32534603581483235	TRUE	1016	28	3.9204245966019773
ENSG00000007520	HAGHL_TSS_1_AND_HAGHL_TSS_2	919	83609	TRUE	4.121583299999802e-5	-0.31267449544445625	TRUE	1016	28	3.5910288863193642
ENSG00000074071	HAGHL_TSS_1_AND_HAGHL_TSS_2	963	87765	TRUE	6.662283236806218e-5	-0.36874802105424553	TRUE	1016	28	8.00711480567101
ENSG00000198736	HAGHL_TSS_1_AND_HAGHL_TSS_2	701	60819	TRUE	6.68321291248767e-5	-0.36341451412566356	TRUE	1016	28	1.5289644468056294
ENSG00000188536	HAGHL_TSS_1_AND_HAGHL_TSS_2	1016	92268	TRUE	3.145325989768362e-4	-0.09818343390520035	TRUE	1016	28	358.34205235580276
ENSG00000174109	HAGHL_TSS_1_AND_HAGHL_TSS_2	789	70288	TRUE	3.9000588840302423e-4	-0.3560311130656645	TRUE	1016	28	2.0785232871860577
ENSG00000206053	HAGHL_TSS_1_AND_HAGHL_TSS_2	536	46680	TRUE	5.369212372986834e-4	-0.29679056349440436	TRUE	1016	28	0.8066502078189943
ENSG00000065054	HAGHL_TSS_1_AND_HAGHL_TSS_2	553	46300	TRUE	0.0010889144008920763	-0.38844246406398086	TRUE	1016	28	0.8916736981364001
ENSG00000063854	HAGHL_TSS_1_AND_HAGHL_TSS_2	543	48820	TRUE	0.0034187064166377526	-0.2130905438622877	TRUE	1016	28	1.0312509765930185
ENSG00000162039	HAGHL_TSS_1_AND_HAGHL_TSS_2	703	63708	TRUE	0.003991427756196868	-0.33938193323996935	TRUE	1016	28	1.6831567653155828
ENSG00000103254	HAGHL_TSS_1_AND_HAGHL_TSS_2	513	45210	TRUE	0.006350303461218287	-0.5047797823849539	TRUE	1016	28	1.5716845318082857
ENSG00000127561	HAGHL_TSS_1_AND_HAGHL_TSS_2	657	58124	TRUE	0.00717729650353717	-0.29983484814823813	TRUE	1016	28	1.3043220100628146
ENSG00000007376	HAGHL_TSS_1_AND_HAGHL_TSS_2	746	66788	TRUE	0.024	-0.3675197950945571	TRUE	1016	28	2.134722960092503
ENSG00000065057	HAGHL_TSS_1_AND_HAGHL_TSS_2	892	80340	TRUE	0.032	-0.25187526349237555	TRUE	1016	28	3.6725939352271424
ENSG00000140990	HAGHL_TSS_1_AND_HAGHL_TSS_2	1012	91874	TRUE	0.036	-0.26631498917484464	TRUE	1016	28	18.28205048074419
ENSG00000131653	HAGHL_TSS_1_AND_HAGHL_TSS_2	624	55162	TRUE	0.04	-0.23638811676179283	TRUE	1016	28	1.124816400512516
ENSG00000086506	HAGHL_TSS_1_AND_HAGHL_TSS_2	954	86712	TRUE	0.044	-0.16630990411446245	TRUE	1016	28	10.380022292363304
ENSG00000140983	HAGHL_TSS_1_AND_HAGHL_TSS_2	641	55511	TRUE	0.132	-0.26946527654322405	FALSE	1016	28	1.1848495265477046
ENSG00000127554	HAGHL_TSS_1_AND_HAGHL_TSS_2	491	42527	TRUE	0.264	-0.2209199708334772	FALSE	1016	28	0.7540131462441535
ENSG00000103260	HAGHL_TSS_1_AND_HAGHL_TSS_2	273	23418	TRUE	0.336	-0.2544346399531425	FALSE	1016	28	0.34295863412398303
ENSG00000103024	HAGHL_TSS_1_AND_HAGHL_TSS_2	282	22876	TRUE	0.368	-0.1712248621826371	FALSE	1016	28	0.3398231194724835
ENSG00000103253	HAGHL_TSS_1_AND_HAGHL_TSS_2	202	26107	TRUE	0.46	-0.11515120608489382	FALSE	1016	28	0.4842859672698105
ENSG00000086504	HAGHL_TSS_1_AND_HAGHL_TSS_2	1008	91807	TRUE	1.1328957508836936e-14	-0.45760234911048725	TRUE	1016	29	12.96360302926133
ENSG00000007520	HAGHL_TSS_1_AND_HAGHL_TSS_2	919	83609	TRUE	9.834541741139407e-13	-0.4878064150326178	TRUE	1016	29	3.5910288863193642
ENSG00000074071	HAGHL_TSS_1_AND_HAGHL_TSS_2	963	87765	TRUE	2.3993262152872976e-12	-0.530261930880382	TRUE	1016	29	8.00711480567101
ENSG00000167969	HAGHL_TSS_1_AND_HAGHL_TSS_2	984	89319	TRUE	2.8040978310669363e-11	-0.3699927335019111	TRUE	1016	29	5.668093794597747
ENSG00000131653	HAGHL_TSS_1_AND_HAGHL_TSS_2	624	55162	TRUE	3.0248712651019077e-9	-0.5144447132132397	TRUE	1016	29	1.124816400512516
ENSG00000140990	HAGHL_TSS_1_AND_HAGHL_TSS_2	1012	91874	TRUE	6.23084760228852e-9	-0.4181795075608017	TRUE	1016	29	18.28205048074419
ENSG00000103275	HAGHL_TSS_1_AND_HAGHL_TSS_2	997	89376	TRUE	9.40439645428381e-9	-0.450773882207419	TRUE	1016	29	8.007781493171661
ENSG00000007376	HAGHL_TSS_1_AND_HAGHL_TSS_2	746	66788	TRUE	1.0400693302209298e-8	-0.5438669790251482	TRUE	1016	29	2.134722960092503
ENSG00000095906	HAGHL_TSS_1_AND_HAGHL_TSS_2	748	67306	TRUE	1.2285238725440412e-8	-0.4887065528115804	TRUE	1016	29	1.7336062585289123
ENSG00000127554	HAGHL_TSS_1_AND_HAGHL_TSS_2	491	42527	TRUE	4.894355526080334e-8	-0.5196632783000399	TRUE	1016	29	0.7540131462441535
ENSG00000127561	HAGHL_TSS_1_AND_HAGHL_TSS_2	657	58124	TRUE	7.724448506791106e-8	-0.503913846674689	TRUE	1016	29	1.3043220100628146
ENSG00000174109	HAGHL_TSS_1_AND_HAGHL_TSS_2	789	70288	TRUE	9.732373937024028e-7	-0.42160009472650906	TRUE	1016	29	2.0785232871860577
ENSG00000086506	HAGHL_TSS_1_AND_HAGHL_TSS_2	954	86712	TRUE	4.015830358024752e-6	-0.28507285334444976	TRUE	1016	29	10.380022292363304
ENSG00000103202	HAGHL_TSS_1_AND_HAGHL_TSS_2	919	82545	TRUE	1.756797110576418e-5	-0.3275570631301854	TRUE	1016	29	3.9204245966019773
ENSG00000065057	HAGHL_TSS_1_AND_HAGHL_TSS_2	892	80340	TRUE	2.4459251431687215e-5	-0.3373631625576572	TRUE	1016	29	3.6725939352271424
ENSG00000140983	HAGHL_TSS_1_AND_HAGHL_TSS_2	641	55511	TRUE	2.503655319960308e-5	-0.44370688416463455	TRUE	1016	29	1.1848495265477046
ENSG00000063854	HAGHL_TSS_1_AND_HAGHL_TSS_2	543	48820	TRUE	4.317178390579211e-5	-0.28515840020468225	TRUE	1016	29	1.0312509765930185
ENSG00000065054	HAGHL_TSS_1_AND_HAGHL_TSS_2	553	46300	TRUE	4.907934981412238e-5	-0.44120512493753394	TRUE	1016	29	0.8916736981364001
ENSG00000103024	HAGHL_TSS_1_AND_HAGHL_TSS_2	282	22876	TRUE	8.349803157683467e-5	-0.5217221092667703	TRUE	1016	29	0.3398231194724835
ENSG00000103266	HAGHL_TSS_1_AND_HAGHL_TSS_2	810	72132	TRUE	9.921680742752117e-5	-0.36850712323999546	TRUE	1016	29	2.2476744064918694
ENSG00000103260	HAGHL_TSS_1_AND_HAGHL_TSS_2	273	23418	TRUE	1.5093567555736227e-4	-0.5476989765883613	TRUE	1016	29	0.34295863412398303
ENSG00000206053	HAGHL_TSS_1_AND_HAGHL_TSS_2	536	46680	TRUE	1.780258494137035e-4	-0.3175790361655494	TRUE	1016	29	0.8066502078189943
ENSG00000198736	HAGHL_TSS_1_AND_HAGHL_TSS_2	701	60819	TRUE	2.9795516998237445e-4	-0.3130633186483894	TRUE	1016	29	1.5289644468056294
ENSG00000103254	HAGHL_TSS_1_AND_HAGHL_TSS_2	513	45210	TRUE	4e-4	-0.5928902981875356	TRUE	1016	29	1.5716845318082857
ENSG00000103253	HAGHL_TSS_1_AND_HAGHL_TSS_2	202	26107	TRUE	0.001274980853521934	-0.5172496496562393	TRUE	1016	29	0.4842859672698105
ENSG00000162039	HAGHL_TSS_1_AND_HAGHL_TSS_2	703	63708	TRUE	0.0046238629996693675	-0.33227254519159005	TRUE	1016	29	1.6831567653155828
ENSG00000188536	HAGHL_TSS_1_AND_HAGHL_TSS_2	1016	92268	TRUE	0.005753591932170052	-0.03651913177481525	TRUE	1016	29	358.34205235580276
ENSG00000086504	HAGHL_TSS_1_AND_HAGHL_TSS_2	1008	91807	TRUE	1.4312647853668438e-8	-0.3668628426972491	TRUE	1016	30	12.96360302926133
ENSG00000007376	HAGHL_TSS_1_AND_HAGHL_TSS_2	746	66788	TRUE	3.572042287243896e-8	-0.5292294909664763	TRUE	1016	30	2.134722960092503
ENSG00000206053	HAGHL_TSS_1_AND_HAGHL_TSS_2	536	46680	TRUE	6.843295763278535e-8	-0.4444430138872918	TRUE	1016	30	0.8066502078189943
ENSG00000007520	HAGHL_TSS_1_AND_HAGHL_TSS_2	919	83609	TRUE	7.204056912955115e-8	-0.38107961399471346	TRUE	1016	30	3.5910288863193642
ENSG00000074071	HAGHL_TSS_1_AND_HAGHL_TSS_2	963	87765	TRUE	8.422793890207854e-8	-0.42513294424981973	TRUE	1016	30	8.00711480567101
ENSG00000095906	HAGHL_TSS_1_AND_HAGHL_TSS_2	748	67306	TRUE	1.546630388746305e-7	-0.4445114670522407	TRUE	1016	30	1.7336062585289123
ENSG00000174109	HAGHL_TSS_1_AND_HAGHL_TSS_2	789	70288	TRUE	6.49646689104041e-7	-0.4233435330545595	TRUE	1016	30	2.0785232871860577
ENSG00000103275	HAGHL_TSS_1_AND_HAGHL_TSS_2	997	89376	TRUE	1.4872063330951353e-6	-0.4113262742800212	TRUE	1016	30	8.007781493171661
ENSG00000140990	HAGHL_TSS_1_AND_HAGHL_TSS_2	1012	91874	TRUE	5.757026822321415e-6	-0.3608386199883391	TRUE	1016	30	18.28205048074419
ENSG00000131653	HAGHL_TSS_1_AND_HAGHL_TSS_2	624	55162	TRUE	8.155158908383121e-6	-0.38456443066632984	TRUE	1016	30	1.124816400512516
ENSG00000086506	HAGHL_TSS_1_AND_HAGHL_TSS_2	954	86712	TRUE	1.416597462751152e-5	-0.2976672492972874	TRUE	1016	30	10.380022292363304
ENSG00000198736	HAGHL_TSS_1_AND_HAGHL_TSS_2	701	60819	TRUE	1.4827838844479364e-5	-0.36341451412566356	TRUE	1016	30	1.5289644468056294
ENSG00000103202	HAGHL_TSS_1_AND_HAGHL_TSS_2	919	82545	TRUE	2.969820450367559e-5	-0.32623004015676127	TRUE	1016	30	3.9204245966019773
ENSG00000127561	HAGHL_TSS_1_AND_HAGHL_TSS_2	657	58124	TRUE	3.832427092097051e-5	-0.38729768939857767	TRUE	1016	30	1.3043220100628146
ENSG00000162039	HAGHL_TSS_1_AND_HAGHL_TSS_2	703	63708	TRUE	6.816750669368706e-5	-0.3848900660108871	TRUE	1016	30	1.6831567653155828
ENSG00000140983	HAGHL_TSS_1_AND_HAGHL_TSS_2	641	55511	TRUE	2.520045048249771e-4	-0.4098681357690559	TRUE	1016	30	1.1848495265477046
ENSG00000065057	HAGHL_TSS_1_AND_HAGHL_TSS_2	892	80340	TRUE	0.0034754769312519557	-0.27400292182219754	TRUE	1016	30	3.6725939352271424
ENSG00000065054	HAGHL_TSS_1_AND_HAGHL_TSS_2	553	46300	TRUE	0.003740875212133593	-0.36276754205211637	TRUE	1016	30	0.8916736981364001
ENSG00000127554	HAGHL_TSS_1_AND_HAGHL_TSS_2	491	42527	TRUE	0.01147400222464888	-0.3266915400956601	TRUE	1016	30	0.7540131462441535
ENSG00000103266	HAGHL_TSS_1_AND_HAGHL_TSS_2	810	72132	TRUE	0.013321446492221084	-0.2779045744590888	TRUE	1016	30	2.2476744064918694
ENSG00000063854	HAGHL_TSS_1_AND_HAGHL_TSS_2	543	48820	TRUE	0.01410810373201457	-0.16285016656814685	TRUE	1016	30	1.0312509765930185
ENSG00000167969	HAGHL_TSS_1_AND_HAGHL_TSS_2	984	89319	TRUE	0.024	-0.18560509977032114	TRUE	1016	30	5.668093794597747
ENSG00000188536	HAGHL_TSS_1_AND_HAGHL_TSS_2	1016	92268	TRUE	0.024	-0.006965928117377729	TRUE	1016	30	358.34205235580276
ENSG00000103253	HAGHL_TSS_1_AND_HAGHL_TSS_2	202	26107	TRUE	0.028	-0.44196152235200237	TRUE	1016	30	0.4842859672698105
ENSG00000103254	HAGHL_TSS_1_AND_HAGHL_TSS_2	513	45210	TRUE	0.032	-0.44143795681670195	TRUE	1016	30	1.5716845318082857
ENSG00000103024	HAGHL_TSS_1_AND_HAGHL_TSS_2	282	22876	TRUE	0.108	-0.25868770343297665	FALSE	1016	30	0.3398231194724835
ENSG00000103260	HAGHL_TSS_1_AND_HAGHL_TSS_2	273	23418	TRUE	0.132	-0.31856497737285805	FALSE	1016	30	0.34295863412398303
ENSG00000086504	HAGHL_TSS_1_AND_HAGHL_TSS_2	1008	91807	TRUE	7.735967969559304e-11	-0.4170273743977462	TRUE	1016	31	12.96360302926133
ENSG00000103275	HAGHL_TSS_1_AND_HAGHL_TSS_2	997	89376	TRUE	3.507170726151619e-10	-0.4674178807727807	TRUE	1016	31	8.007781493171661
ENSG00000103266	HAGHL_TSS_1_AND_HAGHL_TSS_2	810	72132	TRUE	4.434246586901423e-8	-0.46518314265166916	TRUE	1016	31	2.2476744064918694
ENSG00000140990	HAGHL_TSS_1_AND_HAGHL_TSS_2	1012	91874	TRUE	2.1074214329446384e-6	-0.3795074184628908	TRUE	1016	31	18.28205048074419
ENSG00000007520	HAGHL_TSS_1_AND_HAGHL_TSS_2	919	83609	TRUE	2.958681563376654e-6	-0.33385291419794094	TRUE	1016	31	3.5910288863193642
ENSG00000065054	HAGHL_TSS_1_AND_HAGHL_TSS_2	553	46300	TRUE	4.847368299307599e-6	-0.4895446592089928	TRUE	1016	31	0.8916736981364001
ENSG00000095906	HAGHL_TSS_1_AND_HAGHL_TSS_2	748	67306	TRUE	9.85372070319828e-6	-0.40163009598730326	TRUE	1016	31	1.7336062585289123
ENSG00000103202	HAGHL_TSS_1_AND_HAGHL_TSS_2	919	82545	TRUE	1.305742823586194e-5	-0.33198930944544625	TRUE	1016	31	3.9204245966019773
ENSG00000174109	HAGHL_TSS_1_AND_HAGHL_TSS_2	789	70288	TRUE	3.361063294887723e-5	-0.37446300773642094	TRUE	1016	31	2.0785232871860577
ENSG00000127561	HAGHL_TSS_1_AND_HAGHL_TSS_2	657	58124	TRUE	3.3730667934496385e-5	-0.402404581788786	TRUE	1016	31	1.3043220100628146
ENSG00000065057	HAGHL_TSS_1_AND_HAGHL_TSS_2	892	80340	TRUE	7.714731878103419e-5	-0.34343374459489207	TRUE	1016	31	3.6725939352271424
ENSG00000007376	HAGHL_TSS_1_AND_HAGHL_TSS_2	746	66788	TRUE	7.920057102151065e-5	-0.45905689785215364	TRUE	1016	31	2.134722960092503
ENSG00000140983	HAGHL_TSS_1_AND_HAGHL_TSS_2	641	55511	TRUE	1.353694566331434e-4	-0.4297676932067608	TRUE	1016	31	1.1848495265477046
ENSG00000086506	HAGHL_TSS_1_AND_HAGHL_TSS_2	954	86712	TRUE	1.4842856149814912e-4	-0.24386830497142853	TRUE	1016	31	10.380022292363304
ENSG00000103260	HAGHL_TSS_1_AND_HAGHL_TSS_2	273	23418	TRUE	2.0308332247820707e-4	-0.5359218088120077	TRUE	1016	31	0.34295863412398303
ENSG00000131653	HAGHL_TSS_1_AND_HAGHL_TSS_2	624	55162	TRUE	6.855797728037641e-4	-0.31766739369145547	TRUE	1016	31	1.124816400512516
ENSG00000103253	HAGHL_TSS_1_AND_HAGHL_TSS_2	202	26107	TRUE	0.001370420935342391	-0.5129622912531411	TRUE	1016	31	0.4842859672698105
ENSG00000074071	HAGHL_TSS_1_AND_HAGHL_TSS_2	963	87765	TRUE	0.0017811419126183142	-0.32714711658747264	TRUE	1016	31	8.00711480567101
ENSG00000188536	HAGHL_TSS_1_AND_HAGHL_TSS_2	1016	92268	TRUE	0.0024138944040998506	-0.05324077759728141	TRUE	1016	31	358.34205235580276
ENSG00000162039	HAGHL_TSS_1_AND_HAGHL_TSS_2	703	63708	TRUE	0.002690704752000554	-0.3363307617659434	TRUE	1016	31	1.6831567653155828
ENSG00000198736	HAGHL_TSS_1_AND_HAGHL_TSS_2	701	60819	TRUE	0.0059376188101393085	-0.2686691992899358	TRUE	1016	31	1.5289644468056294
ENSG00000167969	HAGHL_TSS_1_AND_HAGHL_TSS_2	984	89319	TRUE	0.007370321103547198	-0.20386903150024116	TRUE	1016	31	5.668093794597747
ENSG00000127554	HAGHL_TSS_1_AND_HAGHL_TSS_2	491	42527	TRUE	0.013325188345437694	-0.3062596401908468	TRUE	1016	31	0.7540131462441535
ENSG00000063854	HAGHL_TSS_1_AND_HAGHL_TSS_2	543	48820	TRUE	0.024	-0.1814858836973716	TRUE	1016	31	1.0312509765930185
ENSG00000103254	HAGHL_TSS_1_AND_HAGHL_TSS_2	513	45210	TRUE	0.028	-0.43402048525421894	TRUE	1016	31	1.5716845318082857
ENSG00000206053	HAGHL_TSS_1_AND_HAGHL_TSS_2	536	46680	TRUE	0.056	-0.176083600538893	TRUE	1016	31	0.8066502078189943
ENSG00000103024	HAGHL_TSS_1_AND_HAGHL_TSS_2	282	22876	TRUE	0.58	-0.14321048601304054	FALSE	1016	31	0.3398231194724835
ENSG00000103275	HAGHL_TSS_1_AND_HAGHL_TSS_2	997	89376	TRUE	2.9042537676291955e-13	-0.5005793376194076	TRUE	1016	32	8.007781493171661
ENSG00000074071	HAGHL_TSS_1_AND_HAGHL_TSS_2	963	87765	TRUE	2.514939340417946e-10	-0.45957211038393453	TRUE	1016	32	8.00711480567101
ENSG00000007520	HAGHL_TSS_1_AND_HAGHL_TSS_2	919	83609	TRUE	4.588194944826372e-9	-0.38107961399471346	TRUE	1016	32	3.5910288863193642
ENSG00000086506	HAGHL_TSS_1_AND_HAGHL_TSS_2	954	86712	TRUE	6.738852727087349e-9	-0.3337939843485209	TRUE	1016	32	10.380022292363304
ENSG00000127561	HAGHL_TSS_1_AND_HAGHL_TSS_2	657	58124	TRUE	2.2304521553970105e-8	-0.48186509799792016	TRUE	1016	32	1.3043220100628146
ENSG00000095906	HAGHL_TSS_1_AND_HAGHL_TSS_2	748	67306	TRUE	1.1098338576964108e-7	-0.4691369153455797	TRUE	1016	32	1.7336062585289123
ENSG00000086504	HAGHL_TSS_1_AND_HAGHL_TSS_2	1008	91807	TRUE	1.6694738591839747e-7	-0.3546556564884953	TRUE	1016	32	12.96360302926133
ENSG00000167969	HAGHL_TSS_1_AND_HAGHL_TSS_2	984	89319	TRUE	2.1250674872087035e-7	-0.3073486684898783	TRUE	1016	32	5.668093794597747
ENSG00000140990	HAGHL_TSS_1_AND_HAGHL_TSS_2	1012	91874	TRUE	3.760637330986168e-7	-0.361028873851319	TRUE	1016	32	18.28205048074419
ENSG00000174109	HAGHL_TSS_1_AND_HAGHL_TSS_2	789	70288	TRUE	8.754530921239404e-7	-0.41725069426345807	TRUE	1016	32	2.0785232871860577
ENSG00000131653	HAGHL_TSS_1_AND_HAGHL_TSS_2	624	55162	TRUE	1.52711361116304e-6	-0.4118920618827949	TRUE	1016	32	1.124816400512516
ENSG00000065057	HAGHL_TSS_1_AND_HAGHL_TSS_2	892	80340	TRUE	1.6959354174976007e-6	-0.3881057370239729	TRUE	1016	32	3.6725939352271424
ENSG00000198736	HAGHL_TSS_1_AND_HAGHL_TSS_2	701	60819	TRUE	8.240492607415432e-6	-0.3805964763338547	TRUE	1016	32	1.5289644468056294
ENSG00000162039	HAGHL_TSS_1_AND_HAGHL_TSS_2	703	63708	TRUE	2.3397626119160513e-4	-0.3619565694414379	TRUE	1016	32	1.6831567653155828
ENSG00000188536	HAGHL_TSS_1_AND_HAGHL_TSS_2	1016	92268	TRUE	2.5797910422101916e-4	-0.06986193545578878	TRUE	1016	32	358.34205235580276
ENSG00000103202	HAGHL_TSS_1_AND_HAGHL_TSS_2	919	82545	TRUE	4.4193269701718607e-4	-0.2809653064209794	TRUE	1016	32	3.9204245966019773
ENSG00000103266	HAGHL_TSS_1_AND_HAGHL_TSS_2	810	72132	TRUE	4.7915207066098926e-4	-0.33741335413842677	TRUE	1016	32	2.2476744064918694
ENSG00000007376	HAGHL_TSS_1_AND_HAGHL_TSS_2	746	66788	TRUE	5.269278232527992e-4	-0.41046523395304213	TRUE	1016	32	2.134722960092503
ENSG00000206053	HAGHL_TSS_1_AND_HAGHL_TSS_2	536	46680	TRUE	7.804137840159613e-4	-0.284459761583685	TRUE	1016	32	0.8066502078189943
ENSG00000103254	HAGHL_TSS_1_AND_HAGHL_TSS_2	513	45210	TRUE	0.0012	-0.49574273691955895	TRUE	1016	32	1.5716845318082857
ENSG00000140983	HAGHL_TSS_1_AND_HAGHL_TSS_2	641	55511	TRUE	0.0012905743664795924	-0.3797795573750843	TRUE	1016	32	1.1848495265477046
ENSG00000063854	HAGHL_TSS_1_AND_HAGHL_TSS_2	543	48820	TRUE	0.001473477979007251	-0.20512423405223096	TRUE	1016	32	1.0312509765930185
ENSG00000103260	HAGHL_TSS_1_AND_HAGHL_TSS_2	273	23418	TRUE	0.0028427655296839258	-0.43404219479279416	TRUE	1016	32	0.34295863412398303
ENSG00000103024	HAGHL_TSS_1_AND_HAGHL_TSS_2	282	22876	TRUE	0.0029697574340925813	-0.40624489184683443	TRUE	1016	32	0.3398231194724835
ENSG00000103253	HAGHL_TSS_1_AND_HAGHL_TSS_2	202	26107	TRUE	0.003104332967826001	-0.44196152235200237	TRUE	1016	32	0.4842859672698105
ENSG00000127554	HAGHL_TSS_1_AND_HAGHL_TSS_2	491	42527	TRUE	0.0035028561337191524	-0.33356698618658215	TRUE	1016	32	0.7540131462441535
ENSG00000065054	HAGHL_TSS_1_AND_HAGHL_TSS_2	553	46300	TRUE	0.032	-0.28651756273947615	TRUE	1016	32	0.8916736981364001
ENSG00000086504	HAGHL_TSS_1_AND_HAGHL_TSS_2	1008	91807	TRUE	1.303294688914901e-10	-0.42131062671962516	TRUE	1016	33	12.96360302926133
ENSG00000103275	HAGHL_TSS_1_AND_HAGHL_TSS_2	997	89376	TRUE	4.762279748812283e-9	-0.4581475192951796	TRUE	1016	33	8.007781493171661
ENSG00000007520	HAGHL_TSS_1_AND_HAGHL_TSS_2	919	83609	TRUE	5.362326554258348e-9	-0.3968415465721882	TRUE	1016	33	3.5910288863193642
ENSG00000095906	HAGHL_TSS_1_AND_HAGHL_TSS_2	748	67306	TRUE	2.6918646921176908e-8	-0.4551665748713644	TRUE	1016	33	1.7336062585289123
ENSG00000103266	HAGHL_TSS_1_AND_HAGHL_TSS_2	810	72132	TRUE	1.7976738147294392e-7	-0.4368940982202456	TRUE	1016	33	2.2476744064918694
ENSG00000074071	HAGHL_TSS_1_AND_HAGHL_TSS_2	963	87765	TRUE	2.0613671540938364e-7	-0.43549683890883184	TRUE	1016	33	8.00711480567101
ENSG00000198736	HAGHL_TSS_1_AND_HAGHL_TSS_2	701	60819	TRUE	4.725469663805588e-7	-0.4357978921491492	TRUE	1016	33	1.5289644468056294
ENSG00000103202	HAGHL_TSS_1_AND_HAGHL_TSS_2	919	82545	TRUE	8.253975266606572e-7	-0.3444725335420564	TRUE	1016	33	3.9204245966019773
ENSG00000086506	HAGHL_TSS_1_AND_HAGHL_TSS_2	954	86712	TRUE	5.330551295619837e-6	-0.2701987524330116	TRUE	1016	33	10.380022292363304
ENSG00000140983	HAGHL_TSS_1_AND_HAGHL_TSS_2	641	55511	TRUE	1.655758349617645e-5	-0.44526402952992883	TRUE	1016	33	1.1848495265477046
ENSG00000167969	HAGHL_TSS_1_AND_HAGHL_TSS_2	984	89319	TRUE	2.114417222441817e-5	-0.2698210640893084	TRUE	1016	33	5.668093794597747
ENSG00000127554	HAGHL_TSS_1_AND_HAGHL_TSS_2	491	42527	TRUE	2.1927362608926537e-5	-0.42851539024184476	TRUE	1016	33	0.7540131462441535
ENSG00000206053	HAGHL_TSS_1_AND_HAGHL_TSS_2	536	46680	TRUE	1.4888303065428883e-4	-0.3050700412589711	TRUE	1016	33	0.8066502078189943
ENSG00000065057	HAGHL_TSS_1_AND_HAGHL_TSS_2	892	80340	TRUE	1.882035859213085e-4	-0.3313180173610033	TRUE	1016	33	3.6725939352271424
ENSG00000174109	HAGHL_TSS_1_AND_HAGHL_TSS_2	789	70288	TRUE	1.8826190251616803e-4	-0.36605567018563057	TRUE	1016	33	2.0785232871860577
ENSG00000140990	HAGHL_TSS_1_AND_HAGHL_TSS_2	1012	91874	TRUE	3.5678566405714096e-4	-0.3230054273964531	TRUE	1016	33	18.28205048074419
ENSG00000007376	HAGHL_TSS_1_AND_HAGHL_TSS_2	746	66788	TRUE	3.9839741959073194e-4	-0.43583567158326253	TRUE	1016	33	2.134722960092503
ENSG00000162039	HAGHL_TSS_1_AND_HAGHL_TSS_2	703	63708	TRUE	5.553711646281365e-4	-0.3650624803092595	TRUE	1016	33	1.6831567653155828
ENSG00000188536	HAGHL_TSS_1_AND_HAGHL_TSS_2	1016	92268	TRUE	6.255038352599926e-4	-0.08288153274183863	TRUE	1016	33	358.34205235580276
ENSG00000127561	HAGHL_TSS_1_AND_HAGHL_TSS_2	657	58124	TRUE	7.19403852154122e-4	-0.3642574480005093	TRUE	1016	33	1.3043220100628146
ENSG00000131653	HAGHL_TSS_1_AND_HAGHL_TSS_2	624	55162	TRUE	8.56078043387198e-4	-0.3375669511291603	TRUE	1016	33	1.124816400512516
ENSG00000063854	HAGHL_TSS_1_AND_HAGHL_TSS_2	543	48820	TRUE	0.00574089827978632	-0.18304978091380786	TRUE	1016	33	1.0312509765930185
ENSG00000103260	HAGHL_TSS_1_AND_HAGHL_TSS_2	273	23418	TRUE	0.008190511141615758	-0.39628727279737586	TRUE	1016	33	0.34295863412398303
ENSG00000103254	HAGHL_TSS_1_AND_HAGHL_TSS_2	513	45210	TRUE	0.028	-0.4266409548886214	TRUE	1016	33	1.5716845318082857
ENSG00000103024	HAGHL_TSS_1_AND_HAGHL_TSS_2	282	22876	TRUE	0.06	-0.26370577819960106	TRUE	1016	33	0.3398231194724835
ENSG00000065054	HAGHL_TSS_1_AND_HAGHL_TSS_2	553	46300	TRUE	0.132	-0.262579508082721	FALSE	1016	33	0.8916736981364001
ENSG00000103253	HAGHL_TSS_1_AND_HAGHL_TSS_2	202	26107	TRUE	0.44	-0.25493104390703225	FALSE	1016	33	0.4842859672698105
ENSG00000103266	HAGHL_TSS_1_AND_HAGHL_TSS_2	810	72132	TRUE	2.547985193749869e-13	-0.5499701963512375	TRUE	1016	34	2.2476744064918694
ENSG00000167969	HAGHL_TSS_1_AND_HAGHL_TSS_2	984	89319	TRUE	3.056080883462084e-12	-0.37430849111613584	TRUE	1016	34	5.668093794597747
ENSG00000095906	HAGHL_TSS_1_AND_HAGHL_TSS_2	748	67306	TRUE	2.04525596474611e-11	-0.5502022840320797	TRUE	1016	34	1.7336062585289123
ENSG00000103275	HAGHL_TSS_1_AND_HAGHL_TSS_2	997	89376	TRUE	7.383940370572576e-11	-0.4847266864817321	TRUE	1016	34	8.007781493171661
ENSG00000103202	HAGHL_TSS_1_AND_HAGHL_TSS_2	919	82545	TRUE	2.934107196195445e-10	-0.41936892069042275	TRUE	1016	34	3.9204245966019773
ENSG00000140990	HAGHL_TSS_1_AND_HAGHL_TSS_2	1012	91874	TRUE	8.476770315457321e-10	-0.42154867121786355	TRUE	1016	34	18.28205048074419
ENSG00000086504	HAGHL_TSS_1_AND_HAGHL_TSS_2	1008	91807	TRUE	9.693131176951593e-10	-0.39281202023279693	TRUE	1016	34	12.96360302926133
ENSG00000065057	HAGHL_TSS_1_AND_HAGHL_TSS_2	892	80340	TRUE	3.518029189475465e-9	-0.42476775663755495	TRUE	1016	34	3.6725939352271424
ENSG00000206053	HAGHL_TSS_1_AND_HAGHL_TSS_2	536	46680	TRUE	5.827066818430912e-9	-0.43987751944149944	TRUE	1016	34	0.8066502078189943
ENSG00000074071	HAGHL_TSS_1_AND_HAGHL_TSS_2	963	87765	TRUE	2.2973745581326738e-8	-0.44165613743716303	TRUE	1016	34	8.00711480567101
ENSG00000174109	HAGHL_TSS_1_AND_HAGHL_TSS_2	789	70288	TRUE	3.3597573846486155e-8	-0.4470885165533063	TRUE	1016	34	2.0785232871860577
ENSG00000007376	HAGHL_TSS_1_AND_HAGHL_TSS_2	746	66788	TRUE	3.5548833138585945e-8	-0.5438669790251482	TRUE	1016	34	2.134722960092503
ENSG00000007520	HAGHL_TSS_1_AND_HAGHL_TSS_2	919	83609	TRUE	7.057505776420525e-8	-0.3703423212322696	TRUE	1016	34	3.5910288863193642
ENSG00000131653	HAGHL_TSS_1_AND_HAGHL_TSS_2	624	55162	TRUE	2.1319302010142078e-7	-0.4630978332130191	TRUE	1016	34	1.124816400512516
ENSG00000127561	HAGHL_TSS_1_AND_HAGHL_TSS_2	657	58124	TRUE	2.5232134627630257e-5	-0.4010246725100898	TRUE	1016	34	1.3043220100628146
ENSG00000140983	HAGHL_TSS_1_AND_HAGHL_TSS_2	641	55511	TRUE	8.409088609781859e-5	-0.42668830027478877	TRUE	1016	34	1.1848495265477046
ENSG00000063854	HAGHL_TSS_1_AND_HAGHL_TSS_2	543	48820	TRUE	1.3952740251062072e-4	-0.25853351462345475	TRUE	1016	34	1.0312509765930185
ENSG00000198736	HAGHL_TSS_1_AND_HAGHL_TSS_2	701	60819	TRUE	1.440663005153036e-4	-0.3185718974710399	TRUE	1016	34	1.5289644468056294
ENSG00000162039	HAGHL_TSS_1_AND_HAGHL_TSS_2	703	63708	TRUE	1.5438465159080348e-4	-0.37546407576972923	TRUE	1016	34	1.6831567653155828
ENSG00000127554	HAGHL_TSS_1_AND_HAGHL_TSS_2	491	42527	TRUE	2.7649931375019546e-4	-0.3826350288225269	TRUE	1016	34	0.7540131462441535
ENSG00000103254	HAGHL_TSS_1_AND_HAGHL_TSS_2	513	45210	TRUE	4e-4	-0.6081131209117602	TRUE	1016	34	1.5716845318082857
ENSG00000086506	HAGHL_TSS_1_AND_HAGHL_TSS_2	954	86712	TRUE	4.004967543346158e-4	-0.2521727359561785	TRUE	1016	34	10.380022292363304
ENSG00000103024	HAGHL_TSS_1_AND_HAGHL_TSS_2	282	22876	TRUE	5.114302110338833e-4	-0.4399280181031231	TRUE	1016	34	0.3398231194724835
ENSG00000188536	HAGHL_TSS_1_AND_HAGHL_TSS_2	1016	92268	TRUE	0.0014075488433562613	-0.03672005346919427	TRUE	1016	34	358.34205235580276
ENSG00000103260	HAGHL_TSS_1_AND_HAGHL_TSS_2	273	23418	TRUE	0.0018964611144817248	-0.46720905872799334	TRUE	1016	34	0.34295863412398303
ENSG00000065054	HAGHL_TSS_1_AND_HAGHL_TSS_2	553	46300	TRUE	0.002359806836998865	-0.36472639509017324	TRUE	1016	34	0.8916736981364001
ENSG00000103253	HAGHL_TSS_1_AND_HAGHL_TSS_2	202	26107	TRUE	0.019659583830785338	-0.4297868084059	TRUE	1016	34	0.4842859672698105
ENSG00000074071	HAGHL_TSS_1_AND_HAGHL_TSS_2	963	87765	TRUE	9.055577712361008e-15	-0.5616510686067864	TRUE	1016	35	8.00711480567101
ENSG00000167969	HAGHL_TSS_1_AND_HAGHL_TSS_2	984	89319	TRUE	6.180466536011888e-10	-0.3577326636222855	TRUE	1016	35	5.668093794597747
ENSG00000103275	HAGHL_TSS_1_AND_HAGHL_TSS_2	997	89376	TRUE	1.8872455452506674e-8	-0.45837855381259063	TRUE	1016	35	8.007781493171661
ENSG00000103266	HAGHL_TSS_1_AND_HAGHL_TSS_2	810	72132	TRUE	7.291532343169582e-8	-0.4509692834319683	TRUE	1016	35	2.2476744064918694
ENSG00000140990	HAGHL_TSS_1_AND_HAGHL_TSS_2	1012	91874	TRUE	2.3342386507984453e-7	-0.4058600775700043	TRUE	1016	35	18.28205048074419
ENSG00000174109	HAGHL_TSS_1_AND_HAGHL_TSS_2	789	70288	TRUE	1.7980825025589418e-6	-0.42508908080638885	TRUE	1016	35	2.0785232871860577
ENSG00000086506	HAGHL_TSS_1_AND_HAGHL_TSS_2	954	86712	TRUE	8.34877949417237e-6	-0.27817651574394686	TRUE	1016	35	10.380022292363304
ENSG00000140983	HAGHL_TSS_1_AND_HAGHL_TSS_2	641	55511	TRUE	9.145291095482037e-6	-0.4546423618457902	TRUE	1016	35	1.1848495265477046
ENSG00000065057	HAGHL_TSS_1_AND_HAGHL_TSS_2	892	80340	TRUE	2.6626919868457527e-5	-0.3641719591797732	TRUE	1016	35	3.6725939352271424
ENSG00000095906	HAGHL_TSS_1_AND_HAGHL_TSS_2	748	67306	TRUE	3.54868690656796e-5	-0.3985419141997329	TRUE	1016	35	1.7336062585289123
ENSG00000127561	HAGHL_TSS_1_AND_HAGHL_TSS_2	657	58124	TRUE	5.1686014792140175e-5	-0.3845678966430054	TRUE	1016	35	1.3043220100628146
ENSG00000086504	HAGHL_TSS_1_AND_HAGHL_TSS_2	1008	91807	TRUE	2.480320186088389e-4	-0.3017305834080388	TRUE	1016	35	12.96360302926133
ENSG00000131653	HAGHL_TSS_1_AND_HAGHL_TSS_2	624	55162	TRUE	2.562315497909649e-4	-0.3608743246212292	TRUE	1016	35	1.124816400512516
ENSG00000103254	HAGHL_TSS_1_AND_HAGHL_TSS_2	513	45210	TRUE	4e-4	-0.6490333762250693	TRUE	1016	35	1.5716845318082857
ENSG00000103202	HAGHL_TSS_1_AND_HAGHL_TSS_2	919	82545	TRUE	5.060252182009506e-4	-0.2818225227509459	TRUE	1016	35	3.9204245966019773
ENSG00000103024	HAGHL_TSS_1_AND_HAGHL_TSS_2	282	22876	TRUE	5.079308861289898e-4	-0.45706915092451705	TRUE	1016	35	0.3398231194724835
ENSG00000063854	HAGHL_TSS_1_AND_HAGHL_TSS_2	543	48820	TRUE	5.821339008373824e-4	-0.24540309369467989	TRUE	1016	35	1.0312509765930185
ENSG00000198736	HAGHL_TSS_1_AND_HAGHL_TSS_2	701	60819	TRUE	6.097610469054868e-4	-0.32078123180922624	TRUE	1016	35	1.5289644468056294
ENSG00000007376	HAGHL_TSS_1_AND_HAGHL_TSS_2	746	66788	TRUE	6.315540085902044e-4	-0.41466277849370003	TRUE	1016	35	2.134722960092503
ENSG00000065054	HAGHL_TSS_1_AND_HAGHL_TSS_2	553	46300	TRUE	6.724534455123162e-4	-0.4044725738829298	TRUE	1016	35	0.8916736981364001
ENSG00000007520	HAGHL_TSS_1_AND_HAGHL_TSS_2	919	83609	TRUE	8.173578277034174e-4	-0.27668599257535553	TRUE	1016	35	3.5910288863193642
ENSG00000162039	HAGHL_TSS_1_AND_HAGHL_TSS_2	703	63708	TRUE	0.0011621529734291494	-0.34243957134858893	TRUE	1016	35	1.6831567653155828
ENSG00000188536	HAGHL_TSS_1_AND_HAGHL_TSS_2	1016	92268	TRUE	0.0018985457879987719	-0.0662959354935655	TRUE	1016	35	358.34205235580276
ENSG00000127554	HAGHL_TSS_1_AND_HAGHL_TSS_2	491	42527	TRUE	0.002323147173704857	-0.3660928897080296	TRUE	1016	35	0.7540131462441535
ENSG00000103253	HAGHL_TSS_1_AND_HAGHL_TSS_2	202	26107	TRUE	0.024	-0.4137120455478289	TRUE	1016	35	0.4842859672698105
ENSG00000206053	HAGHL_TSS_1_AND_HAGHL_TSS_2	536	46680	TRUE	0.068	-0.1798851706987491	TRUE	1016	35	0.8066502078189943
ENSG00000103260	HAGHL_TSS_1_AND_HAGHL_TSS_2	273	23418	TRUE	0.076	-0.33888496175245386	TRUE	1016	35	0.34295863412398303
ENSG00000167969	HAGHL_TSS_1_AND_HAGHL_TSS_2	984	89319	TRUE	7.259171276157765e-12	-0.39107698213189845	TRUE	1016	36	5.668093794597747
ENSG00000103202	HAGHL_TSS_1_AND_HAGHL_TSS_2	919	82545	TRUE	6.600990164447169e-11	-0.4259867994549307	TRUE	1016	36	3.9204245966019773
ENSG00000140990	HAGHL_TSS_1_AND_HAGHL_TSS_2	1012	91874	TRUE	1.0028522645921732e-10	-0.4467684553796736	TRUE	1016	36	18.28205048074419
ENSG00000074071	HAGHL_TSS_1_AND_HAGHL_TSS_2	963	87765	TRUE	1.1720072882990553e-8	-0.44569763562190934	TRUE	1016	36	8.00711480567101
ENSG00000103275	HAGHL_TSS_1_AND_HAGHL_TSS_2	997	89376	TRUE	2.3068060052143275e-7	-0.433865321061754	TRUE	1016	36	8.007781493171661
ENSG00000086504	HAGHL_TSS_1_AND_HAGHL_TSS_2	1008	91807	TRUE	1.0826026202541135e-6	-0.33849488552369866	TRUE	1016	36	12.96360302926133
ENSG00000174109	HAGHL_TSS_1_AND_HAGHL_TSS_2	789	70288	TRUE	6.58881237601593e-6	-0.39569823128375203	TRUE	1016	36	2.0785232871860577
ENSG00000007520	HAGHL_TSS_1_AND_HAGHL_TSS_2	919	83609	TRUE	6.680186330791952e-6	-0.33101109770278825	TRUE	1016	36	3.5910288863193642
ENSG00000131653	HAGHL_TSS_1_AND_HAGHL_TSS_2	624	55162	TRUE	9.60961242963028e-6	-0.39415047949552784	TRUE	1016	36	1.124816400512516
ENSG00000198736	HAGHL_TSS_1_AND_HAGHL_TSS_2	701	60819	TRUE	1.2936338570977311e-5	-0.3509432023194786	TRUE	1016	36	1.5289644468056294
ENSG00000162039	HAGHL_TSS_1_AND_HAGHL_TSS_2	703	63708	TRUE	1.6974325935872805e-5	-0.4060598521814506	TRUE	1016	36	1.6831567653155828
ENSG00000065057	HAGHL_TSS_1_AND_HAGHL_TSS_2	892	80340	TRUE	4.084451569710216e-5	-0.34906012172619283	TRUE	1016	36	3.6725939352271424
ENSG00000103266	HAGHL_TSS_1_AND_HAGHL_TSS_2	810	72132	TRUE	4.208414626130207e-5	-0.36929311892322836	TRUE	1016	36	2.2476744064918694
ENSG00000007376	HAGHL_TSS_1_AND_HAGHL_TSS_2	746	66788	TRUE	6.911704083813024e-5	-0.4256338963147034	TRUE	1016	36	2.134722960092503
ENSG00000063854	HAGHL_TSS_1_AND_HAGHL_TSS_2	543	48820	TRUE	9.97943473920529e-5	-0.27511639881905886	TRUE	1016	36	1.0312509765930185
ENSG00000127561	HAGHL_TSS_1_AND_HAGHL_TSS_2	657	58124	TRUE	1.1508773705058966e-4	-0.37912375795287756	TRUE	1016	36	1.3043220100628146
ENSG00000086506	HAGHL_TSS_1_AND_HAGHL_TSS_2	954	86712	TRUE	1.2663488638387822e-4	-0.25973520407122797	TRUE	1016	36	10.380022292363304
ENSG00000103260	HAGHL_TSS_1_AND_HAGHL_TSS_2	273	23418	TRUE	1.8337028805819836e-4	-0.5126520294891606	TRUE	1016	36	0.34295863412398303
ENSG00000095906	HAGHL_TSS_1_AND_HAGHL_TSS_2	748	67306	TRUE	0.0014625992090022237	-0.3371413695355895	TRUE	1016	36	1.7336062585289123
ENSG00000103253	HAGHL_TSS_1_AND_HAGHL_TSS_2	202	26107	TRUE	0.002829061552200987	-0.47911452076946826	TRUE	1016	36	0.4842859672698105
ENSG00000188536	HAGHL_TSS_1_AND_HAGHL_TSS_2	1016	92268	TRUE	0.0030142870811884215	-0.1072036696481895	TRUE	1016	36	358.34205235580276
ENSG00000103254	HAGHL_TSS_1_AND_HAGHL_TSS_2	513	45210	TRUE	0.004798859449949802	-0.5086701983358937	TRUE	1016	36	1.5716845318082857
ENSG00000140983	HAGHL_TSS_1_AND_HAGHL_TSS_2	641	55511	TRUE	0.004851659329064957	-0.3561524984464266	TRUE	1016	36	1.1848495265477046
ENSG00000065054	HAGHL_TSS_1_AND_HAGHL_TSS_2	553	46300	TRUE	0.007725381786103359	-0.33561925363291434	TRUE	1016	36	0.8916736981364001
ENSG00000127554	HAGHL_TSS_1_AND_HAGHL_TSS_2	491	42527	TRUE	0.010103812721964978	-0.3107751213133398	TRUE	1016	36	0.7540131462441535
ENSG00000206053	HAGHL_TSS_1_AND_HAGHL_TSS_2	536	46680	TRUE	0.06	-0.18943315419791268	TRUE	1016	36	0.8066502078189943
ENSG00000103024	HAGHL_TSS_1_AND_HAGHL_TSS_2	282	22876	TRUE	0.492	-0.18068519143170336	FALSE	1016	36	0.3398231194724835
ENSG00000007376	HAGHL_TSS_1_AND_HAGHL_TSS_2	746	66788	TRUE	3.3908392823992547e-12	-0.637896176269519	TRUE	1016	37	2.134722960092503
ENSG00000103275	HAGHL_TSS_1_AND_HAGHL_TSS_2	997	89376	TRUE	4.578435216311614e-12	-0.5027221312088082	TRUE	1016	37	8.007781493171661
ENSG00000140990	HAGHL_TSS_1_AND_HAGHL_TSS_2	1012	91874	TRUE	1.8618677479753965e-11	-0.47243696292402104	TRUE	1016	37	18.28205048074419
ENSG00000074071	HAGHL_TSS_1_AND_HAGHL_TSS_2	963	87765	TRUE	2.1576422390937207e-9	-0.47917457555959864	TRUE	1016	37	8.00711480567101
ENSG00000103266	HAGHL_TSS_1_AND_HAGHL_TSS_2	810	72132	TRUE	1.1564564377470722e-8	-0.48038732946958296	TRUE	1016	37	2.2476744064918694
ENSG00000007520	HAGHL_TSS_1_AND_HAGHL_TSS_2	919	83609	TRUE	7.313923201153765e-8	-0.38107961399471346	TRUE	1016	37	3.5910288863193642
ENSG00000086504	HAGHL_TSS_1_AND_HAGHL_TSS_2	1008	91807	TRUE	1.0904726639984304e-7	-0.37971186759925635	TRUE	1016	37	12.96360302926133
ENSG00000167969	HAGHL_TSS_1_AND_HAGHL_TSS_2	984	89319	TRUE	1.4558585867142193e-7	-0.31384730578861975	TRUE	1016	37	5.668093794597747
ENSG00000188536	HAGHL_TSS_1_AND_HAGHL_TSS_2	1016	92268	TRUE	2.3355512334061537e-7	-0.17532373305168747	TRUE	1016	37	358.34205235580276
ENSG00000103202	HAGHL_TSS_1_AND_HAGHL_TSS_2	919	82545	TRUE	3.2066696848921314e-6	-0.3449203668658105	TRUE	1016	37	3.9204245966019773
ENSG00000174109	HAGHL_TSS_1_AND_HAGHL_TSS_2	789	70288	TRUE	4.9414141676343845e-6	-0.4163823854554898	TRUE	1016	37	2.0785232871860577
ENSG00000086506	HAGHL_TSS_1_AND_HAGHL_TSS_2	954	86712	TRUE	5.196780364960865e-6	-0.2799375596789502	TRUE	1016	37	10.380022292363304
ENSG00000065054	HAGHL_TSS_1_AND_HAGHL_TSS_2	553	46300	TRUE	8.02104606524058e-6	-0.44949649856892515	TRUE	1016	37	0.8916736981364001
ENSG00000065057	HAGHL_TSS_1_AND_HAGHL_TSS_2	892	80340	TRUE	1.388762645523206e-5	-0.35282326710310974	TRUE	1016	37	3.6725939352271424
ENSG00000127554	HAGHL_TSS_1_AND_HAGHL_TSS_2	491	42527	TRUE	4.8994631727415725e-5	-0.42117341490067667	TRUE	1016	37	0.7540131462441535
ENSG00000131653	HAGHL_TSS_1_AND_HAGHL_TSS_2	624	55162	TRUE	1.1760493092160835e-4	-0.37820893562650626	TRUE	1016	37	1.124816400512516
ENSG00000206053	HAGHL_TSS_1_AND_HAGHL_TSS_2	536	46680	TRUE	2.1371134181135884e-4	-0.3175790361655494	TRUE	1016	37	0.8066502078189943
ENSG00000198736	HAGHL_TSS_1_AND_HAGHL_TSS_2	701	60819	TRUE	4.468181941665837e-4	-0.3130633186483894	TRUE	1016	37	1.5289644468056294
ENSG00000140983	HAGHL_TSS_1_AND_HAGHL_TSS_2	641	55511	TRUE	5.963977667271039e-4	-0.39775729830413975	TRUE	1016	37	1.1848495265477046
ENSG00000095906	HAGHL_TSS_1_AND_HAGHL_TSS_2	748	67306	TRUE	0.002644344665776375	-0.3282994927837828	TRUE	1016	37	1.7336062585289123
ENSG00000103253	HAGHL_TSS_1_AND_HAGHL_TSS_2	202	26107	TRUE	0.004006793239440941	-0.47911452076946826	TRUE	1016	37	0.4842859672698105
ENSG00000162039	HAGHL_TSS_1_AND_HAGHL_TSS_2	703	63708	TRUE	0.013489347152268225	-0.31916162970065143	TRUE	1016	37	1.6831567653155828
ENSG00000103260	HAGHL_TSS_1_AND_HAGHL_TSS_2	273	23418	TRUE	0.024	-0.390973472900908	TRUE	1016	37	0.34295863412398303
ENSG00000063854	HAGHL_TSS_1_AND_HAGHL_TSS_2	543	48820	TRUE	0.032	-0.16439398163348395	TRUE	1016	37	1.0312509765930185
ENSG00000103254	HAGHL_TSS_1_AND_HAGHL_TSS_2	513	45210	TRUE	0.032	-0.4778367175467084	TRUE	1016	37	1.5716845318082857
ENSG00000127561	HAGHL_TSS_1_AND_HAGHL_TSS_2	657	58124	TRUE	0.096	-0.24186724987701386	TRUE	1016	37	1.3043220100628146
ENSG00000103024	HAGHL_TSS_1_AND_HAGHL_TSS_2	282	22876	TRUE	0.152	-0.2240415606260855	FALSE	1016	37	0.3398231194724835
ENSG00000086504	HAGHL_TSS_1_AND_HAGHL_TSS_2	1008	91807	TRUE	1.0830340167153471e-17	-0.5047661710890354	TRUE	1016	38	12.96360302926133
ENSG00000007376	HAGHL_TSS_1_AND_HAGHL_TSS_2	746	66788	TRUE	8.575535563716193e-16	-0.6929102782740011	TRUE	1016	38	2.134722960092503
ENSG00000074071	HAGHL_TSS_1_AND_HAGHL_TSS_2	963	87765	TRUE	3.601143652790686e-15	-0.568633741752901	TRUE	1016	38	8.00711480567101
ENSG00000007520	HAGHL_TSS_1_AND_HAGHL_TSS_2	919	83609	TRUE	7.417968019934977e-15	-0.4968017919451453	TRUE	1016	38	3.5910288863193642
ENSG00000167969	HAGHL_TSS_1_AND_HAGHL_TSS_2	984	89319	TRUE	1.3804266228940136e-14	-0.4150122229241928	TRUE	1016	38	5.668093794597747
ENSG00000103275	HAGHL_TSS_1_AND_HAGHL_TSS_2	997	89376	TRUE	2.1153165640429297e-13	-0.5282019128404953	TRUE	1016	38	8.007781493171661
ENSG00000174109	HAGHL_TSS_1_AND_HAGHL_TSS_2	789	70288	TRUE	4.728946502195145e-13	-0.5509375622401025	TRUE	1016	38	2.0785232871860577
ENSG00000086506	HAGHL_TSS_1_AND_HAGHL_TSS_2	954	86712	TRUE	5.856323348965163e-12	-0.39510777384616347	TRUE	1016	38	10.380022292363304
ENSG00000162039	HAGHL_TSS_1_AND_HAGHL_TSS_2	703	63708	TRUE	1.4082921571768686e-11	-0.5864188548931829	TRUE	1016	38	1.6831567653155828
ENSG00000065057	HAGHL_TSS_1_AND_HAGHL_TSS_2	892	80340	TRUE	2.4831707157126825e-11	-0.4869865096360002	TRUE	1016	38	3.6725939352271424
ENSG00000103202	HAGHL_TSS_1_AND_HAGHL_TSS_2	919	82545	TRUE	4.7341515069928806e-9	-0.389496458228052	TRUE	1016	38	3.9204245966019773
ENSG00000103266	HAGHL_TSS_1_AND_HAGHL_TSS_2	810	72132	TRUE	1.1793871696242383e-8	-0.46686460559362863	TRUE	1016	38	2.2476744064918694
ENSG00000140983	HAGHL_TSS_1_AND_HAGHL_TSS_2	641	55511	TRUE	1.417715450950359e-8	-0.5519395632007049	TRUE	1016	38	1.1848495265477046
ENSG00000188536	HAGHL_TSS_1_AND_HAGHL_TSS_2	1016	92268	TRUE	2.1609815756382274e-8	-0.15914820212874758	TRUE	1016	38	358.34205235580276
ENSG00000140990	HAGHL_TSS_1_AND_HAGHL_TSS_2	1012	91874	TRUE	9.153766409612991e-8	-0.3839467805771548	TRUE	1016	38	18.28205048074419
ENSG00000103024	HAGHL_TSS_1_AND_HAGHL_TSS_2	282	22876	TRUE	1.2330654854098531e-7	-0.6277128049549843	TRUE	1016	38	0.3398231194724835
ENSG00000131653	HAGHL_TSS_1_AND_HAGHL_TSS_2	624	55162	TRUE	1.2762804519870825e-7	-0.45638761162346664	TRUE	1016	38	1.124816400512516
ENSG00000206053	HAGHL_TSS_1_AND_HAGHL_TSS_2	536	46680	TRUE	3.1357914546871913e-6	-0.3730741487572532	TRUE	1016	38	0.8066502078189943
ENSG00000127561	HAGHL_TSS_1_AND_HAGHL_TSS_2	657	58124	TRUE	3.4833125561463906e-6	-0.42326318668645035	TRUE	1016	38	1.3043220100628146
ENSG00000127554	HAGHL_TSS_1_AND_HAGHL_TSS_2	491	42527	TRUE	3.864399140325245e-5	-0.4358949206074422	TRUE	1016	38	0.7540131462441535
ENSG00000063854	HAGHL_TSS_1_AND_HAGHL_TSS_2	543	48820	TRUE	3.877301870390624e-5	-0.27178453812131087	TRUE	1016	38	1.0312509765930185
ENSG00000103253	HAGHL_TSS_1_AND_HAGHL_TSS_2	202	26107	TRUE	1.7494438897692338e-4	-0.5564202469369173	TRUE	1016	38	0.4842859672698105
ENSG00000095906	HAGHL_TSS_1_AND_HAGHL_TSS_2	748	67306	TRUE	4e-4	-0.5639751336538121	TRUE	1016	38	1.7336062585289123
ENSG00000065054	HAGHL_TSS_1_AND_HAGHL_TSS_2	553	46300	TRUE	5.458583958028451e-4	-0.3864511662448895	TRUE	1016	38	0.8916736981364001
ENSG00000198736	HAGHL_TSS_1_AND_HAGHL_TSS_2	701	60819	TRUE	0.0015599203715745344	-0.2944899339902986	TRUE	1016	38	1.5289644468056294
ENSG00000103260	HAGHL_TSS_1_AND_HAGHL_TSS_2	273	23418	TRUE	0.00513349501665376	-0.43951732485894524	TRUE	1016	38	0.34295863412398303
ENSG00000103254	HAGHL_TSS_1_AND_HAGHL_TSS_2	513	45210	TRUE	0.0388	-0.4426779182517674	TRUE	1016	38	1.5716845318082857
ENSG00000140990	HAGHL_TSS_1_AND_HAGHL_TSS_2	1012	91874	TRUE	7.955751369209663e-12	-0.44545659325790554	TRUE	1016	39	18.28205048074419
ENSG00000188536	HAGHL_TSS_1_AND_HAGHL_TSS_2	1016	92268	TRUE	3.926624526627586e-10	-0.2302210179700559	TRUE	1016	39	358.34205235580276
ENSG00000174109	HAGHL_TSS_1_AND_HAGHL_TSS_2	789	70288	TRUE	3.9838788169783556e-7	-0.449751135040658	TRUE	1016	39	2.0785232871860577
ENSG00000103202	HAGHL_TSS_1_AND_HAGHL_TSS_2	919	82545	TRUE	5.23412981187979e-7	-0.3417884489708449	TRUE	1016	39	3.9204245966019773
ENSG00000103266	HAGHL_TSS_1_AND_HAGHL_TSS_2	810	72132	TRUE	5.798710349475587e-7	-0.4336021514618803	TRUE	1016	39	2.2476744064918694
ENSG00000065057	HAGHL_TSS_1_AND_HAGHL_TSS_2	892	80340	TRUE	1.4441213102608496e-6	-0.37848452736873073	TRUE	1016	39	3.6725939352271424
ENSG00000167969	HAGHL_TSS_1_AND_HAGHL_TSS_2	984	89319	TRUE	2.0158058006692595e-6	-0.29385447253342445	TRUE	1016	39	5.668093794597747
ENSG00000086504	HAGHL_TSS_1_AND_HAGHL_TSS_2	1008	91807	TRUE	3.63106657759113e-6	-0.3336687233888682	TRUE	1016	39	12.96360302926133
ENSG00000162039	HAGHL_TSS_1_AND_HAGHL_TSS_2	703	63708	TRUE	4.748807980788777e-6	-0.4135432815476706	TRUE	1016	39	1.6831567653155828
ENSG00000131653	HAGHL_TSS_1_AND_HAGHL_TSS_2	624	55162	TRUE	6.31787031216656e-6	-0.38297293018404244	TRUE	1016	39	1.124816400512516
ENSG00000095906	HAGHL_TSS_1_AND_HAGHL_TSS_2	748	67306	TRUE	1.1560493769616209e-5	-0.3913617605334762	TRUE	1016	39	1.7336062585289123
ENSG00000074071	HAGHL_TSS_1_AND_HAGHL_TSS_2	963	87765	TRUE	1.7646007464500006e-5	-0.38806149611107976	TRUE	1016	39	8.00711480567101
ENSG00000127554	HAGHL_TSS_1_AND_HAGHL_TSS_2	491	42527	TRUE	3.631691300489369e-5	-0.4482786450632747	TRUE	1016	39	0.7540131462441535
ENSG00000127561	HAGHL_TSS_1_AND_HAGHL_TSS_2	657	58124	TRUE	1.0285366392147159e-4	-0.3845678966430054	TRUE	1016	39	1.3043220100628146
ENSG00000140983	HAGHL_TSS_1_AND_HAGHL_TSS_2	641	55511	TRUE	1.847423228691688e-4	-0.4113891638919062	TRUE	1016	39	1.1848495265477046
ENSG00000007520	HAGHL_TSS_1_AND_HAGHL_TSS_2	919	83609	TRUE	2.1436301590733488e-4	-0.2872049759137856	TRUE	1016	39	3.5910288863193642
ENSG00000007376	HAGHL_TSS_1_AND_HAGHL_TSS_2	746	66788	TRUE	2.4501948282554253e-4	-0.43072576645058247	TRUE	1016	39	2.134722960092503
ENSG00000103254	HAGHL_TSS_1_AND_HAGHL_TSS_2	513	45210	TRUE	8e-4	-0.5683215769658101	TRUE	1016	39	1.5716845318082857
ENSG00000086506	HAGHL_TSS_1_AND_HAGHL_TSS_2	954	86712	TRUE	0.0012220126781608415	-0.21877732400859795	TRUE	1016	39	10.380022292363304
ENSG00000063854	HAGHL_TSS_1_AND_HAGHL_TSS_2	543	48820	TRUE	0.003541795358559488	-0.1752471927176151	TRUE	1016	39	1.0312509765930185
ENSG00000103275	HAGHL_TSS_1_AND_HAGHL_TSS_2	997	89376	TRUE	0.0049274177085223	-0.321799538290954	TRUE	1016	39	8.007781493171661
ENSG00000198736	HAGHL_TSS_1_AND_HAGHL_TSS_2	701	60819	TRUE	0.012308310721595245	-0.25804547646126347	TRUE	1016	39	1.5289644468056294
ENSG00000065054	HAGHL_TSS_1_AND_HAGHL_TSS_2	553	46300	TRUE	0.013655482981079478	-0.3108595231114375	TRUE	1016	39	0.8916736981364001
ENSG00000103260	HAGHL_TSS_1_AND_HAGHL_TSS_2	273	23418	TRUE	0.132	-0.3035106316505687	FALSE	1016	39	0.34295863412398303
ENSG00000103024	HAGHL_TSS_1_AND_HAGHL_TSS_2	282	22876	TRUE	0.148	-0.19979401437940814	FALSE	1016	39	0.3398231194724835
ENSG00000103253	HAGHL_TSS_1_AND_HAGHL_TSS_2	202	26107	TRUE	0.256	-0.2985422751276474	FALSE	1016	39	0.4842859672698105
ENSG00000206053	HAGHL_TSS_1_AND_HAGHL_TSS_2	536	46680	TRUE	0.272	-0.14045969080817167	FALSE	1016	39	0.8066502078189943
ENSG00000007520	HAGHL_TSS_1_AND_HAGHL_TSS_2	919	83609	TRUE	1.9301221786309645e-15	-0.49256168590732696	TRUE	1016	40	3.5910288863193642
ENSG00000086504	HAGHL_TSS_1_AND_HAGHL_TSS_2	1008	91807	TRUE	3.8851479334320965e-9	-0.4019305419559136	TRUE	1016	40	12.96360302926133
ENSG00000086506	HAGHL_TSS_1_AND_HAGHL_TSS_2	954	86712	TRUE	3.64712073102968e-8	-0.3511921873442474	TRUE	1016	40	10.380022292363304
ENSG00000140983	HAGHL_TSS_1_AND_HAGHL_TSS_2	641	55511	TRUE	3.9443867558780845e-8	-0.536920045975765	TRUE	1016	40	1.1848495265477046
ENSG00000095906	HAGHL_TSS_1_AND_HAGHL_TSS_2	748	67306	TRUE	5.3404335766190194e-8	-0.5007977820241989	TRUE	1016	40	1.7336062585289123
ENSG00000074071	HAGHL_TSS_1_AND_HAGHL_TSS_2	963	87765	TRUE	1.3727883624057116e-7	-0.4248982642914516	TRUE	1016	40	8.00711480567101
ENSG00000007376	HAGHL_TSS_1_AND_HAGHL_TSS_2	746	66788	TRUE	1.4063099944868974e-7	-0.5310510758560647	TRUE	1016	40	2.134722960092503
ENSG00000131653	HAGHL_TSS_1_AND_HAGHL_TSS_2	624	55162	TRUE	1.9471029517370336e-7	-0.44804348749072975	TRUE	1016	40	1.124816400512516
ENSG00000174109	HAGHL_TSS_1_AND_HAGHL_TSS_2	789	70288	TRUE	5.097387625603404e-7	-0.42508908080638885	TRUE	1016	40	2.0785232871860577
ENSG00000140990	HAGHL_TSS_1_AND_HAGHL_TSS_2	1012	91874	TRUE	1.7686142450129403e-6	-0.38414010654607234	TRUE	1016	40	18.28205048074419
ENSG00000188536	HAGHL_TSS_1_AND_HAGHL_TSS_2	1016	92268	TRUE	4.141389327139795e-6	-0.15945950766946737	TRUE	1016	40	358.34205235580276
ENSG00000198736	HAGHL_TSS_1_AND_HAGHL_TSS_2	701	60819	TRUE	6.053652582558525e-6	-0.38868529631102966	TRUE	1016	40	1.5289644468056294
ENSG00000103266	HAGHL_TSS_1_AND_HAGHL_TSS_2	810	72132	TRUE	1.0510229223696698e-5	-0.39147667578920387	TRUE	1016	40	2.2476744064918694
ENSG00000167969	HAGHL_TSS_1_AND_HAGHL_TSS_2	984	89319	TRUE	1.0679744661397023e-5	-0.27499923729260356	TRUE	1016	40	5.668093794597747
ENSG00000103275	HAGHL_TSS_1_AND_HAGHL_TSS_2	997	89376	TRUE	1.9641851015238026e-5	-0.3988565373970694	TRUE	1016	40	8.007781493171661
ENSG00000103202	HAGHL_TSS_1_AND_HAGHL_TSS_2	919	82545	TRUE	2.8868249320936186e-5	-0.33065820520749356	TRUE	1016	40	3.9204245966019773
ENSG00000103254	HAGHL_TSS_1_AND_HAGHL_TSS_2	513	45210	TRUE	4.26606698630096e-5	-0.617884677654405	TRUE	1016	40	1.5716845318082857
ENSG00000127554	HAGHL_TSS_1_AND_HAGHL_TSS_2	491	42527	TRUE	1.6266416466142759e-4	-0.3993690445823283	TRUE	1016	40	0.7540131462441535
ENSG00000065054	HAGHL_TSS_1_AND_HAGHL_TSS_2	553	46300	TRUE	2.272510109597734e-4	-0.43296113084262544	TRUE	1016	40	0.8916736981364001
ENSG00000206053	HAGHL_TSS_1_AND_HAGHL_TSS_2	536	46680	TRUE	4.3830083994945025e-4	-0.30092436300141767	TRUE	1016	40	0.8066502078189943
ENSG00000127561	HAGHL_TSS_1_AND_HAGHL_TSS_2	657	58124	TRUE	6.547236981341964e-4	-0.36022944620040703	TRUE	1016	40	1.3043220100628146
ENSG00000162039	HAGHL_TSS_1_AND_HAGHL_TSS_2	703	63708	TRUE	0.0013666259035658478	-0.3414196384387432	TRUE	1016	40	1.6831567653155828
ENSG00000065057	HAGHL_TSS_1_AND_HAGHL_TSS_2	892	80340	TRUE	0.002462835120510403	-0.3087574628418306	TRUE	1016	40	3.6725939352271424
ENSG00000103024	HAGHL_TSS_1_AND_HAGHL_TSS_2	282	22876	TRUE	0.008901941149170464	-0.34646366352141733	TRUE	1016	40	0.3398231194724835
ENSG00000103253	HAGHL_TSS_1_AND_HAGHL_TSS_2	202	26107	TRUE	0.010535085669501898	-0.4338336414686019	TRUE	1016	40	0.4842859672698105
ENSG00000063854	HAGHL_TSS_1_AND_HAGHL_TSS_2	543	48820	TRUE	0.04029008736455178	-0.15055876066804932	TRUE	1016	40	1.0312509765930185
ENSG00000103260	HAGHL_TSS_1_AND_HAGHL_TSS_2	273	23418	TRUE	0.228	-0.2544346399531425	FALSE	1016	40	0.34295863412398303
ENSG00000174109	HAGHL_TSS_1_AND_HAGHL_TSS_2	789	70288	TRUE	1.3947636996350208e-16	-0.6122552481590898	TRUE	1016	41	2.0785232871860577
ENSG00000065057	HAGHL_TSS_1_AND_HAGHL_TSS_2	892	80340	TRUE	2.9759992820294493e-14	-0.5406988788291944	TRUE	1016	41	3.6725939352271424
ENSG00000167969	HAGHL_TSS_1_AND_HAGHL_TSS_2	984	89319	TRUE	5.188218338491098e-14	-0.39107698213189845	TRUE	1016	41	5.668093794597747
ENSG00000095906	HAGHL_TSS_1_AND_HAGHL_TSS_2	748	67306	TRUE	4.352358520004207e-11	-0.5388245039182742	TRUE	1016	41	1.7336062585289123
ENSG00000074071	HAGHL_TSS_1_AND_HAGHL_TSS_2	963	87765	TRUE	1.0130677481161638e-10	-0.48969007033088996	TRUE	1016	41	8.00711480567101
ENSG00000140990	HAGHL_TSS_1_AND_HAGHL_TSS_2	1012	91874	TRUE	1.8020812745008867e-10	-0.4390155304056953	TRUE	1016	41	18.28205048074419
ENSG00000140983	HAGHL_TSS_1_AND_HAGHL_TSS_2	641	55511	TRUE	3.3815095688484965e-10	-0.5824559897237693	TRUE	1016	41	1.1848495265477046
ENSG00000127561	HAGHL_TSS_1_AND_HAGHL_TSS_2	657	58124	TRUE	6.897032933676076e-10	-0.5414275317359216	TRUE	1016	41	1.3043220100628146
ENSG00000103202	HAGHL_TSS_1_AND_HAGHL_TSS_2	919	82545	TRUE	1.1249170874915636e-9	-0.41137352428679885	TRUE	1016	41	3.9204245966019773
ENSG00000103275	HAGHL_TSS_1_AND_HAGHL_TSS_2	997	89376	TRUE	1.1691189855915298e-9	-0.47067663184733677	TRUE	1016	41	8.007781493171661
ENSG00000103266	HAGHL_TSS_1_AND_HAGHL_TSS_2	810	72132	TRUE	1.9505820350153175e-9	-0.4693904802526565	TRUE	1016	41	2.2476744064918694
ENSG00000007376	HAGHL_TSS_1_AND_HAGHL_TSS_2	746	66788	TRUE	3.9043179944902185e-7	-0.5111390339835802	TRUE	1016	41	2.134722960092503
ENSG00000162039	HAGHL_TSS_1_AND_HAGHL_TSS_2	703	63708	TRUE	2.0392436032524774e-6	-0.44277712690644316	TRUE	1016	41	1.6831567653155828
ENSG00000198736	HAGHL_TSS_1_AND_HAGHL_TSS_2	701	60819	TRUE	2.503163683349372e-6	-0.39681972405220833	TRUE	1016	41	1.5289644468056294
ENSG00000188536	HAGHL_TSS_1_AND_HAGHL_TSS_2	1016	92268	TRUE	2.7143792248219157e-6	-0.14373870135859512	TRUE	1016	41	358.34205235580276
ENSG00000065054	HAGHL_TSS_1_AND_HAGHL_TSS_2	553	46300	TRUE	3.153051889660715e-6	-0.4981193949470024	TRUE	1016	41	0.8916736981364001
ENSG00000086506	HAGHL_TSS_1_AND_HAGHL_TSS_2	954	86712	TRUE	5.690933787822275e-6	-0.2780165273832744	TRUE	1016	41	10.380022292363304
ENSG00000007520	HAGHL_TSS_1_AND_HAGHL_TSS_2	919	83609	TRUE	9.190914779187579e-6	-0.3253442031855449	TRUE	1016	41	3.5910288863193642
ENSG00000103253	HAGHL_TSS_1_AND_HAGHL_TSS_2	202	26107	TRUE	1.610903842983423e-5	-0.6149463235433728	TRUE	1016	41	0.4842859672698105
ENSG00000131653	HAGHL_TSS_1_AND_HAGHL_TSS_2	624	55162	TRUE	3.29724708865918e-5	-0.38456443066632984	TRUE	1016	41	1.124816400512516
ENSG00000086504	HAGHL_TSS_1_AND_HAGHL_TSS_2	1008	91807	TRUE	6.212209481041382e-5	-0.3032598071613828	TRUE	1016	41	12.96360302926133
ENSG00000127554	HAGHL_TSS_1_AND_HAGHL_TSS_2	491	42527	TRUE	2.1776034439932417e-4	-0.40660061381340423	TRUE	1016	41	0.7540131462441535
ENSG00000103260	HAGHL_TSS_1_AND_HAGHL_TSS_2	273	23418	TRUE	2.3601828800061918e-4	-0.5126520294891606	TRUE	1016	41	0.34295863412398303
ENSG00000103254	HAGHL_TSS_1_AND_HAGHL_TSS_2	513	45210	TRUE	4e-4	-0.5548509371683618	TRUE	1016	41	1.5716845318082857
ENSG00000206053	HAGHL_TSS_1_AND_HAGHL_TSS_2	536	46680	TRUE	9.945998648905672e-4	-0.29885598266018865	TRUE	1016	41	0.8066502078189943
ENSG00000063854	HAGHL_TSS_1_AND_HAGHL_TSS_2	543	48820	TRUE	0.024	-0.15669137368937136	TRUE	1016	41	1.0312509765930185
ENSG00000103024	HAGHL_TSS_1_AND_HAGHL_TSS_2	282	22876	TRUE	0.064	-0.29418638465436286	TRUE	1016	41	0.3398231194724835
ENSG00000007520	HAGHL_TSS_1_AND_HAGHL_TSS_2	919	83609	TRUE	2.375583048377033e-9	-0.3928848898833579	TRUE	1016	42	3.5910288863193642
ENSG00000103202	HAGHL_TSS_1_AND_HAGHL_TSS_2	919	82545	TRUE	6.697593785355744e-9	-0.3743318222351668	TRUE	1016	42	3.9204245966019773
ENSG00000140990	HAGHL_TSS_1_AND_HAGHL_TSS_2	1012	91874	TRUE	4.371482852959306e-8	-0.3717233330802947	TRUE	1016	42	18.28205048074419
ENSG00000095906	HAGHL_TSS_1_AND_HAGHL_TSS_2	748	67306	TRUE	8.015703472504955e-8	-0.47563067743108023	TRUE	1016	42	1.7336062585289123
ENSG00000103275	HAGHL_TSS_1_AND_HAGHL_TSS_2	997	89376	TRUE	1.8941072063734504e-7	-0.4061917255813263	TRUE	1016	42	8.007781493171661
ENSG00000167969	HAGHL_TSS_1_AND_HAGHL_TSS_2	984	89319	TRUE	1.592351202805486e-6	-0.28570198643082545	TRUE	1016	42	5.668093794597747
ENSG00000065057	HAGHL_TSS_1_AND_HAGHL_TSS_2	892	80340	TRUE	5.722516189083553e-6	-0.3565962539959755	TRUE	1016	42	3.6725939352271424
ENSG00000065054	HAGHL_TSS_1_AND_HAGHL_TSS_2	553	46300	TRUE	8.590117406863905e-6	-0.44120512493753394	TRUE	1016	42	0.8916736981364001
ENSG00000127561	HAGHL_TSS_1_AND_HAGHL_TSS_2	657	58124	TRUE	1.6722662552592915e-5	-0.402404581788786	TRUE	1016	42	1.3043220100628146
ENSG00000103266	HAGHL_TSS_1_AND_HAGHL_TSS_2	810	72132	TRUE	3.14254256391091e-5	-0.37875862061466914	TRUE	1016	42	2.2476744064918694
ENSG00000131653	HAGHL_TSS_1_AND_HAGHL_TSS_2	624	55162	TRUE	3.510801195738357e-5	-0.3797951865184578	TRUE	1016	42	1.124816400512516
ENSG00000103260	HAGHL_TSS_1_AND_HAGHL_TSS_2	273	23418	TRUE	3.9845684823233e-5	-0.565546977921286	TRUE	1016	42	0.34295863412398303
ENSG00000103254	HAGHL_TSS_1_AND_HAGHL_TSS_2	513	45210	TRUE	1.954041446984977e-4	-0.5669688389005609	TRUE	1016	42	1.5716845318082857
ENSG00000086506	HAGHL_TSS_1_AND_HAGHL_TSS_2	954	86712	TRUE	2.205635351438407e-4	-0.19622999432556698	TRUE	1016	42	10.380022292363304
ENSG00000188536	HAGHL_TSS_1_AND_HAGHL_TSS_2	1016	92268	TRUE	2.604201061900749e-4	-0.05209599698373957	TRUE	1016	42	358.34205235580276
ENSG00000127554	HAGHL_TSS_1_AND_HAGHL_TSS_2	491	42527	TRUE	3.76622974499358e-4	-0.3921735431781244	TRUE	1016	42	0.7540131462441535
ENSG00000063854	HAGHL_TSS_1_AND_HAGHL_TSS_2	543	48820	TRUE	5.382877921061898e-4	-0.22915635622192307	TRUE	1016	42	1.0312509765930185
ENSG00000162039	HAGHL_TSS_1_AND_HAGHL_TSS_2	703	63708	TRUE	5.449912742476245e-4	-0.34652652887183194	TRUE	1016	42	1.6831567653155828
ENSG00000174109	HAGHL_TSS_1_AND_HAGHL_TSS_2	789	70288	TRUE	6.491969570285548e-4	-0.3222967579247703	TRUE	1016	42	2.0785232871860577
ENSG00000086504	HAGHL_TSS_1_AND_HAGHL_TSS_2	1008	91807	TRUE	0.002282481919378944	-0.2679935717822719	TRUE	1016	42	12.96360302926133
ENSG00000074071	HAGHL_TSS_1_AND_HAGHL_TSS_2	963	87765	TRUE	0.024	-0.2788443402102887	TRUE	1016	42	8.00711480567101
ENSG00000140983	HAGHL_TSS_1_AND_HAGHL_TSS_2	641	55511	TRUE	0.024	-0.32428444478338064	TRUE	1016	42	1.1848495265477046
ENSG00000206053	HAGHL_TSS_1_AND_HAGHL_TSS_2	536	46680	TRUE	0.024	-0.2341865551024614	TRUE	1016	42	0.8066502078189943
ENSG00000007376	HAGHL_TSS_1_AND_HAGHL_TSS_2	746	66788	TRUE	0.06	-0.30618706058957124	TRUE	1016	42	2.134722960092503
ENSG00000103024	HAGHL_TSS_1_AND_HAGHL_TSS_2	282	22876	TRUE	0.076	-0.25868770343297665	TRUE	1016	42	0.3398231194724835
ENSG00000198736	HAGHL_TSS_1_AND_HAGHL_TSS_2	701	60819	TRUE	0.508	-0.13533994664566973	FALSE	1016	42	1.5289644468056294
ENSG00000103253	HAGHL_TSS_1_AND_HAGHL_TSS_2	202	26107	TRUE	0.596	-0.19532155476887714	FALSE	1016	42	0.4842859672698105
ENSG00000198736	HAGHL_TSS_1_AND_HAGHL_TSS_2	701	60819	TRUE	3.575790565872938e-10	-0.528508265963923	TRUE	1016	43	1.5289644468056294
ENSG00000140990	HAGHL_TSS_1_AND_HAGHL_TSS_2	1012	91874	TRUE	2.127624851191488e-8	-0.40115723048794205	TRUE	1016	43	18.28205048074419
ENSG00000103275	HAGHL_TSS_1_AND_HAGHL_TSS_2	997	89376	TRUE	2.9194061838122695e-7	-0.41715263682189674	TRUE	1016	43	8.007781493171661
ENSG00000127554	HAGHL_TSS_1_AND_HAGHL_TSS_2	491	42527	TRUE	3.791951102723439e-7	-0.5118437738407406	TRUE	1016	43	0.7540131462441535
ENSG00000063854	HAGHL_TSS_1_AND_HAGHL_TSS_2	543	48820	TRUE	1.3090313377139829e-6	-0.35219262183769984	TRUE	1016	43	1.0312509765930185
ENSG00000103202	HAGHL_TSS_1_AND_HAGHL_TSS_2	919	82545	TRUE	1.8381749534767192e-6	-0.3525548798399152	TRUE	1016	43	3.9204245966019773
ENSG00000140983	HAGHL_TSS_1_AND_HAGHL_TSS_2	641	55511	TRUE	5.302315255816404e-6	-0.4656613628059434	TRUE	1016	43	1.1848495265477046
ENSG00000086506	HAGHL_TSS_1_AND_HAGHL_TSS_2	954	86712	TRUE	7.499137011703419e-6	-0.26543318421222306	TRUE	1016	43	10.380022292363304
ENSG00000086504	HAGHL_TSS_1_AND_HAGHL_TSS_2	1008	91807	TRUE	1.715029523651038e-5	-0.33275747902866337	TRUE	1016	43	12.96360302926133
ENSG00000167969	HAGHL_TSS_1_AND_HAGHL_TSS_2	984	89319	TRUE	1.9989959143674472e-5	-0.28889925689421325	TRUE	1016	43	5.668093794597747
ENSG00000007376	HAGHL_TSS_1_AND_HAGHL_TSS_2	746	66788	TRUE	7.852814134396173e-5	-0.42224927296550774	TRUE	1016	43	2.134722960092503
ENSG00000103266	HAGHL_TSS_1_AND_HAGHL_TSS_2	810	72132	TRUE	1.4952658573172102e-4	-0.3700795430587491	TRUE	1016	43	2.2476744064918694
ENSG00000162039	HAGHL_TSS_1_AND_HAGHL_TSS_2	703	63708	TRUE	2.2415138915716365e-4	-0.37233571522143705	TRUE	1016	43	1.6831567653155828
ENSG00000188536	HAGHL_TSS_1_AND_HAGHL_TSS_2	1016	92268	TRUE	2.8447294233436594e-4	-0.09926046790312704	TRUE	1016	43	358.34205235580276
ENSG00000103254	HAGHL_TSS_1_AND_HAGHL_TSS_2	513	45210	TRUE	8e-4	-0.5656173680374319	TRUE	1016	43	1.5716845318082857
ENSG00000174109	HAGHL_TSS_1_AND_HAGHL_TSS_2	789	70288	TRUE	0.001577030229765193	-0.3361885762174581	TRUE	1016	43	2.0785232871860577
ENSG00000074071	HAGHL_TSS_1_AND_HAGHL_TSS_2	963	87765	TRUE	0.0016769683128999742	-0.3216753090689646	TRUE	1016	43	8.00711480567101
ENSG00000206053	HAGHL_TSS_1_AND_HAGHL_TSS_2	536	46680	TRUE	0.0019262555217104474	-0.2580991750467896	TRUE	1016	43	0.8066502078189943
ENSG00000065054	HAGHL_TSS_1_AND_HAGHL_TSS_2	553	46300	TRUE	0.001976685138475584	-0.37653569737980674	TRUE	1016	43	0.8916736981364001
ENSG00000131653	HAGHL_TSS_1_AND_HAGHL_TSS_2	624	55162	TRUE	0.0022860211313359136	-0.3070648627318163	TRUE	1016	43	1.124816400512516
ENSG00000065057	HAGHL_TSS_1_AND_HAGHL_TSS_2	892	80340	TRUE	0.0023869329862912826	-0.3055631343863636	TRUE	1016	43	3.6725939352271424
ENSG00000095906	HAGHL_TSS_1_AND_HAGHL_TSS_2	748	67306	TRUE	0.002427037562083248	-0.3391136118671947	TRUE	1016	43	1.7336062585289123
ENSG00000103260	HAGHL_TSS_1_AND_HAGHL_TSS_2	273	23418	TRUE	0.004084958527583921	-0.42315387865005794	TRUE	1016	43	0.34295863412398303
ENSG00000127561	HAGHL_TSS_1_AND_HAGHL_TSS_2	657	58124	TRUE	0.032	-0.2870335659251487	TRUE	1016	43	1.3043220100628146
ENSG00000103253	HAGHL_TSS_1_AND_HAGHL_TSS_2	202	26107	TRUE	0.072	-0.3511463591663353	TRUE	1016	43	0.4842859672698105
ENSG00000103024	HAGHL_TSS_1_AND_HAGHL_TSS_2	282	22876	TRUE	0.096	-0.21429358407452326	TRUE	1016	43	0.3398231194724835
ENSG00000007520	HAGHL_TSS_1_AND_HAGHL_TSS_2	919	83609	TRUE	0.2	-0.18874074321485712	FALSE	1016	43	3.5910288863193642
ENSG00000086504	HAGHL_TSS_1_AND_HAGHL_TSS_2	1008	91807	TRUE	2.07185874944621e-14	-0.453776133410261	TRUE	1016	44	12.96360302926133
ENSG00000140990	HAGHL_TSS_1_AND_HAGHL_TSS_2	1012	91874	TRUE	1.2411124423021162e-12	-0.460462622569743	TRUE	1016	44	18.28205048074419
ENSG00000103275	HAGHL_TSS_1_AND_HAGHL_TSS_2	997	89376	TRUE	1.4109376677286405e-12	-0.5077343946437973	TRUE	1016	44	8.007781493171661
ENSG00000174109	HAGHL_TSS_1_AND_HAGHL_TSS_2	789	70288	TRUE	1.5769010438713036e-10	-0.5133162638181241	TRUE	1016	44	2.0785232871860577
ENSG00000162039	HAGHL_TSS_1_AND_HAGHL_TSS_2	703	63708	TRUE	1.649050432034197e-10	-0.5226037572957394	TRUE	1016	44	1.6831567653155828
ENSG00000007376	HAGHL_TSS_1_AND_HAGHL_TSS_2	746	66788	TRUE	5.959343777880364e-9	-0.5549433869142089	TRUE	1016	44	2.134722960092503
ENSG00000103266	HAGHL_TSS_1_AND_HAGHL_TSS_2	810	72132	TRUE	8.86509727089379e-9	-0.46602362915425766	TRUE	1016	44	2.2476744064918694
ENSG00000206053	HAGHL_TSS_1_AND_HAGHL_TSS_2	536	46680	TRUE	1.4586463744843036e-8	-0.43760017873043355	TRUE	1016	44	0.8066502078189943
ENSG00000074071	HAGHL_TSS_1_AND_HAGHL_TSS_2	963	87765	TRUE	2.030437341402221e-8	-0.4402324251102181	TRUE	1016	44	8.00711480567101
ENSG00000103202	HAGHL_TSS_1_AND_HAGHL_TSS_2	919	82545	TRUE	2.624618390938832e-8	-0.3656724357017347	TRUE	1016	44	3.9204245966019773
ENSG00000095906	HAGHL_TSS_1_AND_HAGHL_TSS_2	748	67306	TRUE	1.746980918279376e-7	-0.4551665748713644	TRUE	1016	44	1.7336062585289123
ENSG00000188536	HAGHL_TSS_1_AND_HAGHL_TSS_2	1016	92268	TRUE	6.591786648633621e-7	-0.13248786322750483	TRUE	1016	44	358.34205235580276
ENSG00000198736	HAGHL_TSS_1_AND_HAGHL_TSS_2	701	60819	TRUE	1.0868292801761818e-6	-0.4167678382790697	TRUE	1016	44	1.5289644468056294
ENSG00000167969	HAGHL_TSS_1_AND_HAGHL_TSS_2	984	89319	TRUE	1.1577780699848546e-6	-0.2859923547604537	TRUE	1016	44	5.668093794597747
ENSG00000086506	HAGHL_TSS_1_AND_HAGHL_TSS_2	954	86712	TRUE	9.448772774520164e-6	-0.299777046122085	TRUE	1016	44	10.380022292363304
ENSG00000127561	HAGHL_TSS_1_AND_HAGHL_TSS_2	657	58124	TRUE	6.920283282875581e-5	-0.39414485479485273	TRUE	1016	44	1.3043220100628146
ENSG00000131653	HAGHL_TSS_1_AND_HAGHL_TSS_2	624	55162	TRUE	7.745074734012963e-5	-0.36244161976818967	TRUE	1016	44	1.124816400512516
ENSG00000065057	HAGHL_TSS_1_AND_HAGHL_TSS_2	892	80340	TRUE	3.089853012813821e-4	-0.33317536559422356	TRUE	1016	44	3.6725939352271424
ENSG00000007520	HAGHL_TSS_1_AND_HAGHL_TSS_2	919	83609	TRUE	3.17910301930336e-4	-0.2839954194378955	TRUE	1016	44	3.5910288863193642
ENSG00000103260	HAGHL_TSS_1_AND_HAGHL_TSS_2	273	23418	TRUE	4.362212872904697e-4	-0.4840828772923895	TRUE	1016	44	0.34295863412398303
ENSG00000140983	HAGHL_TSS_1_AND_HAGHL_TSS_2	641	55511	TRUE	5.278373624208656e-4	-0.39474540777203454	TRUE	1016	44	1.1848495265477046
ENSG00000103024	HAGHL_TSS_1_AND_HAGHL_TSS_2	282	22876	TRUE	0.0017204010727211172	-0.39518970333783865	TRUE	1016	44	0.3398231194724835
ENSG00000127554	HAGHL_TSS_1_AND_HAGHL_TSS_2	491	42527	TRUE	0.0017281633392344856	-0.33127152819891986	TRUE	1016	44	0.7540131462441535
ENSG00000063854	HAGHL_TSS_1_AND_HAGHL_TSS_2	543	48820	TRUE	0.032	-0.1814858836973716	TRUE	1016	44	1.0312509765930185
ENSG00000065054	HAGHL_TSS_1_AND_HAGHL_TSS_2	553	46300	TRUE	0.044	-0.2920985950027759	TRUE	1016	44	0.8916736981364001
ENSG00000103254	HAGHL_TSS_1_AND_HAGHL_TSS_2	513	45210	TRUE	0.124	-0.42418947589452516	FALSE	1016	44	1.5716845318082857
ENSG00000103253	HAGHL_TSS_1_AND_HAGHL_TSS_2	202	26107	TRUE	0.304	-0.30223675868538913	FALSE	1016	44	0.4842859672698105
ENSG00000086504	HAGHL_TSS_1_AND_HAGHL_TSS_2	1008	91807	TRUE	3.753754692653175e-12	-0.4256066335699056	TRUE	1016	45	12.96360302926133
ENSG00000167969	HAGHL_TSS_1_AND_HAGHL_TSS_2	984	89319	TRUE	4.7224718500472203e-11	-0.37307409956199455	TRUE	1016	45	5.668093794597747
ENSG00000162039	HAGHL_TSS_1_AND_HAGHL_TSS_2	703	63708	TRUE	6.81746005311225e-10	-0.5042252279808849	TRUE	1016	45	1.6831567653155828
ENSG00000065054	HAGHL_TSS_1_AND_HAGHL_TSS_2	553	46300	TRUE	4.930679678873779e-9	-0.5731387888908858	TRUE	1016	45	0.8916736981364001
ENSG00000103275	HAGHL_TSS_1_AND_HAGHL_TSS_2	997	89376	TRUE	2.1876992907648453e-8	-0.4572237510286965	TRUE	1016	45	8.007781493171661
ENSG00000074071	HAGHL_TSS_1_AND_HAGHL_TSS_2	963	87765	TRUE	3.49718646832228e-8	-0.4554916125808939	TRUE	1016	45	8.00711480567101
ENSG00000007376	HAGHL_TSS_1_AND_HAGHL_TSS_2	746	66788	TRUE	3.969684103902947e-8	-0.5661054932015088	TRUE	1016	45	2.134722960092503
ENSG00000065057	HAGHL_TSS_1_AND_HAGHL_TSS_2	892	80340	TRUE	2.273763687080056e-7	-0.40509880793727815	TRUE	1016	45	3.6725939352271424
ENSG00000174109	HAGHL_TSS_1_AND_HAGHL_TSS_2	789	70288	TRUE	2.545262468010326e-7	-0.45063976767786273	TRUE	1016	45	2.0785232871860577
ENSG00000103202	HAGHL_TSS_1_AND_HAGHL_TSS_2	919	82545	TRUE	6.98127518857018e-7	-0.36204187061270443	TRUE	1016	45	3.9204245966019773
ENSG00000095906	HAGHL_TSS_1_AND_HAGHL_TSS_2	748	67306	TRUE	7.486909101414363e-7	-0.4498291842446352	TRUE	1016	45	1.7336062585289123
ENSG00000198736	HAGHL_TSS_1_AND_HAGHL_TSS_2	701	60819	TRUE	1.3593357092190348e-6	-0.4026582388636339	TRUE	1016	45	1.5289644468056294
ENSG00000140983	HAGHL_TSS_1_AND_HAGHL_TSS_2	641	55511	TRUE	1.470297885068647e-6	-0.48956077804901843	TRUE	1016	45	1.1848495265477046
ENSG00000127554	HAGHL_TSS_1_AND_HAGHL_TSS_2	491	42527	TRUE	1.757480980285958e-6	-0.49376141485728303	TRUE	1016	45	0.7540131462441535
ENSG00000007520	HAGHL_TSS_1_AND_HAGHL_TSS_2	919	83609	TRUE	2.1232790004224167e-6	-0.36113308257799526	TRUE	1016	45	3.5910288863193642
ENSG00000140990	HAGHL_TSS_1_AND_HAGHL_TSS_2	1012	91874	TRUE	3.1439448235278398e-6	-0.36674818774754936	TRUE	1016	45	18.28205048074419
ENSG00000131653	HAGHL_TSS_1_AND_HAGHL_TSS_2	624	55162	TRUE	5.829177596742272e-6	-0.4021877985609461	TRUE	1016	45	1.124816400512516
ENSG00000063854	HAGHL_TSS_1_AND_HAGHL_TSS_2	543	48820	TRUE	1.5079488295952428e-5	-0.3105735326359608	TRUE	1016	45	1.0312509765930185
ENSG00000103266	HAGHL_TSS_1_AND_HAGHL_TSS_2	810	72132	TRUE	2.1592428692022655e-5	-0.3906785042386157	TRUE	1016	45	2.2476744064918694
ENSG00000127561	HAGHL_TSS_1_AND_HAGHL_TSS_2	657	58124	TRUE	5.5665258840869626e-5	-0.39551819620354617	TRUE	1016	45	1.3043220100628146
ENSG00000086506	HAGHL_TSS_1_AND_HAGHL_TSS_2	954	86712	TRUE	4.2541517613810254e-4	-0.2567369852424055	TRUE	1016	45	10.380022292363304
ENSG00000103260	HAGHL_TSS_1_AND_HAGHL_TSS_2	273	23418	TRUE	4.6945812212674694e-4	-0.4954427394569372	TRUE	1016	45	0.34295863412398303
ENSG00000103254	HAGHL_TSS_1_AND_HAGHL_TSS_2	513	45210	TRUE	0.0013386334759647894	-0.5535107651807784	TRUE	1016	45	1.5716845318082857
ENSG00000206053	HAGHL_TSS_1_AND_HAGHL_TSS_2	536	46680	TRUE	0.0013751833765337299	-0.28241483559866054	TRUE	1016	45	0.8066502078189943
ENSG00000188536	HAGHL_TSS_1_AND_HAGHL_TSS_2	1016	92268	TRUE	0.010028134794718174	-0.06016394986083817	TRUE	1016	45	358.34205235580276
ENSG00000103253	HAGHL_TSS_1_AND_HAGHL_TSS_2	202	26107	TRUE	0.013645737260535112	-0.4297868084059	TRUE	1016	45	0.4842859672698105
ENSG00000103024	HAGHL_TSS_1_AND_HAGHL_TSS_2	282	22876	TRUE	0.076	-0.2737945958231849	TRUE	1016	45	0.3398231194724835
ENSG00000086504	HAGHL_TSS_1_AND_HAGHL_TSS_2	1008	91807	TRUE	2.1786970855705657e-11	-0.42131062671962516	TRUE	1016	46	12.96360302926133
ENSG00000103266	HAGHL_TSS_1_AND_HAGHL_TSS_2	810	72132	TRUE	1.3641903339446577e-10	-0.49747095171677325	TRUE	1016	46	2.2476744064918694
ENSG00000140990	HAGHL_TSS_1_AND_HAGHL_TSS_2	1012	91874	TRUE	3.217583178048197e-10	-0.4450531832473388	TRUE	1016	46	18.28205048074419
ENSG00000074071	HAGHL_TSS_1_AND_HAGHL_TSS_2	963	87765	TRUE	6.916670168722613e-10	-0.481857298917328	TRUE	1016	46	8.00711480567101
ENSG00000103275	HAGHL_TSS_1_AND_HAGHL_TSS_2	997	89376	TRUE	1.0883964041655421e-8	-0.45100373882240197	TRUE	1016	46	8.007781493171661
ENSG00000174109	HAGHL_TSS_1_AND_HAGHL_TSS_2	789	70288	TRUE	1.1315984501631296e-8	-0.49120556221237566	TRUE	1016	46	2.0785232871860577
ENSG00000198736	HAGHL_TSS_1_AND_HAGHL_TSS_2	701	60819	TRUE	6.13143759744698e-8	-0.4405948875608391	TRUE	1016	46	1.5289644468056294
ENSG00000140983	HAGHL_TSS_1_AND_HAGHL_TSS_2	641	55511	TRUE	9.020116839191918e-8	-0.5204130576467613	TRUE	1016	46	1.1848495265477046
ENSG00000103202	HAGHL_TSS_1_AND_HAGHL_TSS_2	919	82545	TRUE	1.9022773283310165e-7	-0.3661268994134437	TRUE	1016	46	3.9204245966019773
ENSG00000206053	HAGHL_TSS_1_AND_HAGHL_TSS_2	536	46680	TRUE	4.259661329906366e-7	-0.39279238337175837	TRUE	1016	46	0.8066502078189943
ENSG00000063854	HAGHL_TSS_1_AND_HAGHL_TSS_2	543	48820	TRUE	5.318182464600211e-7	-0.37346123859135116	TRUE	1016	46	1.0312509765930185
ENSG00000065057	HAGHL_TSS_1_AND_HAGHL_TSS_2	892	80340	TRUE	1.0297881913202012e-6	-0.366547548455034	TRUE	1016	46	3.6725939352271424
ENSG00000007520	HAGHL_TSS_1_AND_HAGHL_TSS_2	919	83609	TRUE	1.35997823036337e-6	-0.35102238013853393	TRUE	1016	46	3.5910288863193642
ENSG00000167969	HAGHL_TSS_1_AND_HAGHL_TSS_2	984	89319	TRUE	6.610099904454277e-6	-0.2741349167230336	TRUE	1016	46	5.668093794597747
ENSG00000127561	HAGHL_TSS_1_AND_HAGHL_TSS_2	657	58124	TRUE	1.6920389944417163e-5	-0.4162767563703435	TRUE	1016	46	1.3043220100628146
ENSG00000007376	HAGHL_TSS_1_AND_HAGHL_TSS_2	746	66788	TRUE	2.0329471468980963e-5	-0.4660096584939206	TRUE	1016	46	2.134722960092503
ENSG00000086506	HAGHL_TSS_1_AND_HAGHL_TSS_2	954	86712	TRUE	4.3661545520681105e-5	-0.2589455948123467	TRUE	1016	46	10.380022292363304
ENSG00000095906	HAGHL_TSS_1_AND_HAGHL_TSS_2	748	67306	TRUE	4.69941463204362e-5	-0.3801503685768518	TRUE	1016	46	1.7336062585289123
ENSG00000188536	HAGHL_TSS_1_AND_HAGHL_TSS_2	1016	92268	TRUE	4.823395556524494e-5	-0.07445978241800155	TRUE	1016	46	358.34205235580276
ENSG00000162039	HAGHL_TSS_1_AND_HAGHL_TSS_2	703	63708	TRUE	2.036457172743325e-4	-0.37650837189993686	TRUE	1016	46	1.6831567653155828
ENSG00000065054	HAGHL_TSS_1_AND_HAGHL_TSS_2	553	46300	TRUE	5.463668808125509e-4	-0.37258851286314354	TRUE	1016	46	0.8916736981364001
ENSG00000127554	HAGHL_TSS_1_AND_HAGHL_TSS_2	491	42527	TRUE	5.590363919798502e-4	-0.3755223026279603	TRUE	1016	46	0.7540131462441535
ENSG00000131653	HAGHL_TSS_1_AND_HAGHL_TSS_2	624	55162	TRUE	7.574087388043664e-4	-0.33910911593756576	TRUE	1016	46	1.124816400512516
ENSG00000103260	HAGHL_TSS_1_AND_HAGHL_TSS_2	273	23418	TRUE	0.0017552765690707905	-0.4728117649573693	TRUE	1016	46	0.34295863412398303
ENSG00000103254	HAGHL_TSS_1_AND_HAGHL_TSS_2	513	45210	TRUE	0.018	-0.4765661802203037	TRUE	1016	46	1.5716845318082857
ENSG00000103253	HAGHL_TSS_1_AND_HAGHL_TSS_2	202	26107	TRUE	0.2	-0.33971146410405195	FALSE	1016	46	0.4842859672698105
ENSG00000103024	HAGHL_TSS_1_AND_HAGHL_TSS_2	282	22876	TRUE	0.256	-0.19979401437940814	FALSE	1016	46	0.3398231194724835
ENSG00000074071	HAGHL_TSS_1_AND_HAGHL_TSS_2	963	87765	TRUE	1.3387743738618508e-14	-0.550087861841011	TRUE	1016	47	8.00711480567101
ENSG00000086504	HAGHL_TSS_1_AND_HAGHL_TSS_2	1008	91807	TRUE	3.0488848305671487e-12	-0.4332602061133408	TRUE	1016	47	12.96360302926133
ENSG00000103275	HAGHL_TSS_1_AND_HAGHL_TSS_2	997	89376	TRUE	6.2864606179315605e-12	-0.48991285071025414	TRUE	1016	47	8.007781493171661
ENSG00000103202	HAGHL_TSS_1_AND_HAGHL_TSS_2	919	82545	TRUE	2.380811662390911e-11	-0.44698570865033727	TRUE	1016	47	3.9204245966019773
ENSG00000167969	HAGHL_TSS_1_AND_HAGHL_TSS_2	984	89319	TRUE	6.277828970885982e-11	-0.3706084804343863	TRUE	1016	47	5.668093794597747
ENSG00000174109	HAGHL_TSS_1_AND_HAGHL_TSS_2	789	70288	TRUE	1.050696078940251e-9	-0.49395093895119313	TRUE	1016	47	2.0785232871860577
ENSG00000162039	HAGHL_TSS_1_AND_HAGHL_TSS_2	703	63708	TRUE	1.7221261732846513e-9	-0.5156843433559488	TRUE	1016	47	1.6831567653155828
ENSG00000140990	HAGHL_TSS_1_AND_HAGHL_TSS_2	1012	91874	TRUE	4.166806456260198e-9	-0.41304184002148414	TRUE	1016	47	18.28205048074419
ENSG00000065057	HAGHL_TSS_1_AND_HAGHL_TSS_2	892	80340	TRUE	1.3300602601080632e-8	-0.4422008451386328	TRUE	1016	47	3.6725939352271424
ENSG00000063854	HAGHL_TSS_1_AND_HAGHL_TSS_2	543	48820	TRUE	2.648667158334714e-7	-0.35571568840139706	TRUE	1016	47	1.0312509765930185
ENSG00000007520	HAGHL_TSS_1_AND_HAGHL_TSS_2	919	83609	TRUE	4.3659772275316325e-7	-0.3553468647646769	TRUE	1016	47	3.5910288863193642
ENSG00000127554	HAGHL_TSS_1_AND_HAGHL_TSS_2	491	42527	TRUE	1.3228962567698823e-6	-0.5066542177381772	TRUE	1016	47	0.7540131462441535
ENSG00000086506	HAGHL_TSS_1_AND_HAGHL_TSS_2	954	86712	TRUE	3.994071834369619e-6	-0.2727468401529367	TRUE	1016	47	10.380022292363304
ENSG00000198736	HAGHL_TSS_1_AND_HAGHL_TSS_2	701	60819	TRUE	6.446424499917435e-6	-0.3736991163871838	TRUE	1016	47	1.5289644468056294
ENSG00000007376	HAGHL_TSS_1_AND_HAGHL_TSS_2	746	66788	TRUE	8.42727204524254e-6	-0.4844216956078009	TRUE	1016	47	2.134722960092503
ENSG00000127561	HAGHL_TSS_1_AND_HAGHL_TSS_2	657	58124	TRUE	9.016063529045885e-6	-0.4162767563703435	TRUE	1016	47	1.3043220100628146
ENSG00000065054	HAGHL_TSS_1_AND_HAGHL_TSS_2	553	46300	TRUE	3.234912331520357e-5	-0.4515768090099723	TRUE	1016	47	0.8916736981364001
ENSG00000140983	HAGHL_TSS_1_AND_HAGHL_TSS_2	641	55511	TRUE	8.216472731639377e-5	-0.43439914193840656	TRUE	1016	47	1.1848495265477046
ENSG00000131653	HAGHL_TSS_1_AND_HAGHL_TSS_2	624	55162	TRUE	1.3608922438494535e-4	-0.3546221153088903	TRUE	1016	47	1.124816400512516
ENSG00000206053	HAGHL_TSS_1_AND_HAGHL_TSS_2	536	46680	TRUE	3.2336216693967454e-4	-0.29061198856528014	TRUE	1016	47	0.8066502078189943
ENSG00000188536	HAGHL_TSS_1_AND_HAGHL_TSS_2	1016	92268	TRUE	6.724900702029524e-4	-0.06591340054930761	TRUE	1016	47	358.34205235580276
ENSG00000103266	HAGHL_TSS_1_AND_HAGHL_TSS_2	810	72132	TRUE	7.042657074088771e-4	-0.3312742170410201	TRUE	1016	47	2.2476744064918694
ENSG00000103254	HAGHL_TSS_1_AND_HAGHL_TSS_2	513	45210	TRUE	0.0034597358651614896	-0.525650960719787	TRUE	1016	47	1.5716845318082857
ENSG00000095906	HAGHL_TSS_1_AND_HAGHL_TSS_2	748	67306	TRUE	0.004405226957351287	-0.3234106536734811	TRUE	1016	47	1.7336062585289123
ENSG00000103024	HAGHL_TSS_1_AND_HAGHL_TSS_2	282	22876	TRUE	0.008009699903150272	-0.34646366352141733	TRUE	1016	47	0.3398231194724835
ENSG00000103253	HAGHL_TSS_1_AND_HAGHL_TSS_2	202	26107	TRUE	0.232	-0.3208524368527361	FALSE	1016	47	0.4842859672698105
ENSG00000103260	HAGHL_TSS_1_AND_HAGHL_TSS_2	273	23418	TRUE	0.384	-0.21634146878106808	FALSE	1016	47	0.34295863412398303
ENSG00000140990	HAGHL_TSS_1_AND_HAGHL_TSS_2	1012	91874	TRUE	5.972124574893671e-12	-0.44747533708535814	TRUE	1016	48	18.28205048074419
ENSG00000086504	HAGHL_TSS_1_AND_HAGHL_TSS_2	1008	91807	TRUE	1.6702008986591474e-11	-0.418683899361167	TRUE	1016	48	12.96360302926133
ENSG00000103202	HAGHL_TSS_1_AND_HAGHL_TSS_2	919	82545	TRUE	1.0089539611336264e-9	-0.42031247536165517	TRUE	1016	48	3.9204245966019773
ENSG00000103275	HAGHL_TSS_1_AND_HAGHL_TSS_2	997	89376	TRUE	7.056775823538701e-9	-0.4558392067373176	TRUE	1016	48	8.007781493171661
ENSG00000198736	HAGHL_TSS_1_AND_HAGHL_TSS_2	701	60819	TRUE	2.115061074006464e-8	-0.46360100308894064	TRUE	1016	48	1.5289644468056294
ENSG00000162039	HAGHL_TSS_1_AND_HAGHL_TSS_2	703	63708	TRUE	3.133888088928764e-8	-0.4962576611530289	TRUE	1016	48	1.6831567653155828
ENSG00000188536	HAGHL_TSS_1_AND_HAGHL_TSS_2	1016	92268	TRUE	8.540092034860659e-8	-0.18373671914969059	TRUE	1016	48	358.34205235580276
ENSG00000074071	HAGHL_TSS_1_AND_HAGHL_TSS_2	963	87765	TRUE	9.824894950295098e-8	-0.4253676623892604	TRUE	1016	48	8.00711480567101
ENSG00000007376	HAGHL_TSS_1_AND_HAGHL_TSS_2	746	66788	TRUE	3.544176697815632e-7	-0.508444924814317	TRUE	1016	48	2.134722960092503
ENSG00000086506	HAGHL_TSS_1_AND_HAGHL_TSS_2	954	86712	TRUE	7.597980541165219e-7	-0.3364570124067079	TRUE	1016	48	10.380022292363304
ENSG00000007520	HAGHL_TSS_1_AND_HAGHL_TSS_2	919	83609	TRUE	2.284665688395053e-6	-0.3400294543522233	TRUE	1016	48	3.5910288863193642
ENSG00000174109	HAGHL_TSS_1_AND_HAGHL_TSS_2	789	70288	TRUE	9.649314432261832e-6	-0.4094546648644197	TRUE	1016	48	2.0785232871860577
ENSG00000140983	HAGHL_TSS_1_AND_HAGHL_TSS_2	641	55511	TRUE	1.2655091047252508e-5	-0.4483833713741077	TRUE	1016	48	1.1848495265477046
ENSG00000103266	HAGHL_TSS_1_AND_HAGHL_TSS_2	810	72132	TRUE	2.240623359185223e-5	-0.38430897936288844	TRUE	1016	48	2.2476744064918694
ENSG00000131653	HAGHL_TSS_1_AND_HAGHL_TSS_2	624	55162	TRUE	4.2336177922291506e-5	-0.3877527082973772	TRUE	1016	48	1.124816400512516
ENSG00000167969	HAGHL_TSS_1_AND_HAGHL_TSS_2	984	89319	TRUE	6.549548564188461e-5	-0.2583801235525942	TRUE	1016	48	5.668093794597747
ENSG00000206053	HAGHL_TSS_1_AND_HAGHL_TSS_2	536	46680	TRUE	9.951679891023572e-5	-0.32808669398394286	TRUE	1016	48	0.8066502078189943
ENSG00000065057	HAGHL_TSS_1_AND_HAGHL_TSS_2	892	80340	TRUE	1.500237009949227e-4	-0.3202238643310136	TRUE	1016	48	3.6725939352271424
ENSG00000127561	HAGHL_TSS_1_AND_HAGHL_TSS_2	657	58124	TRUE	4.135064563628799e-4	-0.3750540936438306	TRUE	1016	48	1.3043220100628146
ENSG00000103253	HAGHL_TSS_1_AND_HAGHL_TSS_2	202	26107	TRUE	5.732048631662302e-4	-0.5608389182039222	TRUE	1016	48	0.4842859672698105
ENSG00000103260	HAGHL_TSS_1_AND_HAGHL_TSS_2	273	23418	TRUE	0.0012984865820084707	-0.47843631415124754	TRUE	1016	48	0.34295863412398303
ENSG00000063854	HAGHL_TSS_1_AND_HAGHL_TSS_2	543	48820	TRUE	0.0018076615451332045	-0.1956223662850763	TRUE	1016	48	1.0312509765930185
ENSG00000095906	HAGHL_TSS_1_AND_HAGHL_TSS_2	748	67306	TRUE	0.0023230872177937246	-0.3224348707205642	TRUE	1016	48	1.7336062585289123
ENSG00000103024	HAGHL_TSS_1_AND_HAGHL_TSS_2	282	22876	TRUE	0.0037633900578262006	-0.37876415542472763	TRUE	1016	48	0.3398231194724835
ENSG00000127554	HAGHL_TSS_1_AND_HAGHL_TSS_2	491	42527	TRUE	0.02616311331443509	-0.2838918271623923	TRUE	1016	48	0.7540131462441535
ENSG00000065054	HAGHL_TSS_1_AND_HAGHL_TSS_2	553	46300	TRUE	0.04	-0.307087769222229	TRUE	1016	48	0.8916736981364001
ENSG00000103254	HAGHL_TSS_1_AND_HAGHL_TSS_2	513	45210	TRUE	0.092	-0.41320908008307916	TRUE	1016	48	1.5716845318082857
ENSG00000103275	HAGHL_TSS_1_AND_HAGHL_TSS_2	997	89376	TRUE	2.2633828860983726e-11	-0.5084518559304723	TRUE	1016	49	8.007781493171661
ENSG00000167969	HAGHL_TSS_1_AND_HAGHL_TSS_2	984	89319	TRUE	2.7428686965626903e-10	-0.34557590291126017	TRUE	1016	49	5.668093794597747
ENSG00000103202	HAGHL_TSS_1_AND_HAGHL_TSS_2	919	82545	TRUE	5.270813887251426e-10	-0.42031247536165517	TRUE	1016	49	3.9204245966019773
ENSG00000007520	HAGHL_TSS_1_AND_HAGHL_TSS_2	919	83609	TRUE	1.0063255577674274e-9	-0.4042896531556073	TRUE	1016	49	3.5910288863193642
ENSG00000140983	HAGHL_TSS_1_AND_HAGHL_TSS_2	641	55511	TRUE	5.480910527517282e-9	-0.5452449106266968	TRUE	1016	49	1.1848495265477046
ENSG00000162039	HAGHL_TSS_1_AND_HAGHL_TSS_2	703	63708	TRUE	2.7266243517946442e-8	-0.4670432119062884	TRUE	1016	49	1.6831567653155828
ENSG00000086504	HAGHL_TSS_1_AND_HAGHL_TSS_2	1008	91807	TRUE	4.399087033334732e-8	-0.3616754396443138	TRUE	1016	49	12.96360302926133
ENSG00000074071	HAGHL_TSS_1_AND_HAGHL_TSS_2	963	87765	TRUE	5.539602954018788e-8	-0.43762592929573696	TRUE	1016	49	8.00711480567101
ENSG00000188536	HAGHL_TSS_1_AND_HAGHL_TSS_2	1016	92268	TRUE	1.1681548574521243e-6	-0.1230871005468881	TRUE	1016	49	358.34205235580276
ENSG00000065054	HAGHL_TSS_1_AND_HAGHL_TSS_2	553	46300	TRUE	1.1892862891717905e-6	-0.4981193949470024	TRUE	1016	49	0.8916736981364001
ENSG00000065057	HAGHL_TSS_1_AND_HAGHL_TSS_2	892	80340	TRUE	4.2831511363734896e-6	-0.37274244997412653	TRUE	1016	49	3.6725939352271424
ENSG00000007376	HAGHL_TSS_1_AND_HAGHL_TSS_2	746	66788	TRUE	6.385173033335084e-6	-0.47913709247953307	TRUE	1016	49	2.134722960092503
ENSG00000140990	HAGHL_TSS_1_AND_HAGHL_TSS_2	1012	91874	TRUE	7.763044548842087e-6	-0.3548584299881976	TRUE	1016	49	18.28205048074419
ENSG00000206053	HAGHL_TSS_1_AND_HAGHL_TSS_2	536	46680	TRUE	1.0613969788942973e-5	-0.3429271852948439	TRUE	1016	49	0.8066502078189943
ENSG00000127561	HAGHL_TSS_1_AND_HAGHL_TSS_2	657	58124	TRUE	6.482876058045561e-5	-0.39140208773131424	TRUE	1016	49	1.3043220100628146
ENSG00000174109	HAGHL_TSS_1_AND_HAGHL_TSS_2	789	70288	TRUE	1.3076542245772389e-4	-0.3719356581133344	TRUE	1016	49	2.0785232871860577
ENSG00000086506	HAGHL_TSS_1_AND_HAGHL_TSS_2	954	86712	TRUE	1.4378380139299513e-4	-0.21081507262363797	TRUE	1016	49	10.380022292363304
ENSG00000103266	HAGHL_TSS_1_AND_HAGHL_TSS_2	810	72132	TRUE	8.734101804901073e-4	-0.34589755151120327	TRUE	1016	49	2.2476744064918694
ENSG00000095906	HAGHL_TSS_1_AND_HAGHL_TSS_2	748	67306	TRUE	0.0014381654649661037	-0.3322225272633521	TRUE	1016	49	1.7336062585289123
ENSG00000131653	HAGHL_TSS_1_AND_HAGHL_TSS_2	624	55162	TRUE	0.0026408605204402344	-0.31159926680262295	TRUE	1016	49	1.124816400512516
ENSG00000103254	HAGHL_TSS_1_AND_HAGHL_TSS_2	513	45210	TRUE	0.0028	-0.530916276932429	TRUE	1016	49	1.5716845318082857
ENSG00000063854	HAGHL_TSS_1_AND_HAGHL_TSS_2	543	48820	TRUE	0.0028926166958837193	-0.19720167135892394	TRUE	1016	49	1.0312509765930185
ENSG00000127554	HAGHL_TSS_1_AND_HAGHL_TSS_2	491	42527	TRUE	0.004865346915739768	-0.34509938205420715	TRUE	1016	49	0.7540131462441535
ENSG00000198736	HAGHL_TSS_1_AND_HAGHL_TSS_2	701	60819	TRUE	0.009901044828619324	-0.2622855824990817	TRUE	1016	49	1.5289644468056294
ENSG00000103253	HAGHL_TSS_1_AND_HAGHL_TSS_2	202	26107	TRUE	0.172	-0.3133773162905895	FALSE	1016	49	0.4842859672698105
ENSG00000103260	HAGHL_TSS_1_AND_HAGHL_TSS_2	273	23418	TRUE	0.188	-0.2641171933504818	FALSE	1016	49	0.34295863412398303
ENSG00000103024	HAGHL_TSS_1_AND_HAGHL_TSS_2	282	22876	TRUE	0.284	-0.19020796555021002	FALSE	1016	49	0.3398231194724835
ENSG00000140990	HAGHL_TSS_1_AND_HAGHL_TSS_2	1012	91874	TRUE	1.0697772389003826e-10	-0.43781102602273325	TRUE	1016	50	18.28205048074419
ENSG00000103202	HAGHL_TSS_1_AND_HAGHL_TSS_2	919	82545	TRUE	6.834048659076266e-9	-0.4010918834590569	TRUE	1016	50	3.9204245966019773
ENSG00000007520	HAGHL_TSS_1_AND_HAGHL_TSS_2	919	83609	TRUE	1.175622519672802e-8	-0.38647837703914667	TRUE	1016	50	3.5910288863193642
ENSG00000167969	HAGHL_TSS_1_AND_HAGHL_TSS_2	984	89319	TRUE	3.581894647069499e-8	-0.3218631235295888	TRUE	1016	50	5.668093794597747
ENSG00000103275	HAGHL_TSS_1_AND_HAGHL_TSS_2	997	89376	TRUE	4.001778745869362e-8	-0.4450393367729597	TRUE	1016	50	8.007781493171661
ENSG00000162039	HAGHL_TSS_1_AND_HAGHL_TSS_2	703	63708	TRUE	1.9068564690606898e-7	-0.45485915065990534	TRUE	1016	50	1.6831567653155828
ENSG00000065057	HAGHL_TSS_1_AND_HAGHL_TSS_2	892	80340	TRUE	9.571215239941532e-7	-0.3756106319146204	TRUE	1016	50	3.6725939352271424
ENSG00000074071	HAGHL_TSS_1_AND_HAGHL_TSS_2	963	87765	TRUE	2.0549750818567606e-6	-0.40763703444784083	TRUE	1016	50	8.00711480567101
ENSG00000007376	HAGHL_TSS_1_AND_HAGHL_TSS_2	746	66788	TRUE	2.092374630482648e-6	-0.4888403668748058	TRUE	1016	50	2.134722960092503
ENSG00000131653	HAGHL_TSS_1_AND_HAGHL_TSS_2	624	55162	TRUE	1.9696226894238026e-5	-0.38934949323170664	TRUE	1016	50	1.124816400512516
ENSG00000140983	HAGHL_TSS_1_AND_HAGHL_TSS_2	641	55511	TRUE	2.0263533931202818e-5	-0.4530750666988297	TRUE	1016	50	1.1848495265477046
ENSG00000127561	HAGHL_TSS_1_AND_HAGHL_TSS_2	657	58124	TRUE	4.3145885708770725e-5	-0.39414485479485273	TRUE	1016	50	1.3043220100628146
ENSG00000086504	HAGHL_TSS_1_AND_HAGHL_TSS_2	1008	91807	TRUE	6.487137301937947e-5	-0.31838414741906407	TRUE	1016	50	12.96360302926133
ENSG00000103266	HAGHL_TSS_1_AND_HAGHL_TSS_2	810	72132	TRUE	1.3155595782023046e-4	-0.3716536785568595	TRUE	1016	50	2.2476744064918694
ENSG00000095906	HAGHL_TSS_1_AND_HAGHL_TSS_2	748	67306	TRUE	1.5090289774555635e-4	-0.36801831355748643	TRUE	1016	50	1.7336062585289123
ENSG00000086506	HAGHL_TSS_1_AND_HAGHL_TSS_2	954	86712	TRUE	1.8051853097822423e-4	-0.24840631578352612	TRUE	1016	50	10.380022292363304
ENSG00000103024	HAGHL_TSS_1_AND_HAGHL_TSS_2	282	22876	TRUE	2.5624438268567404e-4	-0.45706915092451705	TRUE	1016	50	0.3398231194724835
ENSG00000206053	HAGHL_TSS_1_AND_HAGHL_TSS_2	536	46680	TRUE	2.8707627312524664e-4	-0.3259790310219517	TRUE	1016	50	0.8066502078189943
ENSG00000188536	HAGHL_TSS_1_AND_HAGHL_TSS_2	1016	92268	TRUE	3.026261500496258e-4	-0.09954296945058516	TRUE	1016	50	358.34205235580276
ENSG00000174109	HAGHL_TSS_1_AND_HAGHL_TSS_2	789	70288	TRUE	4.3045276609261426e-4	-0.3452492085963941	TRUE	1016	50	2.0785232871860577
ENSG00000065054	HAGHL_TSS_1_AND_HAGHL_TSS_2	553	46300	TRUE	6.951826377450624e-4	-0.4004483173241349	TRUE	1016	50	0.8916736981364001
ENSG00000127554	HAGHL_TSS_1_AND_HAGHL_TSS_2	491	42527	TRUE	9.431016590589203e-4	-0.3731591652594794	TRUE	1016	50	0.7540131462441535
ENSG00000103254	HAGHL_TSS_1_AND_HAGHL_TSS_2	513	45210	TRUE	0.004	-0.5086701983358937	TRUE	1016	50	1.5716845318082857
ENSG00000103253	HAGHL_TSS_1_AND_HAGHL_TSS_2	202	26107	TRUE	0.024	-0.44196152235200237	TRUE	1016	50	0.4842859672698105
ENSG00000198736	HAGHL_TSS_1_AND_HAGHL_TSS_2	701	60819	TRUE	0.032	-0.2183740828356549	TRUE	1016	50	1.5289644468056294
ENSG00000103260	HAGHL_TSS_1_AND_HAGHL_TSS_2	273	23418	TRUE	0.072	-0.3543150023220598	TRUE	1016	50	0.34295863412398303
ENSG00000063854	HAGHL_TSS_1_AND_HAGHL_TSS_2	543	48820	TRUE	0.088	-0.11878338511318431	TRUE	1016	50	1.0312509765930185
ENSG00000086504	HAGHL_TSS_1_AND_HAGHL_TSS_2	1008	91807	TRUE	3.1147652152473174e-15	-0.46271980658700507	TRUE	1016	51	12.96360302926133
ENSG00000065057	HAGHL_TSS_1_AND_HAGHL_TSS_2	892	80340	TRUE	6.019880562398681e-12	-0.48853807283364414	TRUE	1016	51	3.6725939352271424
ENSG00000007520	HAGHL_TSS_1_AND_HAGHL_TSS_2	919	83609	TRUE	1.4680276654189874e-11	-0.4498043124079758	TRUE	1016	51	3.5910288863193642
ENSG00000103266	HAGHL_TSS_1_AND_HAGHL_TSS_2	810	72132	TRUE	1.1130425961425939e-10	-0.5086847812882558	TRUE	1016	51	2.2476744064918694
ENSG00000140990	HAGHL_TSS_1_AND_HAGHL_TSS_2	1012	91874	TRUE	1.4204619429226887e-10	-0.44313852465060277	TRUE	1016	51	18.28205048074419
ENSG00000103202	HAGHL_TSS_1_AND_HAGHL_TSS_2	919	82545	TRUE	2.6952535583283614e-10	-0.4250395275621399	TRUE	1016	51	3.9204245966019773
ENSG00000103275	HAGHL_TSS_1_AND_HAGHL_TSS_2	997	89376	TRUE	8.902891818292734e-10	-0.4674178807727807	TRUE	1016	51	8.007781493171661
ENSG00000162039	HAGHL_TSS_1_AND_HAGHL_TSS_2	703	63708	TRUE	5.486507585127461e-9	-0.5065097811754388	TRUE	1016	51	1.6831567653155828
ENSG00000095906	HAGHL_TSS_1_AND_HAGHL_TSS_2	748	67306	TRUE	2.2709907366477543e-8	-0.47563067743108023	TRUE	1016	51	1.7336062585289123
ENSG00000167969	HAGHL_TSS_1_AND_HAGHL_TSS_2	984	89319	TRUE	3.2080097152288253e-8	-0.3171076349522064	TRUE	1016	51	5.668093794597747
ENSG00000065054	HAGHL_TSS_1_AND_HAGHL_TSS_2	553	46300	TRUE	1.1004827947722875e-7	-0.5528979964532612	TRUE	1016	51	0.8916736981364001
ENSG00000206053	HAGHL_TSS_1_AND_HAGHL_TSS_2	536	46680	TRUE	2.0673388587095576e-7	-0.40831730687733336	TRUE	1016	51	0.8066502078189943
ENSG00000074071	HAGHL_TSS_1_AND_HAGHL_TSS_2	963	87765	TRUE	8.558796514427421e-7	-0.39631990973689346	TRUE	1016	51	8.00711480567101
ENSG00000063854	HAGHL_TSS_1_AND_HAGHL_TSS_2	543	48820	TRUE	1.3434011829842844e-6	-0.35219262183769984	TRUE	1016	51	1.0312509765930185
ENSG00000127561	HAGHL_TSS_1_AND_HAGHL_TSS_2	657	58124	TRUE	5.692586696748759e-6	-0.4246645418630626	TRUE	1016	51	1.3043220100628146
ENSG00000174109	HAGHL_TSS_1_AND_HAGHL_TSS_2	789	70288	TRUE	2.0576827375852307e-5	-0.37699479260534385	TRUE	1016	51	2.0785232871860577
ENSG00000007376	HAGHL_TSS_1_AND_HAGHL_TSS_2	746	66788	TRUE	3.8574878427240656e-5	-0.4443926067570785	TRUE	1016	51	2.134722960092503
ENSG00000198736	HAGHL_TSS_1_AND_HAGHL_TSS_2	701	60819	TRUE	1.6584916761066062e-4	-0.33187894069255686	TRUE	1016	51	1.5289644468056294
ENSG00000140983	HAGHL_TSS_1_AND_HAGHL_TSS_2	641	55511	TRUE	1.8213435676946166e-4	-0.4251510651363908	TRUE	1016	51	1.1848495265477046
ENSG00000103254	HAGHL_TSS_1_AND_HAGHL_TSS_2	513	45210	TRUE	4e-4	-0.6764865889658749	TRUE	1016	51	1.5716845318082857
ENSG00000127554	HAGHL_TSS_1_AND_HAGHL_TSS_2	491	42527	TRUE	4.2276844919106327e-4	-0.3993690445823283	TRUE	1016	51	0.7540131462441535
ENSG00000131653	HAGHL_TSS_1_AND_HAGHL_TSS_2	624	55162	TRUE	0.0021493951381495804	-0.3146301398520014	TRUE	1016	51	1.124816400512516
ENSG00000086506	HAGHL_TSS_1_AND_HAGHL_TSS_2	954	86712	TRUE	0.0044182203820219285	-0.19275743904737785	TRUE	1016	51	10.380022292363304
ENSG00000188536	HAGHL_TSS_1_AND_HAGHL_TSS_2	1016	92268	TRUE	0.028	-0.04135674552347268	TRUE	1016	51	358.34205235580276
ENSG00000103253	HAGHL_TSS_1_AND_HAGHL_TSS_2	202	26107	TRUE	0.044	-0.38600511637798673	TRUE	1016	51	0.4842859672698105
ENSG00000103024	HAGHL_TSS_1_AND_HAGHL_TSS_2	282	22876	TRUE	0.336	-0.17594727242504016	FALSE	1016	51	0.3398231194724835
ENSG00000103260	HAGHL_TSS_1_AND_HAGHL_TSS_2	273	23418	TRUE	0.336	-0.24481663739154547	FALSE	1016	51	0.34295863412398303
ENSG00000065057	HAGHL_TSS_1_AND_HAGHL_TSS_2	892	80340	TRUE	1.9371548925595145e-11	-0.5025777461139982	TRUE	1016	52	3.6725939352271424
ENSG00000007376	HAGHL_TSS_1_AND_HAGHL_TSS_2	746	66788	TRUE	5.693036703222947e-9	-0.5689095660782115	TRUE	1016	52	2.134722960092503
ENSG00000074071	HAGHL_TSS_1_AND_HAGHL_TSS_2	963	87765	TRUE	1.080249669997333e-8	-0.4473650782720249	TRUE	1016	52	8.00711480567101
ENSG00000167969	HAGHL_TSS_1_AND_HAGHL_TSS_2	984	89319	TRUE	6.832843502721357e-7	-0.2956074436371754	TRUE	1016	52	5.668093794597747
ENSG00000131653	HAGHL_TSS_1_AND_HAGHL_TSS_2	624	55162	TRUE	4.5307440229867065e-6	-0.3973600359714179	TRUE	1016	52	1.124816400512516
ENSG00000007520	HAGHL_TSS_1_AND_HAGHL_TSS_2	919	83609	TRUE	1.1788544883516497e-5	-0.3305380053749256	TRUE	1016	52	3.5910288863193642
ENSG00000086504	HAGHL_TSS_1_AND_HAGHL_TSS_2	1008	91807	TRUE	4.5416257928477134e-5	-0.31941528838381306	TRUE	1016	52	12.96360302926133
ENSG00000206053	HAGHL_TSS_1_AND_HAGHL_TSS_2	536	46680	TRUE	5.829351298713005e-5	-0.3323112798456682	TRUE	1016	52	0.8066502078189943
ENSG00000127561	HAGHL_TSS_1_AND_HAGHL_TSS_2	657	58124	TRUE	6.747860317368433e-5	-0.38048286784226637	TRUE	1016	52	1.3043220100628146
ENSG00000095906	HAGHL_TSS_1_AND_HAGHL_TSS_2	748	67306	TRUE	7.822952206795524e-5	-0.3872748030102332	TRUE	1016	52	1.7336062585289123
ENSG00000198736	HAGHL_TSS_1_AND_HAGHL_TSS_2	701	60819	TRUE	1.0778991236033014e-4	-0.3430626791852326	TRUE	1016	52	1.5289644468056294
ENSG00000103202	HAGHL_TSS_1_AND_HAGHL_TSS_2	919	82545	TRUE	4.1523802558611315e-4	-0.29085418016774267	TRUE	1016	52	3.9204245966019773
ENSG00000140990	HAGHL_TSS_1_AND_HAGHL_TSS_2	1012	91874	TRUE	4.272493810426282e-4	-0.33510161920740966	TRUE	1016	52	18.28205048074419
ENSG00000086506	HAGHL_TSS_1_AND_HAGHL_TSS_2	954	86712	TRUE	4.8759713705221787e-4	-0.22416138169753497	TRUE	1016	52	10.380022292363304
ENSG00000103253	HAGHL_TSS_1_AND_HAGHL_TSS_2	202	26107	TRUE	6.343720160320448e-4	-0.5301887053637377	TRUE	1016	52	0.4842859672698105
ENSG00000174109	HAGHL_TSS_1_AND_HAGHL_TSS_2	789	70288	TRUE	9.390192867626095e-4	-0.33947677146629607	TRUE	1016	52	2.0785232871860577
ENSG00000103266	HAGHL_TSS_1_AND_HAGHL_TSS_2	810	72132	TRUE	0.0014277396785587308	-0.31679762037978154	TRUE	1016	52	2.2476744064918694
ENSG00000103254	HAGHL_TSS_1_AND_HAGHL_TSS_2	513	45210	TRUE	0.0028	-0.5138737929434335	TRUE	1016	52	1.5716845318082857
ENSG00000140983	HAGHL_TSS_1_AND_HAGHL_TSS_2	641	55511	TRUE	0.0032380192182502043	-0.3708740041531923	TRUE	1016	52	1.1848495265477046
ENSG00000188536	HAGHL_TSS_1_AND_HAGHL_TSS_2	1016	92268	TRUE	0.003691090506327599	-0.04760769631360695	TRUE	1016	52	358.34205235580276
ENSG00000103024	HAGHL_TSS_1_AND_HAGHL_TSS_2	282	22876	TRUE	0.004216789704129108	-0.3679167731877351	TRUE	1016	52	0.3398231194724835
ENSG00000162039	HAGHL_TSS_1_AND_HAGHL_TSS_2	703	63708	TRUE	0.00743830057670225	-0.3111521987699468	TRUE	1016	52	1.6831567653155828
ENSG00000127554	HAGHL_TSS_1_AND_HAGHL_TSS_2	491	42527	TRUE	0.010463572689391909	-0.31984870493880185	TRUE	1016	52	0.7540131462441535
ENSG00000103260	HAGHL_TSS_1_AND_HAGHL_TSS_2	273	23418	TRUE	0.048	-0.33888496175245386	TRUE	1016	52	0.34295863412398303
ENSG00000065054	HAGHL_TSS_1_AND_HAGHL_TSS_2	553	46300	TRUE	0.06	-0.29023585098558624	TRUE	1016	52	0.8916736981364001
ENSG00000103275	HAGHL_TSS_1_AND_HAGHL_TSS_2	997	89376	TRUE	0.064	-0.2871191966469988	TRUE	1016	52	8.007781493171661
ENSG00000063854	HAGHL_TSS_1_AND_HAGHL_TSS_2	543	48820	TRUE	0.072	-0.12628571632501512	TRUE	1016	52	1.0312509765930185
ENSG00000167969	HAGHL_TSS_1_AND_HAGHL_TSS_2	984	89319	TRUE	2.9533021795647615e-15	-0.4153298222740478	TRUE	1016	53	5.668093794597747
ENSG00000086506	HAGHL_TSS_1_AND_HAGHL_TSS_2	954	86712	TRUE	9.317679965037691e-13	-0.3828412071744052	TRUE	1016	53	10.380022292363304
ENSG00000074071	HAGHL_TSS_1_AND_HAGHL_TSS_2	963	87765	TRUE	5.3738683221762375e-12	-0.4825898173595129	TRUE	1016	53	8.00711480567101
ENSG00000140983	HAGHL_TSS_1_AND_HAGHL_TSS_2	641	55511	TRUE	1.0030078651574122e-9	-0.5688133817651013	TRUE	1016	53	1.1848495265477046
ENSG00000103275	HAGHL_TSS_1_AND_HAGHL_TSS_2	997	89376	TRUE	1.0116213655609815e-9	-0.45930306204088867	TRUE	1016	53	8.007781493171661
ENSG00000174109	HAGHL_TSS_1_AND_HAGHL_TSS_2	789	70288	TRUE	1.1892858813734362e-9	-0.4957840968101477	TRUE	1016	53	2.0785232871860577
ENSG00000007520	HAGHL_TSS_1_AND_HAGHL_TSS_2	919	83609	TRUE	1.0317054317668652e-8	-0.3973368925138403	TRUE	1016	53	3.5910288863193642
ENSG00000007376	HAGHL_TSS_1_AND_HAGHL_TSS_2	746	66788	TRUE	1.2266193221361417e-8	-0.5457071515206655	TRUE	1016	53	2.134722960092503
ENSG00000103202	HAGHL_TSS_1_AND_HAGHL_TSS_2	919	82545	TRUE	1.4949047995813645e-8	-0.39597841090756125	TRUE	1016	53	3.9204245966019773
ENSG00000086504	HAGHL_TSS_1_AND_HAGHL_TSS_2	1008	91807	TRUE	2.2520306074389786e-8	-0.35995044191922965	TRUE	1016	53	12.96360302926133
ENSG00000198736	HAGHL_TSS_1_AND_HAGHL_TSS_2	701	60819	TRUE	6.37655724650848e-8	-0.42625148814596264	TRUE	1016	53	1.5289644468056294
ENSG00000095906	HAGHL_TSS_1_AND_HAGHL_TSS_2	748	67306	TRUE	1.2366796440329655e-7	-0.4691369153455797	TRUE	1016	53	1.7336062585289123
ENSG00000103266	HAGHL_TSS_1_AND_HAGHL_TSS_2	810	72132	TRUE	1.7194300533619148e-6	-0.4140066713866435	TRUE	1016	53	2.2476744064918694
ENSG00000065057	HAGHL_TSS_1_AND_HAGHL_TSS_2	892	80340	TRUE	8.442607091636509e-6	-0.36607211755902314	TRUE	1016	53	3.6725939352271424
ENSG00000127554	HAGHL_TSS_1_AND_HAGHL_TSS_2	491	42527	TRUE	9.12982104966356e-6	-0.4582627336358968	TRUE	1016	53	0.7540131462441535
ENSG00000140990	HAGHL_TSS_1_AND_HAGHL_TSS_2	1012	91874	TRUE	2.4768266280163383e-5	-0.3343543024122022	TRUE	1016	53	18.28205048074419
ENSG00000206053	HAGHL_TSS_1_AND_HAGHL_TSS_2	536	46680	TRUE	2.8263453433528514e-5	-0.3557702526696571	TRUE	1016	53	0.8066502078189943
ENSG00000162039	HAGHL_TSS_1_AND_HAGHL_TSS_2	703	63708	TRUE	5.24922733351231e-5	-0.4060598521814506	TRUE	1016	53	1.6831567653155828
ENSG00000188536	HAGHL_TSS_1_AND_HAGHL_TSS_2	1016	92268	TRUE	8.930095842280428e-5	-0.07128209984362144	TRUE	1016	53	358.34205235580276
ENSG00000063854	HAGHL_TSS_1_AND_HAGHL_TSS_2	543	48820	TRUE	3.5261660145752965e-4	-0.2535955918077877	TRUE	1016	53	1.0312509765930185
ENSG00000103254	HAGHL_TSS_1_AND_HAGHL_TSS_2	513	45210	TRUE	8e-4	-0.525650960719787	TRUE	1016	53	1.5716845318082857
ENSG00000131653	HAGHL_TSS_1_AND_HAGHL_TSS_2	624	55162	TRUE	8.169287737282288e-4	-0.3237611516041298	TRUE	1016	53	1.124816400512516
ENSG00000103260	HAGHL_TSS_1_AND_HAGHL_TSS_2	273	23418	TRUE	0.0017052112759617759	-0.47843631415124754	TRUE	1016	53	0.34295863412398303
ENSG00000065054	HAGHL_TSS_1_AND_HAGHL_TSS_2	553	46300	TRUE	0.007879728052886545	-0.34912954003915475	TRUE	1016	53	0.8916736981364001
ENSG00000103253	HAGHL_TSS_1_AND_HAGHL_TSS_2	202	26107	TRUE	0.012538053596015147	-0.44196152235200237	TRUE	1016	53	0.4842859672698105
ENSG00000127561	HAGHL_TSS_1_AND_HAGHL_TSS_2	657	58124	TRUE	0.044	-0.2555186596495411	TRUE	1016	53	1.3043220100628146
ENSG00000103024	HAGHL_TSS_1_AND_HAGHL_TSS_2	282	22876	TRUE	0.064	-0.25868770343297665	TRUE	1016	53	0.3398231194724835
ENSG00000103275	HAGHL_TSS_1_AND_HAGHL_TSS_2	997	89376	TRUE	8.24105752352602e-10	-0.48120132419753725	TRUE	1016	54	8.007781493171661
ENSG00000174109	HAGHL_TSS_1_AND_HAGHL_TSS_2	789	70288	TRUE	1.02169677895903e-9	-0.5031401104058536	TRUE	1016	54	2.0785232871860577
ENSG00000127561	HAGHL_TSS_1_AND_HAGHL_TSS_2	657	58124	TRUE	2.3205205219261444e-8	-0.49505386975446053	TRUE	1016	54	1.3043220100628146
ENSG00000074071	HAGHL_TSS_1_AND_HAGHL_TSS_2	963	87765	TRUE	2.894982649763266e-8	-0.4445077839743501	TRUE	1016	54	8.00711480567101
ENSG00000140990	HAGHL_TSS_1_AND_HAGHL_TSS_2	1012	91874	TRUE	5.1789682821785145e-8	-0.41462071300083414	TRUE	1016	54	18.28205048074419
ENSG00000167969	HAGHL_TSS_1_AND_HAGHL_TSS_2	984	89319	TRUE	7.711000253239847e-8	-0.30499276669525033	TRUE	1016	54	5.668093794597747
ENSG00000065057	HAGHL_TSS_1_AND_HAGHL_TSS_2	892	80340	TRUE	1.2782766402812768e-7	-0.4065647132700603	TRUE	1016	54	3.6725939352271424
ENSG00000086504	HAGHL_TSS_1_AND_HAGHL_TSS_2	1008	91807	TRUE	1.6044128679245208e-7	-0.34872215848986254	TRUE	1016	54	12.96360302926133
ENSG00000131653	HAGHL_TSS_1_AND_HAGHL_TSS_2	624	55162	TRUE	2.8982108023649587e-7	-0.45471492153360976	TRUE	1016	54	1.124816400512516
ENSG00000162039	HAGHL_TSS_1_AND_HAGHL_TSS_2	703	63708	TRUE	3.087875437063532e-7	-0.46038460758985333	TRUE	1016	54	1.6831567653155828
ENSG00000103266	HAGHL_TSS_1_AND_HAGHL_TSS_2	810	72132	TRUE	6.304222709847254e-7	-0.42785925773338973	TRUE	1016	54	2.2476744064918694
ENSG00000007520	HAGHL_TSS_1_AND_HAGHL_TSS_2	919	83609	TRUE	3.625331184261703e-6	-0.3438435875477075	TRUE	1016	54	3.5910288863193642
ENSG00000065054	HAGHL_TSS_1_AND_HAGHL_TSS_2	553	46300	TRUE	1.1245893877910931e-5	-0.4515768090099723	TRUE	1016	54	0.8916736981364001
ENSG00000103202	HAGHL_TSS_1_AND_HAGHL_TSS_2	919	82545	TRUE	2.4619238676448644e-5	-0.32093412093645046	TRUE	1016	54	3.9204245966019773
ENSG00000206053	HAGHL_TSS_1_AND_HAGHL_TSS_2	536	46680	TRUE	2.8211160022946925e-5	-0.3323112798456682	TRUE	1016	54	0.8066502078189943
ENSG00000127554	HAGHL_TSS_1_AND_HAGHL_TSS_2	491	42527	TRUE	9.335133646205893e-5	-0.4017755422894235	TRUE	1016	54	0.7540131462441535
ENSG00000086506	HAGHL_TSS_1_AND_HAGHL_TSS_2	954	86712	TRUE	1.376889423776598e-4	-0.253273129938834	TRUE	1016	54	10.380022292363304
ENSG00000095906	HAGHL_TSS_1_AND_HAGHL_TSS_2	748	67306	TRUE	1.8128184169174597e-4	-0.35898575857880966	TRUE	1016	54	1.7336062585289123
ENSG00000103254	HAGHL_TSS_1_AND_HAGHL_TSS_2	513	45210	TRUE	3.9978481215647774e-4	-0.5819191803665325	TRUE	1016	54	1.5716845318082857
ENSG00000103260	HAGHL_TSS_1_AND_HAGHL_TSS_2	273	23418	TRUE	4.0369269965007115e-4	-0.4840828772923895	TRUE	1016	54	0.34295863412398303
ENSG00000198736	HAGHL_TSS_1_AND_HAGHL_TSS_2	701	60819	TRUE	4.736526492855539e-4	-0.3363420379592824	TRUE	1016	54	1.5289644468056294
ENSG00000188536	HAGHL_TSS_1_AND_HAGHL_TSS_2	1016	92268	TRUE	4.8748644317340994e-4	-0.07492791297118728	TRUE	1016	54	358.34205235580276
ENSG00000007376	HAGHL_TSS_1_AND_HAGHL_TSS_2	746	66788	TRUE	0.0018300262831112343	-0.385533247559688	TRUE	1016	54	2.134722960092503
ENSG00000063854	HAGHL_TSS_1_AND_HAGHL_TSS_2	543	48820	TRUE	0.002694119954868762	-0.2130905438622877	TRUE	1016	54	1.0312509765930185
ENSG00000140983	HAGHL_TSS_1_AND_HAGHL_TSS_2	641	55511	TRUE	0.00954053569187515	-0.3473911656036771	TRUE	1016	54	1.1848495265477046
ENSG00000103253	HAGHL_TSS_1_AND_HAGHL_TSS_2	202	26107	TRUE	0.01878660680320314	-0.4297868084059	TRUE	1016	54	0.4842859672698105
ENSG00000103024	HAGHL_TSS_1_AND_HAGHL_TSS_2	282	22876	TRUE	0.04	-0.2788655853706068	TRUE	1016	54	0.3398231194724835
ENSG00000140990	HAGHL_TSS_1_AND_HAGHL_TSS_2	1012	91874	TRUE	1.0708115846087724e-12	-0.4789260887449376	TRUE	1016	55	18.28205048074419
ENSG00000167969	HAGHL_TSS_1_AND_HAGHL_TSS_2	984	89319	TRUE	9.118096217266539e-12	-0.3746172541009183	TRUE	1016	55	5.668093794597747
ENSG00000086504	HAGHL_TSS_1_AND_HAGHL_TSS_2	1008	91807	TRUE	1.5208620273083222e-9	-0.4005659040932046	TRUE	1016	55	12.96360302926133
ENSG00000140983	HAGHL_TSS_1_AND_HAGHL_TSS_2	641	55511	TRUE	2.007262298766755e-9	-0.5603518030169052	TRUE	1016	55	1.1848495265477046
ENSG00000174109	HAGHL_TSS_1_AND_HAGHL_TSS_2	789	70288	TRUE	1.1477119615463122e-7	-0.43913001928408535	TRUE	1016	55	2.0785232871860577
ENSG00000065057	HAGHL_TSS_1_AND_HAGHL_TSS_2	892	80340	TRUE	3.5168586461287654e-7	-0.40217145818575517	TRUE	1016	55	3.6725939352271424
ENSG00000103266	HAGHL_TSS_1_AND_HAGHL_TSS_2	810	72132	TRUE	1.3181897472294745e-6	-0.4140066713866435	TRUE	1016	55	2.2476744064918694
ENSG00000063854	HAGHL_TSS_1_AND_HAGHL_TSS_2	543	48820	TRUE	4.656623432726793e-6	-0.30375226677994677	TRUE	1016	55	1.0312509765930185
ENSG00000103275	HAGHL_TSS_1_AND_HAGHL_TSS_2	997	89376	TRUE	1.075198485663443e-5	-0.38891373414949104	TRUE	1016	55	8.007781493171661
ENSG00000103202	HAGHL_TSS_1_AND_HAGHL_TSS_2	919	82545	TRUE	3.714011608775634e-5	-0.31521872856694255	TRUE	1016	55	3.9204245966019773
ENSG00000103253	HAGHL_TSS_1_AND_HAGHL_TSS_2	202	26107	TRUE	5.7343468862058183e-05	-0.6057863242578967	TRUE	1016	55	0.4842859672698105
ENSG00000074071	HAGHL_TSS_1_AND_HAGHL_TSS_2	963	87765	TRUE	6.4793729267194e-5	-0.3550454038380053	TRUE	1016	55	8.00711480567101
ENSG00000127561	HAGHL_TSS_1_AND_HAGHL_TSS_2	657	58124	TRUE	1.458797341204101e-4	-0.3750540936438306	TRUE	1016	55	1.3043220100628146
ENSG00000198736	HAGHL_TSS_1_AND_HAGHL_TSS_2	701	60819	TRUE	1.655242929100246e-4	-0.35207251356374925	TRUE	1016	55	1.5289644468056294
ENSG00000095906	HAGHL_TSS_1_AND_HAGHL_TSS_2	748	67306	TRUE	3.3431395504886566e-4	-0.35498937086851434	TRUE	1016	55	1.7336062585289123
ENSG00000103254	HAGHL_TSS_1_AND_HAGHL_TSS_2	513	45210	TRUE	4e-4	-0.56157053497473	TRUE	1016	55	1.5716845318082857
ENSG00000162039	HAGHL_TSS_1_AND_HAGHL_TSS_2	703	63708	TRUE	7.118628118699365e-4	-0.3526787558534271	TRUE	1016	55	1.6831567653155828
ENSG00000127554	HAGHL_TSS_1_AND_HAGHL_TSS_2	491	42527	TRUE	0.001027601405072054	-0.385013751605258	TRUE	1016	55	0.7540131462441535
ENSG00000188536	HAGHL_TSS_1_AND_HAGHL_TSS_2	1016	92268	TRUE	0.0014557835137268757	-0.06592917318124059	TRUE	1016	55	358.34205235580276
ENSG00000086506	HAGHL_TSS_1_AND_HAGHL_TSS_2	954	86712	TRUE	0.0023474095412641463	-0.18778963152491412	TRUE	1016	55	10.380022292363304
ENSG00000103024	HAGHL_TSS_1_AND_HAGHL_TSS_2	282	22876	TRUE	0.004597033285815351	-0.3571503423186648	TRUE	1016	55	0.3398231194724835
ENSG00000131653	HAGHL_TSS_1_AND_HAGHL_TSS_2	624	55162	TRUE	0.0050608380222876	-0.2905595912357237	TRUE	1016	55	1.124816400512516
ENSG00000007520	HAGHL_TSS_1_AND_HAGHL_TSS_2	919	83609	TRUE	0.04	-0.23624654844628967	TRUE	1016	55	3.5910288863193642
ENSG00000007376	HAGHL_TSS_1_AND_HAGHL_TSS_2	746	66788	TRUE	0.044	-0.351336843124871	TRUE	1016	55	2.134722960092503
ENSG00000206053	HAGHL_TSS_1_AND_HAGHL_TSS_2	536	46680	TRUE	0.072	-0.19135035719220345	TRUE	1016	55	0.8066502078189943
ENSG00000103260	HAGHL_TSS_1_AND_HAGHL_TSS_2	273	23418	TRUE	0.128	-0.29356097124296365	FALSE	1016	55	0.34295863412398303
ENSG00000065054	HAGHL_TSS_1_AND_HAGHL_TSS_2	553	46300	TRUE	0.904	-0.1300651364204612	FALSE	1016	55	0.8916736981364001
ENSG00000086504	HAGHL_TSS_1_AND_HAGHL_TSS_2	1008	91807	TRUE	4.667674872093856e-19	-0.5375375687528527	TRUE	1016	56	12.96360302926133
ENSG00000103275	HAGHL_TSS_1_AND_HAGHL_TSS_2	997	89376	TRUE	6.515592903591818e-16	-0.5682827678608997	TRUE	1016	56	8.007781493171661
ENSG00000074071	HAGHL_TSS_1_AND_HAGHL_TSS_2	963	87765	TRUE	2.041548085048554e-15	-0.5673381017548285	TRUE	1016	56	8.00711480567101
ENSG00000007520	HAGHL_TSS_1_AND_HAGHL_TSS_2	919	83609	TRUE	3.161968508620761e-13	-0.46011668684411333	TRUE	1016	56	3.5910288863193642
ENSG00000095906	HAGHL_TSS_1_AND_HAGHL_TSS_2	748	67306	TRUE	7.275054531589038e-11	-0.5388245039182742	TRUE	1016	56	1.7336062585289123
ENSG00000167969	HAGHL_TSS_1_AND_HAGHL_TSS_2	984	89319	TRUE	2.275770979017356e-9	-0.3486055030184807	TRUE	1016	56	5.668093794597747
ENSG00000140990	HAGHL_TSS_1_AND_HAGHL_TSS_2	1012	91874	TRUE	6.876993416354774e-9	-0.4170911664297532	TRUE	1016	56	18.28205048074419
ENSG00000063854	HAGHL_TSS_1_AND_HAGHL_TSS_2	543	48820	TRUE	3.406933264787893e-8	-0.38601428893443573	TRUE	1016	56	1.0312509765930185
ENSG00000065057	HAGHL_TSS_1_AND_HAGHL_TSS_2	892	80340	TRUE	3.407426175830872e-8	-0.4342052858254686	TRUE	1016	56	3.6725939352271424
ENSG00000086506	HAGHL_TSS_1_AND_HAGHL_TSS_2	954	86712	TRUE	3.1905413269337195e-7	-0.28298443523781414	TRUE	1016	56	10.380022292363304
ENSG00000188536	HAGHL_TSS_1_AND_HAGHL_TSS_2	1016	92268	TRUE	3.535635248901915e-7	-0.1638375133846406	TRUE	1016	56	358.34205235580276
ENSG00000103202	HAGHL_TSS_1_AND_HAGHL_TSS_2	919	82545	TRUE	8.924371706199672e-7	-0.34805909857353146	TRUE	1016	56	3.9204245966019773
ENSG00000131653	HAGHL_TSS_1_AND_HAGHL_TSS_2	624	55162	TRUE	1.671924901826769e-6	-0.41676878215754654	TRUE	1016	56	1.124816400512516
ENSG00000007376	HAGHL_TSS_1_AND_HAGHL_TSS_2	746	66788	TRUE	2.069379812461128e-6	-0.49860934569067983	TRUE	1016	56	2.134722960092503
ENSG00000103266	HAGHL_TSS_1_AND_HAGHL_TSS_2	810	72132	TRUE	2.6206351230323444e-6	-0.40672644547048564	TRUE	1016	56	2.2476744064918694
ENSG00000065054	HAGHL_TSS_1_AND_HAGHL_TSS_2	553	46300	TRUE	1.732788206051597e-5	-0.45366012351046137	TRUE	1016	56	0.8916736981364001
ENSG00000198736	HAGHL_TSS_1_AND_HAGHL_TSS_2	701	60819	TRUE	3.111832099163617e-5	-0.34194039593852577	TRUE	1016	56	1.5289644468056294
ENSG00000206053	HAGHL_TSS_1_AND_HAGHL_TSS_2	536	46680	TRUE	1.2496114828618697e-4	-0.32387444269702836	TRUE	1016	56	0.8066502078189943
ENSG00000127561	HAGHL_TSS_1_AND_HAGHL_TSS_2	657	58124	TRUE	1.5962026570809796e-4	-0.3845678966430054	TRUE	1016	56	1.3043220100628146
ENSG00000140983	HAGHL_TSS_1_AND_HAGHL_TSS_2	641	55511	TRUE	1.7629189693208792e-4	-0.4022869567846538	TRUE	1016	56	1.1848495265477046
ENSG00000103024	HAGHL_TSS_1_AND_HAGHL_TSS_2	282	22876	TRUE	3.8691363979956317e-4	-0.45706915092451705	TRUE	1016	56	0.3398231194724835
ENSG00000174109	HAGHL_TSS_1_AND_HAGHL_TSS_2	789	70288	TRUE	8.016513766557834e-4	-0.35187468541143396	TRUE	1016	56	2.0785232871860577
ENSG00000103254	HAGHL_TSS_1_AND_HAGHL_TSS_2	513	45210	TRUE	0.0012	-0.530916276932429	TRUE	1016	56	1.5716845318082857
ENSG00000103260	HAGHL_TSS_1_AND_HAGHL_TSS_2	273	23418	TRUE	0.002846542571088205	-0.4616280264646937	TRUE	1016	56	0.34295863412398303
ENSG00000127554	HAGHL_TSS_1_AND_HAGHL_TSS_2	491	42527	TRUE	0.004975094501417934	-0.3266915400956601	TRUE	1016	56	0.7540131462441535
ENSG00000103253	HAGHL_TSS_1_AND_HAGHL_TSS_2	202	26107	TRUE	0.024012765859020596	-0.389930819591787	TRUE	1016	56	0.4842859672698105
ENSG00000162039	HAGHL_TSS_1_AND_HAGHL_TSS_2	703	63708	TRUE	0.044	-0.26690936080846384	TRUE	1016	56	1.6831567653155828
ENSG00000103275	HAGHL_TSS_1_AND_HAGHL_TSS_2	997	89376	TRUE	3.455791927744054e-10	-0.4702106450729726	TRUE	1016	57	8.007781493171661
ENSG00000007520	HAGHL_TSS_1_AND_HAGHL_TSS_2	919	83609	TRUE	3.8344928801894844e-10	-0.42434133161672016	TRUE	1016	57	3.5910288863193642
ENSG00000167969	HAGHL_TSS_1_AND_HAGHL_TSS_2	984	89319	TRUE	4.267800265203671e-10	-0.3440634852857074	TRUE	1016	57	5.668093794597747
ENSG00000174109	HAGHL_TSS_1_AND_HAGHL_TSS_2	789	70288	TRUE	3.586544921788427e-8	-0.4586621889480538	TRUE	1016	57	2.0785232871860577
ENSG00000086506	HAGHL_TSS_1_AND_HAGHL_TSS_2	954	86712	TRUE	1.137188237526057e-6	-0.25941930850594375	TRUE	1016	57	10.380022292363304
ENSG00000086504	HAGHL_TSS_1_AND_HAGHL_TSS_2	1008	91807	TRUE	1.4368241077834164e-6	-0.3546556564884953	TRUE	1016	57	12.96360302926133
ENSG00000127561	HAGHL_TSS_1_AND_HAGHL_TSS_2	657	58124	TRUE	1.6041026536671899e-6	-0.44158784489953096	TRUE	1016	57	1.3043220100628146
ENSG00000198736	HAGHL_TSS_1_AND_HAGHL_TSS_2	701	60819	TRUE	1.9644621721266026e-6	-0.3991522953620984	TRUE	1016	57	1.5289644468056294
ENSG00000140990	HAGHL_TSS_1_AND_HAGHL_TSS_2	1012	91874	TRUE	2.0985271587095535e-6	-0.36445774068437276	TRUE	1016	57	18.28205048074419
ENSG00000007376	HAGHL_TSS_1_AND_HAGHL_TSS_2	746	66788	TRUE	3.102333151057358e-6	-0.4888403668748058	TRUE	1016	57	2.134722960092503
ENSG00000188536	HAGHL_TSS_1_AND_HAGHL_TSS_2	1016	92268	TRUE	9.324021793914554e-6	-0.11305850717731936	TRUE	1016	57	358.34205235580276
ENSG00000140983	HAGHL_TSS_1_AND_HAGHL_TSS_2	641	55511	TRUE	2.2392002008375168e-5	-0.4530750666988297	TRUE	1016	57	1.1848495265477046
ENSG00000103266	HAGHL_TSS_1_AND_HAGHL_TSS_2	810	72132	TRUE	2.351652840892871e-5	-0.3890834846832357	TRUE	1016	57	2.2476744064918694
ENSG00000095906	HAGHL_TSS_1_AND_HAGHL_TSS_2	748	67306	TRUE	3.4940035634757746e-5	-0.3821823337590807	TRUE	1016	57	1.7336062585289123
ENSG00000162039	HAGHL_TSS_1_AND_HAGHL_TSS_2	703	63708	TRUE	2.493050580234758e-4	-0.3650624803092595	TRUE	1016	57	1.6831567653155828
ENSG00000103254	HAGHL_TSS_1_AND_HAGHL_TSS_2	513	45210	TRUE	4e-4	-0.5984073031551014	TRUE	1016	57	1.5716845318082857
ENSG00000131653	HAGHL_TSS_1_AND_HAGHL_TSS_2	624	55162	TRUE	8.096834308482306e-4	-0.31008621470705333	TRUE	1016	57	1.124816400512516
ENSG00000206053	HAGHL_TSS_1_AND_HAGHL_TSS_2	536	46680	TRUE	0.0014685699194122255	-0.270205777903443	TRUE	1016	57	0.8066502078189943
ENSG00000103260	HAGHL_TSS_1_AND_HAGHL_TSS_2	273	23418	TRUE	0.0023801037878591943	-0.4450133126137972	TRUE	1016	57	0.34295863412398303
ENSG00000103253	HAGHL_TSS_1_AND_HAGHL_TSS_2	202	26107	TRUE	0.0026023729949266466	-0.4583559606026708	TRUE	1016	57	0.4842859672698105
ENSG00000063854	HAGHL_TSS_1_AND_HAGHL_TSS_2	543	48820	TRUE	0.006117953543929633	-0.20194998625708735	TRUE	1016	57	1.0312509765930185
ENSG00000103202	HAGHL_TSS_1_AND_HAGHL_TSS_2	919	82545	TRUE	0.009664450459494836	-0.24374331697300455	TRUE	1016	57	3.9204245966019773
ENSG00000074071	HAGHL_TSS_1_AND_HAGHL_TSS_2	963	87765	TRUE	0.011757901046695794	-0.29248090350296163	TRUE	1016	57	8.00711480567101
ENSG00000065057	HAGHL_TSS_1_AND_HAGHL_TSS_2	892	80340	TRUE	0.02205320151730218	-0.2514361537519929	TRUE	1016	57	3.6725939352271424
ENSG00000127554	HAGHL_TSS_1_AND_HAGHL_TSS_2	491	42527	TRUE	0.06	-0.2838918271623923	TRUE	1016	57	0.7540131462441535
ENSG00000065054	HAGHL_TSS_1_AND_HAGHL_TSS_2	553	46300	TRUE	0.072	-0.2883755089600585	TRUE	1016	57	0.8916736981364001
ENSG00000103024	HAGHL_TSS_1_AND_HAGHL_TSS_2	282	22876	TRUE	0.076	-0.2737945958231849	TRUE	1016	57	0.3398231194724835
ENSG00000007520	HAGHL_TSS_1_AND_HAGHL_TSS_2	919	83609	TRUE	9.838908146400271e-15	-0.490974853438396	TRUE	1016	58	3.5910288863193642
ENSG00000074071	HAGHL_TSS_1_AND_HAGHL_TSS_2	963	87765	TRUE	1.2829023927575582e-14	-0.5712285177057681	TRUE	1016	58	8.00711480567101
ENSG00000086504	HAGHL_TSS_1_AND_HAGHL_TSS_2	1008	91807	TRUE	4.1670564946374146e-13	-0.4443250541215451	TRUE	1016	58	12.96360302926133
ENSG00000188536	HAGHL_TSS_1_AND_HAGHL_TSS_2	1016	92268	TRUE	2.7132621633664273e-10	-0.2322595194880268	TRUE	1016	58	358.34205235580276
ENSG00000103266	HAGHL_TSS_1_AND_HAGHL_TSS_2	810	72132	TRUE	4.6213282678544736e-9	-0.48719652224382015	TRUE	1016	58	2.2476744064918694
ENSG00000140990	HAGHL_TSS_1_AND_HAGHL_TSS_2	1012	91874	TRUE	1.2237314363458562e-8	-0.4009616108210814	TRUE	1016	58	18.28205048074419
ENSG00000007376	HAGHL_TSS_1_AND_HAGHL_TSS_2	746	66788	TRUE	3.9082632786874836e-8	-0.5246855658215279	TRUE	1016	58	2.134722960092503
ENSG00000103275	HAGHL_TSS_1_AND_HAGHL_TSS_2	997	89376	TRUE	4.609493062305065e-8	-0.4345469629553178	TRUE	1016	58	8.007781493171661
ENSG00000174109	HAGHL_TSS_1_AND_HAGHL_TSS_2	789	70288	TRUE	5.266749021563659e-7	-0.43736741058482553	TRUE	1016	58	2.0785232871860577
ENSG00000167969	HAGHL_TSS_1_AND_HAGHL_TSS_2	984	89319	TRUE	4.390390945025651e-6	-0.2813534599569336	TRUE	1016	58	5.668093794597747
ENSG00000065054	HAGHL_TSS_1_AND_HAGHL_TSS_2	553	46300	TRUE	5.612564020757507e-6	-0.46202359644508806	TRUE	1016	58	0.8916736981364001
ENSG00000065057	HAGHL_TSS_1_AND_HAGHL_TSS_2	892	80340	TRUE	9.113107529128443e-6	-0.37274244997412653	TRUE	1016	58	3.6725939352271424
ENSG00000131653	HAGHL_TSS_1_AND_HAGHL_TSS_2	624	55162	TRUE	1.9106975458422657e-5	-0.40057674865496073	TRUE	1016	58	1.124816400512516
ENSG00000103202	HAGHL_TSS_1_AND_HAGHL_TSS_2	919	82545	TRUE	3.662879823500731e-5	-0.3218154252038621	TRUE	1016	58	3.9204245966019773
ENSG00000140983	HAGHL_TSS_1_AND_HAGHL_TSS_2	641	55511	TRUE	4.4513005458505324e-5	-0.44370688416463455	TRUE	1016	58	1.1848495265477046
ENSG00000198736	HAGHL_TSS_1_AND_HAGHL_TSS_2	701	60819	TRUE	5.956742496949618e-5	-0.3565986193651151	TRUE	1016	58	1.5289644468056294
ENSG00000095906	HAGHL_TSS_1_AND_HAGHL_TSS_2	748	67306	TRUE	8.533334830781886e-5	-0.3964867927113436	TRUE	1016	58	1.7336062585289123
ENSG00000127561	HAGHL_TSS_1_AND_HAGHL_TSS_2	657	58124	TRUE	1.5654251461660017e-4	-0.3845678966430054	TRUE	1016	58	1.3043220100628146
ENSG00000103254	HAGHL_TSS_1_AND_HAGHL_TSS_2	513	45210	TRUE	4e-4	-0.6418948409238476	TRUE	1016	58	1.5716845318082857
ENSG00000063854	HAGHL_TSS_1_AND_HAGHL_TSS_2	543	48820	TRUE	4.0907179602163793e-4	-0.25031300781848626	TRUE	1016	58	1.0312509765930185
ENSG00000086506	HAGHL_TSS_1_AND_HAGHL_TSS_2	954	86712	TRUE	7.625837577533573e-4	-0.21693597718443058	TRUE	1016	58	10.380022292363304
ENSG00000162039	HAGHL_TSS_1_AND_HAGHL_TSS_2	703	63708	TRUE	9.12689590589072e-4	-0.34755007984835123	TRUE	1016	58	1.6831567653155828
ENSG00000103260	HAGHL_TSS_1_AND_HAGHL_TSS_2	273	23418	TRUE	0.0034979138797553225	-0.42858776470068616	TRUE	1016	58	0.34295863412398303
ENSG00000206053	HAGHL_TSS_1_AND_HAGHL_TSS_2	536	46680	TRUE	0.003958661906196849	-0.2520837596290184	TRUE	1016	58	0.8066502078189943
ENSG00000127554	HAGHL_TSS_1_AND_HAGHL_TSS_2	491	42527	TRUE	0.01542287513657592	-0.31757495341868086	TRUE	1016	58	0.7540131462441535
ENSG00000103024	HAGHL_TSS_1_AND_HAGHL_TSS_2	282	22876	TRUE	0.064	-0.2788655853706068	TRUE	1016	58	0.3398231194724835
ENSG00000103253	HAGHL_TSS_1_AND_HAGHL_TSS_2	202	26107	TRUE	0.14	-0.32836649051004274	FALSE	1016	58	0.4842859672698105
ENSG00000167969	HAGHL_TSS_1_AND_HAGHL_TSS_2	984	89319	TRUE	2.6534664971111036e-13	-0.3967100718776906	TRUE	1016	59	5.668093794597747
ENSG00000086504	HAGHL_TSS_1_AND_HAGHL_TSS_2	1008	91807	TRUE	2.1456986795506855e-10	-0.40562152479106084	TRUE	1016	59	12.96360302926133
ENSG00000103202	HAGHL_TSS_1_AND_HAGHL_TSS_2	919	82545	TRUE	3.875424314677772e-9	-0.4052891566209875	TRUE	1016	59	3.9204245966019773
ENSG00000140990	HAGHL_TSS_1_AND_HAGHL_TSS_2	1012	91874	TRUE	5.01946144771126e-9	-0.40880716093355796	TRUE	1016	59	18.28205048074419
ENSG00000174109	HAGHL_TSS_1_AND_HAGHL_TSS_2	789	70288	TRUE	2.3453551696558846e-8	-0.4766511382353623	TRUE	1016	59	2.0785232871860577
ENSG00000127561	HAGHL_TSS_1_AND_HAGHL_TSS_2	657	58124	TRUE	2.562810176934689e-8	-0.47168987668895007	TRUE	1016	59	1.3043220100628146
ENSG00000131653	HAGHL_TSS_1_AND_HAGHL_TSS_2	624	55162	TRUE	1.298165108242291e-7	-0.45304416854909624	TRUE	1016	59	1.124816400512516
ENSG00000065057	HAGHL_TSS_1_AND_HAGHL_TSS_2	892	80340	TRUE	3.553026840813641e-7	-0.40412236455591644	TRUE	1016	59	3.6725939352271424
ENSG00000074071	HAGHL_TSS_1_AND_HAGHL_TSS_2	963	87765	TRUE	4.147539586216399e-7	-0.4150760198805954	TRUE	1016	59	8.00711480567101
ENSG00000198736	HAGHL_TSS_1_AND_HAGHL_TSS_2	701	60819	TRUE	7.461768388757192e-7	-0.4155867534477434	TRUE	1016	59	1.5289644468056294
ENSG00000103266	HAGHL_TSS_1_AND_HAGHL_TSS_2	810	72132	TRUE	1.2320238162214587e-6	-0.4099575667334987	TRUE	1016	59	2.2476744064918694
ENSG00000063854	HAGHL_TSS_1_AND_HAGHL_TSS_2	543	48820	TRUE	2.671575200512274e-5	-0.2902057349419991	TRUE	1016	59	1.0312509765930185
ENSG00000086506	HAGHL_TSS_1_AND_HAGHL_TSS_2	954	86712	TRUE	7.61643401730348e-5	-0.22416138169753497	TRUE	1016	59	10.380022292363304
ENSG00000140983	HAGHL_TSS_1_AND_HAGHL_TSS_2	641	55511	TRUE	1.5073772881627812e-4	-0.42361546622516555	TRUE	1016	59	1.1848495265477046
ENSG00000103254	HAGHL_TSS_1_AND_HAGHL_TSS_2	513	45210	TRUE	8e-4	-0.544164258371114	TRUE	1016	59	1.5716845318082857
ENSG00000007520	HAGHL_TSS_1_AND_HAGHL_TSS_2	919	83609	TRUE	8.684288768855963e-4	-0.27259065616564593	TRUE	1016	59	3.5910288863193642
ENSG00000065054	HAGHL_TSS_1_AND_HAGHL_TSS_2	553	46300	TRUE	0.001072652874347671	-0.37061896301337427	TRUE	1016	59	0.8916736981364001
ENSG00000162039	HAGHL_TSS_1_AND_HAGHL_TSS_2	703	63708	TRUE	0.0014067114168688014	-0.3455037035607237	TRUE	1016	59	1.6831567653155828
ENSG00000007376	HAGHL_TSS_1_AND_HAGHL_TSS_2	746	66788	TRUE	0.0014455493369142196	-0.4029402934691587	TRUE	1016	59	2.134722960092503
ENSG00000188536	HAGHL_TSS_1_AND_HAGHL_TSS_2	1016	92268	TRUE	0.004233269782526861	-0.019828666618824542	TRUE	1016	59	358.34205235580276
ENSG00000206053	HAGHL_TSS_1_AND_HAGHL_TSS_2	536	46680	TRUE	0.004657782978822071	-0.2641397772040892	TRUE	1016	59	0.8066502078189943
ENSG00000127554	HAGHL_TSS_1_AND_HAGHL_TSS_2	491	42527	TRUE	0.005055229872458912	-0.33127152819891986	TRUE	1016	59	0.7540131462441535
ENSG00000103253	HAGHL_TSS_1_AND_HAGHL_TSS_2	202	26107	TRUE	0.009997807281870455	-0.4257512951707434	TRUE	1016	59	0.4842859672698105
ENSG00000103275	HAGHL_TSS_1_AND_HAGHL_TSS_2	997	89376	TRUE	0.011108411092332487	-0.30736933060171223	TRUE	1016	59	8.007781493171661
ENSG00000095906	HAGHL_TSS_1_AND_HAGHL_TSS_2	748	67306	TRUE	0.011181426619989353	-0.3011329461989436	TRUE	1016	59	1.7336062585289123
ENSG00000103024	HAGHL_TSS_1_AND_HAGHL_TSS_2	282	22876	TRUE	0.014500572142535216	-0.3200882480971199	TRUE	1016	59	0.3398231194724835
ENSG00000103260	HAGHL_TSS_1_AND_HAGHL_TSS_2	273	23418	TRUE	0.018452116898952015	-0.3751485057392254	TRUE	1016	59	0.34295863412398303
ENSG00000086504	HAGHL_TSS_1_AND_HAGHL_TSS_2	1008	91807	TRUE	1.2379124277882123e-15	-0.46771257633308894	TRUE	1016	60	12.96360302926133
ENSG00000140990	HAGHL_TSS_1_AND_HAGHL_TSS_2	1012	91874	TRUE	1.9552682789300533e-12	-0.4671027601658535	TRUE	1016	60	18.28205048074419
ENSG00000007520	HAGHL_TSS_1_AND_HAGHL_TSS_2	919	83609	TRUE	1.4720378245084388e-11	-0.441096380522624	TRUE	1016	60	3.5910288863193642
ENSG00000065057	HAGHL_TSS_1_AND_HAGHL_TSS_2	892	80340	TRUE	6.34025584023621e-11	-0.49112772537046023	TRUE	1016	60	3.6725939352271424
ENSG00000167969	HAGHL_TSS_1_AND_HAGHL_TSS_2	984	89319	TRUE	3.4763133280092684e-8	-0.32782961276518385	TRUE	1016	60	5.668093794597747
ENSG00000103275	HAGHL_TSS_1_AND_HAGHL_TSS_2	997	89376	TRUE	3.194910897604588e-7	-0.4200746656359513	TRUE	1016	60	8.007781493171661
ENSG00000095906	HAGHL_TSS_1_AND_HAGHL_TSS_2	748	67306	TRUE	1.2759852501439658e-6	-0.42972529767253137	TRUE	1016	60	1.7336062585289123
ENSG00000065054	HAGHL_TSS_1_AND_HAGHL_TSS_2	553	46300	TRUE	2.6140356492146584e-6	-0.4895446592089928	TRUE	1016	60	0.8916736981364001
ENSG00000188536	HAGHL_TSS_1_AND_HAGHL_TSS_2	1016	92268	TRUE	1.258202666841804e-5	-0.17290109933385978	TRUE	1016	60	358.34205235580276
ENSG00000103266	HAGHL_TSS_1_AND_HAGHL_TSS_2	810	72132	TRUE	2.2743564189109692e-5	-0.3755965480263148	TRUE	1016	60	2.2476744064918694
ENSG00000127561	HAGHL_TSS_1_AND_HAGHL_TSS_2	657	58124	TRUE	7.3940376968783e-5	-0.4010246725100898	TRUE	1016	60	1.3043220100628146
ENSG00000127554	HAGHL_TSS_1_AND_HAGHL_TSS_2	491	42527	TRUE	7.81109626650997e-5	-0.4138686142774434	TRUE	1016	60	0.7540131462441535
ENSG00000086506	HAGHL_TSS_1_AND_HAGHL_TSS_2	954	86712	TRUE	1.285780921478838e-4	-0.22740148742377064	TRUE	1016	60	10.380022292363304
ENSG00000162039	HAGHL_TSS_1_AND_HAGHL_TSS_2	703	63708	TRUE	1.84402272334825e-4	-0.3785992346440074	TRUE	1016	60	1.6831567653155828
ENSG00000103202	HAGHL_TSS_1_AND_HAGHL_TSS_2	919	82545	TRUE	4.155846007439755e-4	-0.27796905396105975	TRUE	1016	60	3.9204245966019773
ENSG00000140983	HAGHL_TSS_1_AND_HAGHL_TSS_2	641	55511	TRUE	5.448847882477525e-4	-0.38724307656020374	TRUE	1016	60	1.1848495265477046
ENSG00000103254	HAGHL_TSS_1_AND_HAGHL_TSS_2	513	45210	TRUE	8e-4	-0.5683215769658101	TRUE	1016	60	1.5716845318082857
ENSG00000103260	HAGHL_TSS_1_AND_HAGHL_TSS_2	273	23418	TRUE	8.824129705413694e-4	-0.4897516273790816	TRUE	1016	60	0.34295863412398303
ENSG00000174109	HAGHL_TSS_1_AND_HAGHL_TSS_2	789	70288	TRUE	0.0015737626382902811	-0.3329078583946258	TRUE	1016	60	2.0785232871860577
ENSG00000198736	HAGHL_TSS_1_AND_HAGHL_TSS_2	701	60819	TRUE	0.0018100562914791368	-0.28907237208188796	TRUE	1016	60	1.5289644468056294
ENSG00000103024	HAGHL_TSS_1_AND_HAGHL_TSS_2	282	22876	TRUE	0.00465502729610847	-0.38421858551683563	TRUE	1016	60	0.3398231194724835
ENSG00000206053	HAGHL_TSS_1_AND_HAGHL_TSS_2	536	46680	TRUE	0.004934994650818474	-0.2421134708740903	TRUE	1016	60	0.8066502078189943
ENSG00000063854	HAGHL_TSS_1_AND_HAGHL_TSS_2	543	48820	TRUE	0.0070583821509478395	-0.17213793496049293	TRUE	1016	60	1.0312509765930185
ENSG00000074071	HAGHL_TSS_1_AND_HAGHL_TSS_2	963	87765	TRUE	0.007219370996833813	-0.2954811616508737	TRUE	1016	60	8.00711480567101
ENSG00000103253	HAGHL_TSS_1_AND_HAGHL_TSS_2	202	26107	TRUE	0.019179996810004624	-0.4057413344392491	TRUE	1016	60	0.4842859672698105
ENSG00000007376	HAGHL_TSS_1_AND_HAGHL_TSS_2	746	66788	TRUE	0.04	-0.30384944996597996	TRUE	1016	60	2.134722960092503
ENSG00000131653	HAGHL_TSS_1_AND_HAGHL_TSS_2	624	55162	TRUE	0.044	-0.23495188464627384	TRUE	1016	60	1.124816400512516
ENSG00000007520	HAGHL_TSS_1_AND_HAGHL_TSS_2	919	83609	TRUE	1.2347455708455585e-16	-0.5230479425705701	TRUE	1016	61	3.5910288863193642
ENSG00000174109	HAGHL_TSS_1_AND_HAGHL_TSS_2	789	70288	TRUE	3.212302746560519e-12	-0.5566663389571699	TRUE	1016	61	2.0785232871860577
ENSG00000127561	HAGHL_TSS_1_AND_HAGHL_TSS_2	657	58124	TRUE	1.5018341054060398e-11	-0.5706049027616372	TRUE	1016	61	1.3043220100628146
ENSG00000086504	HAGHL_TSS_1_AND_HAGHL_TSS_2	1008	91807	TRUE	4.691208582976791e-10	-0.39376200994646293	TRUE	1016	61	12.96360302926133
ENSG00000167969	HAGHL_TSS_1_AND_HAGHL_TSS_2	984	89319	TRUE	6.317604009680909e-10	-0.34013860360754755	TRUE	1016	61	5.668093794597747
ENSG00000140990	HAGHL_TSS_1_AND_HAGHL_TSS_2	1012	91874	TRUE	2.003279526657342e-8	-0.3984209659580924	TRUE	1016	61	18.28205048074419
ENSG00000131653	HAGHL_TSS_1_AND_HAGHL_TSS_2	624	55162	TRUE	2.5829136410300698e-8	-0.4630978332130191	TRUE	1016	61	1.124816400512516
ENSG00000103202	HAGHL_TSS_1_AND_HAGHL_TSS_2	919	82545	TRUE	3.061730341903223e-7	-0.35977739825815336	TRUE	1016	61	3.9204245966019773
ENSG00000065057	HAGHL_TSS_1_AND_HAGHL_TSS_2	892	80340	TRUE	3.2067575632204436e-7	-0.391488376418625	TRUE	1016	61	3.6725939352271424
ENSG00000095906	HAGHL_TSS_1_AND_HAGHL_TSS_2	748	67306	TRUE	1.2727003617495492e-6	-0.43077644164681966	TRUE	1016	61	1.7336062585289123
ENSG00000007376	HAGHL_TSS_1_AND_HAGHL_TSS_2	746	66788	TRUE	1.4045897674805005e-6	-0.5066516429912664	TRUE	1016	61	2.134722960092503
ENSG00000103275	HAGHL_TSS_1_AND_HAGHL_TSS_2	997	89376	TRUE	2.085016524956901e-5	-0.38517532558022527	TRUE	1016	61	8.007781493171661
ENSG00000103266	HAGHL_TSS_1_AND_HAGHL_TSS_2	810	72132	TRUE	2.172607000144487e-5	-0.3946737852214618	TRUE	1016	61	2.2476744064918694
ENSG00000086506	HAGHL_TSS_1_AND_HAGHL_TSS_2	954	86712	TRUE	5.544562236727696e-5	-0.2826634083026027	TRUE	1016	61	10.380022292363304
ENSG00000065054	HAGHL_TSS_1_AND_HAGHL_TSS_2	553	46300	TRUE	8.512316895048153e-5	-0.42068280106418876	TRUE	1016	61	0.8916736981364001
ENSG00000127554	HAGHL_TSS_1_AND_HAGHL_TSS_2	491	42527	TRUE	2.166903986830929e-4	-0.3921735431781244	TRUE	1016	61	0.7540131462441535
ENSG00000140983	HAGHL_TSS_1_AND_HAGHL_TSS_2	641	55511	TRUE	2.5443847629921107e-4	-0.40683088192960193	TRUE	1016	61	1.1848495265477046
ENSG00000074071	HAGHL_TSS_1_AND_HAGHL_TSS_2	963	87765	TRUE	3.889140696361239e-4	-0.33837437201072706	TRUE	1016	61	8.00711480567101
ENSG00000198736	HAGHL_TSS_1_AND_HAGHL_TSS_2	701	60819	TRUE	0.0016897879994221612	-0.2966626678962798	TRUE	1016	61	1.5289644468056294
ENSG00000103024	HAGHL_TSS_1_AND_HAGHL_TSS_2	282	22876	TRUE	0.0027088947389188947	-0.36252351441751673	TRUE	1016	61	0.3398231194724835
ENSG00000162039	HAGHL_TSS_1_AND_HAGHL_TSS_2	703	63708	TRUE	0.0030186378212872372	-0.3343002265385725	TRUE	1016	61	1.6831567653155828
ENSG00000103253	HAGHL_TSS_1_AND_HAGHL_TSS_2	202	26107	TRUE	0.010972238189123379	-0.4501354537977025	TRUE	1016	61	0.4842859672698105
ENSG00000063854	HAGHL_TSS_1_AND_HAGHL_TSS_2	543	48820	TRUE	0.014752392692749472	-0.17213793496049293	TRUE	1016	61	1.0312509765930185
ENSG00000188536	HAGHL_TSS_1_AND_HAGHL_TSS_2	1016	92268	TRUE	0.024	-0.06799688029685136	TRUE	1016	61	358.34205235580276
ENSG00000103260	HAGHL_TSS_1_AND_HAGHL_TSS_2	273	23418	TRUE	0.036	-0.3856791732313949	TRUE	1016	61	0.34295863412398303
ENSG00000206053	HAGHL_TSS_1_AND_HAGHL_TSS_2	536	46680	TRUE	0.044	-0.22041839977477107	TRUE	1016	61	0.8066502078189943
ENSG00000103254	HAGHL_TSS_1_AND_HAGHL_TSS_2	513	45210	TRUE	0.104	-0.42418947589452516	FALSE	1016	61	1.5716845318082857
ENSG00000140990	HAGHL_TSS_1_AND_HAGHL_TSS_2	1012	91874	TRUE	2.89200681033772e-8	-0.3910200166795357	TRUE	1016	62	18.28205048074419
ENSG00000103266	HAGHL_TSS_1_AND_HAGHL_TSS_2	810	72132	TRUE	2.998777792561193e-8	-0.44515697900270224	TRUE	1016	62	2.2476744064918694
ENSG00000162039	HAGHL_TSS_1_AND_HAGHL_TSS_2	703	63708	TRUE	1.2845255981843297e-7	-0.463710068242171	TRUE	1016	62	1.6831567653155828
ENSG00000007520	HAGHL_TSS_1_AND_HAGHL_TSS_2	919	83609	TRUE	2.0469616509096063e-7	-0.36403491736301263	TRUE	1016	62	3.5910288863193642
ENSG00000167969	HAGHL_TSS_1_AND_HAGHL_TSS_2	984	89319	TRUE	3.101654324638996e-6	-0.27875062165084286	TRUE	1016	62	5.668093794597747
ENSG00000086504	HAGHL_TSS_1_AND_HAGHL_TSS_2	1008	91807	TRUE	3.602884462526883e-6	-0.3317167611902856	TRUE	1016	62	12.96360302926133
ENSG00000074071	HAGHL_TSS_1_AND_HAGHL_TSS_2	963	87765	TRUE	5.9179295935638595e-6	-0.3889767665880206	TRUE	1016	62	8.00711480567101
ENSG00000065057	HAGHL_TSS_1_AND_HAGHL_TSS_2	892	80340	TRUE	6.04032836883611e-5	-0.34249814466528705	TRUE	1016	62	3.6725939352271424
ENSG00000007376	HAGHL_TSS_1_AND_HAGHL_TSS_2	746	66788	TRUE	1.2457899833762023e-4	-0.4298758724402073	TRUE	1016	62	2.134722960092503
ENSG00000127554	HAGHL_TSS_1_AND_HAGHL_TSS_2	491	42527	TRUE	1.6240877725084198e-4	-0.42361659082900566	TRUE	1016	62	0.7540131462441535
ENSG00000095906	HAGHL_TSS_1_AND_HAGHL_TSS_2	748	67306	TRUE	3.23614887764008e-4	-0.36701189911772736	TRUE	1016	62	1.7336062585289123
ENSG00000086506	HAGHL_TSS_1_AND_HAGHL_TSS_2	954	86712	TRUE	3.944779513314666e-4	-0.24090284649486726	TRUE	1016	62	10.380022292363304
ENSG00000103254	HAGHL_TSS_1_AND_HAGHL_TSS_2	513	45210	TRUE	4e-4	-0.5348779134013785	TRUE	1016	62	1.5716845318082857
ENSG00000174109	HAGHL_TSS_1_AND_HAGHL_TSS_2	789	70288	TRUE	4.000927457186083e-4	-0.3551988690039991	TRUE	1016	62	2.0785232871860577
ENSG00000103253	HAGHL_TSS_1_AND_HAGHL_TSS_2	202	26107	TRUE	0.0018754523064877984	-0.48750230626218727	TRUE	1016	62	0.4842859672698105
ENSG00000103202	HAGHL_TSS_1_AND_HAGHL_TSS_2	919	82545	TRUE	0.002900736812907676	-0.26265728833709057	TRUE	1016	62	3.9204245966019773
ENSG00000140983	HAGHL_TSS_1_AND_HAGHL_TSS_2	641	55511	TRUE	0.004486124424766452	-0.34593610240329004	TRUE	1016	62	1.1848495265477046
ENSG00000127561	HAGHL_TSS_1_AND_HAGHL_TSS_2	657	58124	TRUE	0.004726820214262458	-0.31794964270784265	TRUE	1016	62	1.3043220100628146
ENSG00000131653	HAGHL_TSS_1_AND_HAGHL_TSS_2	624	55162	TRUE	0.0061863204438615815	-0.2875788152974838	TRUE	1016	62	1.124816400512516
ENSG00000198736	HAGHL_TSS_1_AND_HAGHL_TSS_2	701	60819	TRUE	0.012433520149502386	-0.24960246748724707	TRUE	1016	62	1.5289644468056294
ENSG00000065054	HAGHL_TSS_1_AND_HAGHL_TSS_2	553	46300	TRUE	0.024	-0.307087769222229	TRUE	1016	62	0.8916736981364001
ENSG00000206053	HAGHL_TSS_1_AND_HAGHL_TSS_2	536	46680	TRUE	0.032	-0.22630295602662798	TRUE	1016	62	0.8066502078189943
ENSG00000103260	HAGHL_TSS_1_AND_HAGHL_TSS_2	273	23418	TRUE	0.04	-0.3751485057392254	TRUE	1016	62	0.34295863412398303
ENSG00000103275	HAGHL_TSS_1_AND_HAGHL_TSS_2	997	89376	TRUE	0.044	-0.28527366226584006	TRUE	1016	62	8.007781493171661
ENSG00000188536	HAGHL_TSS_1_AND_HAGHL_TSS_2	1016	92268	TRUE	0.096	0.010184980800911347	FALSE	1016	62	358.34205235580276
ENSG00000063854	HAGHL_TSS_1_AND_HAGHL_TSS_2	543	48820	TRUE	0.304	-0.07893147415665766	FALSE	1016	62	1.0312509765930185
ENSG00000103024	HAGHL_TSS_1_AND_HAGHL_TSS_2	282	22876	TRUE	0.728	-0.11572974959093352	FALSE	1016	62	0.3398231194724835
ENSG00000074071	HAGHL_TSS_1_AND_HAGHL_TSS_2	963	87765	TRUE	3.484914906212347e-13	-0.5378550802026125	TRUE	1016	63	8.00711480567101
ENSG00000103275	HAGHL_TSS_1_AND_HAGHL_TSS_2	997	89376	TRUE	1.091419831179221e-12	-0.5226349256559581	TRUE	1016	63	8.007781493171661
ENSG00000174109	HAGHL_TSS_1_AND_HAGHL_TSS_2	789	70288	TRUE	2.4222204164995443e-12	-0.5547542180133929	TRUE	1016	63	2.0785232871860577
ENSG00000127561	HAGHL_TSS_1_AND_HAGHL_TSS_2	657	58124	TRUE	3.671435876411329e-10	-0.5368740454490876	TRUE	1016	63	1.3043220100628146
ENSG00000103202	HAGHL_TSS_1_AND_HAGHL_TSS_2	919	82545	TRUE	5.746104667680455e-10	-0.41842598272163367	TRUE	1016	63	3.9204245966019773
ENSG00000007376	HAGHL_TSS_1_AND_HAGHL_TSS_2	746	66788	TRUE	2.5032652584033497e-9	-0.5651720120683984	TRUE	1016	63	2.134722960092503
ENSG00000007520	HAGHL_TSS_1_AND_HAGHL_TSS_2	919	83609	TRUE	3.856106351853985e-9	-0.40130579471678596	TRUE	1016	63	3.5910288863193642
ENSG00000086504	HAGHL_TSS_1_AND_HAGHL_TSS_2	1008	91807	TRUE	7.60129843824128e-9	-0.38671983487059114	TRUE	1016	63	12.96360302926133
ENSG00000095906	HAGHL_TSS_1_AND_HAGHL_TSS_2	748	67306	TRUE	1.0441171875651112e-6	-0.4349886929337341	TRUE	1016	63	1.7336062585289123
ENSG00000162039	HAGHL_TSS_1_AND_HAGHL_TSS_2	703	63708	TRUE	1.3024783877954235e-6	-0.44059122491116026	TRUE	1016	63	1.6831567653155828
ENSG00000065057	HAGHL_TSS_1_AND_HAGHL_TSS_2	892	80340	TRUE	2.0715646691818294e-6	-0.39584917079442317	TRUE	1016	63	3.6725939352271424
ENSG00000140983	HAGHL_TSS_1_AND_HAGHL_TSS_2	641	55511	TRUE	6.729935598411742e-6	-0.4656613628059434	TRUE	1016	63	1.1848495265477046
ENSG00000140990	HAGHL_TSS_1_AND_HAGHL_TSS_2	1012	91874	TRUE	2.754281570589278e-5	-0.34833701577062914	TRUE	1016	63	18.28205048074419
ENSG00000063854	HAGHL_TSS_1_AND_HAGHL_TSS_2	543	48820	TRUE	4.62137876371671e-5	-0.2969631011173077	TRUE	1016	63	1.0312509765930185
ENSG00000206053	HAGHL_TSS_1_AND_HAGHL_TSS_2	536	46680	TRUE	0.00010812468628387069	-0.32387444269702836	TRUE	1016	63	0.8066502078189943
ENSG00000127554	HAGHL_TSS_1_AND_HAGHL_TSS_2	491	42527	TRUE	1.0849188472925562e-4	-0.4187343694492594	TRUE	1016	63	0.7540131462441535
ENSG00000198736	HAGHL_TSS_1_AND_HAGHL_TSS_2	701	60819	TRUE	1.1905331301397134e-4	-0.34981477438483605	TRUE	1016	63	1.5289644468056294
ENSG00000188536	HAGHL_TSS_1_AND_HAGHL_TSS_2	1016	92268	TRUE	1.778763514450228e-4	-0.09400393538360063	TRUE	1016	63	358.34205235580276
ENSG00000167969	HAGHL_TSS_1_AND_HAGHL_TSS_2	984	89319	TRUE	4.0116081885241753e-4	-0.24026126636219436	TRUE	1016	63	5.668093794597747
ENSG00000131653	HAGHL_TSS_1_AND_HAGHL_TSS_2	624	55162	TRUE	0.0012218321676788074	-0.3268177100374683	TRUE	1016	63	1.124816400512516
ENSG00000103266	HAGHL_TSS_1_AND_HAGHL_TSS_2	810	72132	TRUE	0.0022151636361117076	-0.3221142177555443	TRUE	1016	63	2.2476744064918694
ENSG00000065054	HAGHL_TSS_1_AND_HAGHL_TSS_2	553	46300	TRUE	0.0048660197469581265	-0.3686520983039733	TRUE	1016	63	0.8916736981364001
ENSG00000103254	HAGHL_TSS_1_AND_HAGHL_TSS_2	513	45210	TRUE	0.0056	-0.5295981452364499	TRUE	1016	63	1.5716845318082857
ENSG00000086506	HAGHL_TSS_1_AND_HAGHL_TSS_2	954	86712	TRUE	0.021328801081350574	-0.21862378864519139	TRUE	1016	63	10.380022292363304
ENSG00000103024	HAGHL_TSS_1_AND_HAGHL_TSS_2	282	22876	TRUE	0.024	-0.34646366352141733	TRUE	1016	63	0.3398231194724835
ENSG00000103260	HAGHL_TSS_1_AND_HAGHL_TSS_2	273	23418	TRUE	0.028	-0.39628727279737586	TRUE	1016	63	0.34295863412398303
ENSG00000103253	HAGHL_TSS_1_AND_HAGHL_TSS_2	202	26107	TRUE	0.308	-0.2838582293705345	FALSE	1016	63	0.4842859672698105
ENSG00000198736	HAGHL_TSS_1_AND_HAGHL_TSS_2	701	60819	TRUE	1.3639891783167652e-9	-0.48450108372483053	TRUE	1016	64	1.5289644468056294
ENSG00000065057	HAGHL_TSS_1_AND_HAGHL_TSS_2	892	80340	TRUE	2.182595204794848e-8	-0.425262932561719	TRUE	1016	64	3.6725939352271424
ENSG00000103202	HAGHL_TSS_1_AND_HAGHL_TSS_2	919	82545	TRUE	2.284905590937858e-8	-0.39088299849901476	TRUE	1016	64	3.9204245966019773
ENSG00000086504	HAGHL_TSS_1_AND_HAGHL_TSS_2	1008	91807	TRUE	2.3358298954442428e-8	-0.3774281653024718	TRUE	1016	64	12.96360302926133
ENSG00000140983	HAGHL_TSS_1_AND_HAGHL_TSS_2	641	55511	TRUE	3.936172024046508e-8	-0.536920045975765	TRUE	1016	64	1.1848495265477046
ENSG00000103275	HAGHL_TSS_1_AND_HAGHL_TSS_2	997	89376	TRUE	5.745227614520175e-8	-0.4386435914747957	TRUE	1016	64	8.007781493171661
ENSG00000167969	HAGHL_TSS_1_AND_HAGHL_TSS_2	984	89319	TRUE	1.1080708977745305e-7	-0.31384730578861975	TRUE	1016	64	5.668093794597747
ENSG00000086506	HAGHL_TSS_1_AND_HAGHL_TSS_2	954	86712	TRUE	1.6821997616482242e-7	-0.3085739943592438	TRUE	1016	64	10.380022292363304
ENSG00000103266	HAGHL_TSS_1_AND_HAGHL_TSS_2	810	72132	TRUE	1.0013701204972654e-6	-0.41888064575511474	TRUE	1016	64	2.2476744064918694
ENSG00000174109	HAGHL_TSS_1_AND_HAGHL_TSS_2	789	70288	TRUE	1.5404448036738627e-6	-0.4181195259915471	TRUE	1016	64	2.0785232871860577
ENSG00000162039	HAGHL_TSS_1_AND_HAGHL_TSS_2	703	63708	TRUE	2.2854233684363196e-6	-0.44825641583565823	TRUE	1016	64	1.6831567653155828
ENSG00000007520	HAGHL_TSS_1_AND_HAGHL_TSS_2	919	83609	TRUE	5.867880769267947e-6	-0.33907749454144476	TRUE	1016	64	3.5910288863193642
ENSG00000140990	HAGHL_TSS_1_AND_HAGHL_TSS_2	1012	91874	TRUE	6.59283293040269e-6	-0.3686596753287881	TRUE	1016	64	18.28205048074419
ENSG00000206053	HAGHL_TSS_1_AND_HAGHL_TSS_2	536	46680	TRUE	1.1643833673942797e-5	-0.36007680822837984	TRUE	1016	64	0.8066502078189943
ENSG00000131653	HAGHL_TSS_1_AND_HAGHL_TSS_2	624	55162	TRUE	7.320858165831261e-5	-0.3468447647171711	TRUE	1016	64	1.124816400512516
ENSG00000127554	HAGHL_TSS_1_AND_HAGHL_TSS_2	491	42527	TRUE	8.030454950598781e-5	-0.4114418768829033	TRUE	1016	64	0.7540131462441535
ENSG00000095906	HAGHL_TSS_1_AND_HAGHL_TSS_2	748	67306	TRUE	1.0720048713476916e-4	-0.375082941375744	TRUE	1016	64	1.7336062585289123
ENSG00000074071	HAGHL_TSS_1_AND_HAGHL_TSS_2	963	87765	TRUE	3.4734353378415225e-4	-0.3467969510957216	TRUE	1016	64	8.00711480567101
ENSG00000103254	HAGHL_TSS_1_AND_HAGHL_TSS_2	513	45210	TRUE	4e-4	-0.558878938968464	TRUE	1016	64	1.5716845318082857
ENSG00000103260	HAGHL_TSS_1_AND_HAGHL_TSS_2	273	23418	TRUE	4.315546370012701e-4	-0.5242400037643722	TRUE	1016	64	0.34295863412398303
ENSG00000127561	HAGHL_TSS_1_AND_HAGHL_TSS_2	657	58124	TRUE	9.338887660439998e-4	-0.3402564224334237	TRUE	1016	64	1.3043220100628146
ENSG00000063854	HAGHL_TSS_1_AND_HAGHL_TSS_2	543	48820	TRUE	0.024	-0.15822860882776932	TRUE	1016	64	1.0312509765930185
ENSG00000103253	HAGHL_TSS_1_AND_HAGHL_TSS_2	202	26107	TRUE	0.036	-0.4057413344392491	TRUE	1016	64	0.4842859672698105
ENSG00000103024	HAGHL_TSS_1_AND_HAGHL_TSS_2	282	22876	TRUE	0.04	-0.2788655853706068	TRUE	1016	64	0.3398231194724835
ENSG00000007376	HAGHL_TSS_1_AND_HAGHL_TSS_2	746	66788	TRUE	0.068	-0.31243926990191007	TRUE	1016	64	2.134722960092503
ENSG00000188536	HAGHL_TSS_1_AND_HAGHL_TSS_2	1016	92268	TRUE	0.12	0.0307933238850282	FALSE	1016	64	358.34205235580276
ENSG00000065054	HAGHL_TSS_1_AND_HAGHL_TSS_2	553	46300	TRUE	0.14	-0.23903217362987159	FALSE	1016	64	0.8916736981364001
ENSG00000086504	HAGHL_TSS_1_AND_HAGHL_TSS_2	1008	91807	TRUE	8.021515236333897e-15	-0.4722925644363487	TRUE	1016	65	12.96360302926133
ENSG00000007520	HAGHL_TSS_1_AND_HAGHL_TSS_2	919	83609	TRUE	1.0542839268320783e-12	-0.45546699423634474	TRUE	1016	65	3.5910288863193642
ENSG00000140990	HAGHL_TSS_1_AND_HAGHL_TSS_2	1012	91874	TRUE	3.1366962006194815e-12	-0.4432392328312229	TRUE	1016	65	18.28205048074419
ENSG00000103275	HAGHL_TSS_1_AND_HAGHL_TSS_2	997	89376	TRUE	1.4593401720085501e-8	-0.43909949131770754	TRUE	1016	65	8.007781493171661
ENSG00000103266	HAGHL_TSS_1_AND_HAGHL_TSS_2	810	72132	TRUE	3.043771150331191e-8	-0.4635036371757423	TRUE	1016	65	2.2476744064918694
ENSG00000074071	HAGHL_TSS_1_AND_HAGHL_TSS_2	963	87765	TRUE	2.8318931538897285e-6	-0.39977491667487053	TRUE	1016	65	8.00711480567101
ENSG00000167969	HAGHL_TSS_1_AND_HAGHL_TSS_2	984	89319	TRUE	4.778019787536792e-6	-0.288026571088257	TRUE	1016	65	5.668093794597747
ENSG00000065057	HAGHL_TSS_1_AND_HAGHL_TSS_2	892	80340	TRUE	6.221827038943237e-6	-0.366547548455034	TRUE	1016	65	3.6725939352271424
ENSG00000103202	HAGHL_TSS_1_AND_HAGHL_TSS_2	919	82545	TRUE	1.3977478031589226e-5	-0.31785378873491266	TRUE	1016	65	3.9204245966019773
ENSG00000063854	HAGHL_TSS_1_AND_HAGHL_TSS_2	543	48820	TRUE	1.4704610430273535e-5	-0.30545456201094734	TRUE	1016	65	1.0312509765930185
ENSG00000174109	HAGHL_TSS_1_AND_HAGHL_TSS_2	789	70288	TRUE	2.0631336287321245e-5	-0.3888688928936357	TRUE	1016	65	2.0785232871860577
ENSG00000007376	HAGHL_TSS_1_AND_HAGHL_TSS_2	746	66788	TRUE	7.629778290186174e-5	-0.4443926067570785	TRUE	1016	65	2.134722960092503
ENSG00000127561	HAGHL_TSS_1_AND_HAGHL_TSS_2	657	58124	TRUE	9.2059865541188e-5	-0.3832049347646947	TRUE	1016	65	1.3043220100628146
ENSG00000095906	HAGHL_TSS_1_AND_HAGHL_TSS_2	748	67306	TRUE	1.3221650764165104e-4	-0.36600618625658193	TRUE	1016	65	1.7336062585289123
ENSG00000188536	HAGHL_TSS_1_AND_HAGHL_TSS_2	1016	92268	TRUE	4.028582167176567e-4	-0.03656163210743557	TRUE	1016	65	358.34205235580276
ENSG00000162039	HAGHL_TSS_1_AND_HAGHL_TSS_2	703	63708	TRUE	7.017827628858085e-4	-0.3526787558534271	TRUE	1016	65	1.6831567653155828
ENSG00000206053	HAGHL_TSS_1_AND_HAGHL_TSS_2	536	46680	TRUE	0.001042050916126639	-0.28855832979730556	TRUE	1016	65	0.8066502078189943
ENSG00000127554	HAGHL_TSS_1_AND_HAGHL_TSS_2	491	42527	TRUE	0.0029092494169750474	-0.3497382768577277	TRUE	1016	65	0.7540131462441535
ENSG00000065054	HAGHL_TSS_1_AND_HAGHL_TSS_2	553	46300	TRUE	0.003050286414731998	-0.3375415657639429	TRUE	1016	65	0.8916736981364001
ENSG00000086506	HAGHL_TSS_1_AND_HAGHL_TSS_2	954	86712	TRUE	0.0053516721655487015	-0.17001615657895686	TRUE	1016	65	10.380022292363304
ENSG00000140983	HAGHL_TSS_1_AND_HAGHL_TSS_2	641	55511	TRUE	0.005448025865262093	-0.34593610240329004	TRUE	1016	65	1.1848495265477046
ENSG00000103254	HAGHL_TSS_1_AND_HAGHL_TSS_2	513	45210	TRUE	0.007062812012353523	-0.4854835289519849	TRUE	1016	65	1.5716845318082857
ENSG00000103024	HAGHL_TSS_1_AND_HAGHL_TSS_2	282	22876	TRUE	0.00970689776498189	-0.36252351441751673	TRUE	1016	65	0.3398231194724835
ENSG00000198736	HAGHL_TSS_1_AND_HAGHL_TSS_2	701	60819	TRUE	0.011509891462817612	-0.2697358869842886	TRUE	1016	65	1.5289644468056294
ENSG00000131653	HAGHL_TSS_1_AND_HAGHL_TSS_2	624	55162	TRUE	0.012069159339151564	-0.2698223444933262	TRUE	1016	65	1.124816400512516
ENSG00000103253	HAGHL_TSS_1_AND_HAGHL_TSS_2	202	26107	TRUE	0.02364223718071895	-0.4097211853517946	TRUE	1016	65	0.4842859672698105
ENSG00000103260	HAGHL_TSS_1_AND_HAGHL_TSS_2	273	23418	TRUE	0.06	-0.3035106316505687	TRUE	1016	65	0.34295863412398303
ENSG00000140990	HAGHL_TSS_1_AND_HAGHL_TSS_2	1012	91874	TRUE	7.777500343107919e-11	-0.43550519974817536	TRUE	1016	66	18.28205048074419
ENSG00000103266	HAGHL_TSS_1_AND_HAGHL_TSS_2	810	72132	TRUE	1.8207855918363607e-10	-0.5095510046951789	TRUE	1016	66	2.2476744064918694
ENSG00000086504	HAGHL_TSS_1_AND_HAGHL_TSS_2	1008	91807	TRUE	2.743704606872557e-10	-0.4041166509691747	TRUE	1016	66	12.96360302926133
ENSG00000103275	HAGHL_TSS_1_AND_HAGHL_TSS_2	997	89376	TRUE	1.9919034131505914e-9	-0.468115565177877	TRUE	1016	66	8.007781493171661
ENSG00000074071	HAGHL_TSS_1_AND_HAGHL_TSS_2	963	87765	TRUE	3.35700618088467e-8	-0.44522157719789357	TRUE	1016	66	8.00711480567101
ENSG00000162039	HAGHL_TSS_1_AND_HAGHL_TSS_2	703	63708	TRUE	9.685105936723315e-8	-0.4883338552109934	TRUE	1016	66	1.6831567653155828
ENSG00000103253	HAGHL_TSS_1_AND_HAGHL_TSS_2	202	26107	TRUE	3.007833026127618e-7	-0.7296579824200653	TRUE	1016	66	0.4842859672698105
ENSG00000103202	HAGHL_TSS_1_AND_HAGHL_TSS_2	919	82545	TRUE	3.0179466742140783e-7	-0.3634022620769075	TRUE	1016	66	3.9204245966019773
ENSG00000188536	HAGHL_TSS_1_AND_HAGHL_TSS_2	1016	92268	TRUE	6.1719949294675e-7	-0.14635878104796518	TRUE	1016	66	358.34205235580276
ENSG00000167969	HAGHL_TSS_1_AND_HAGHL_TSS_2	984	89319	TRUE	6.296929588993925e-7	-0.29122900312660116	TRUE	1016	66	5.668093794597747
ENSG00000131653	HAGHL_TSS_1_AND_HAGHL_TSS_2	624	55162	TRUE	1.4472899174057985e-6	-0.4282123155691608	TRUE	1016	66	1.124816400512516
ENSG00000086506	HAGHL_TSS_1_AND_HAGHL_TSS_2	954	86712	TRUE	1.6656780058823184e-6	-0.27785655676262033	TRUE	1016	66	10.380022292363304
ENSG00000174109	HAGHL_TSS_1_AND_HAGHL_TSS_2	789	70288	TRUE	1.7813797387997198e-6	-0.42160009472650906	TRUE	1016	66	2.0785232871860577
ENSG00000140983	HAGHL_TSS_1_AND_HAGHL_TSS_2	641	55511	TRUE	2.43996840262653e-6	-0.46882516898811466	TRUE	1016	66	1.1848495265477046
ENSG00000007520	HAGHL_TSS_1_AND_HAGHL_TSS_2	919	83609	TRUE	6.138278379562174e-6	-0.3381261624655032	TRUE	1016	66	3.5910288863193642
ENSG00000095906	HAGHL_TSS_1_AND_HAGHL_TSS_2	748	67306	TRUE	6.6603163555220405e-6	-0.4213436035615811	TRUE	1016	66	1.7336062585289123
ENSG00000007376	HAGHL_TSS_1_AND_HAGHL_TSS_2	746	66788	TRUE	1.4346484814734299e-5	-0.47124630686006763	TRUE	1016	66	2.134722960092503
ENSG00000065057	HAGHL_TSS_1_AND_HAGHL_TSS_2	892	80340	TRUE	1.5615584216921875e-5	-0.3770468640301392	TRUE	1016	66	3.6725939352271424
ENSG00000063854	HAGHL_TSS_1_AND_HAGHL_TSS_2	543	48820	TRUE	2.0904537388390923e-5	-0.28515840020468225	TRUE	1016	66	1.0312509765930185
ENSG00000127554	HAGHL_TSS_1_AND_HAGHL_TSS_2	491	42527	TRUE	2.1190673586974208e-5	-0.44083566187771267	TRUE	1016	66	0.7540131462441535
ENSG00000198736	HAGHL_TSS_1_AND_HAGHL_TSS_2	701	60819	TRUE	2.5480227090097195e-5	-0.35433379152025274	TRUE	1016	66	1.5289644468056294
ENSG00000103024	HAGHL_TSS_1_AND_HAGHL_TSS_2	282	22876	TRUE	3.619723079918485e-5	-0.5398694559770298	TRUE	1016	66	0.3398231194724835
ENSG00000127561	HAGHL_TSS_1_AND_HAGHL_TSS_2	657	58124	TRUE	0.0010065484179715952	-0.34954276740315937	TRUE	1016	66	1.3043220100628146
ENSG00000103254	HAGHL_TSS_1_AND_HAGHL_TSS_2	513	45210	TRUE	0.0016	-0.5348779134013785	TRUE	1016	66	1.5716845318082857
ENSG00000206053	HAGHL_TSS_1_AND_HAGHL_TSS_2	536	46680	TRUE	0.0025067315827215636	-0.270205777903443	TRUE	1016	66	0.8066502078189943
ENSG00000065054	HAGHL_TSS_1_AND_HAGHL_TSS_2	553	46300	TRUE	0.0030980532476564404	-0.36276754205211637	TRUE	1016	66	0.8916736981364001
ENSG00000103260	HAGHL_TSS_1_AND_HAGHL_TSS_2	273	23418	TRUE	0.0035576901381154935	-0.43951732485894524	TRUE	1016	66	0.34295863412398303
ENSG00000103275	HAGHL_TSS_1_AND_HAGHL_TSS_2	997	89376	TRUE	8.413163267550351e-14	-0.5260209675409695	TRUE	1016	67	8.007781493171661
ENSG00000086504	HAGHL_TSS_1_AND_HAGHL_TSS_2	1008	91807	TRUE	3.474691820462851e-11	-0.41909832796770985	TRUE	1016	67	12.96360302926133
ENSG00000065057	HAGHL_TSS_1_AND_HAGHL_TSS_2	892	80340	TRUE	6.248180726847133e-11	-0.4634024834277084	TRUE	1016	67	3.6725939352271424
ENSG00000095906	HAGHL_TSS_1_AND_HAGHL_TSS_2	748	67306	TRUE	1.543861679343799e-10	-0.5342983981169083	TRUE	1016	67	1.7336062585289123
ENSG00000140990	HAGHL_TSS_1_AND_HAGHL_TSS_2	1012	91874	TRUE	5.609624781086953e-10	-0.4214494657826595	TRUE	1016	67	18.28205048074419
ENSG00000167969	HAGHL_TSS_1_AND_HAGHL_TSS_2	984	89319	TRUE	6.337698133070997e-9	-0.3227565253793112	TRUE	1016	67	5.668093794597747
ENSG00000103266	HAGHL_TSS_1_AND_HAGHL_TSS_2	810	72132	TRUE	8.200506367603104e-9	-0.45513531301152155	TRUE	1016	67	2.2476744064918694
ENSG00000074071	HAGHL_TSS_1_AND_HAGHL_TSS_2	963	87765	TRUE	9.46631086041485e-9	-0.4383363248985468	TRUE	1016	67	8.00711480567101
ENSG00000007520	HAGHL_TSS_1_AND_HAGHL_TSS_2	919	83609	TRUE	2.85619040040249e-8	-0.3889390548331697	TRUE	1016	67	3.5910288863193642
ENSG00000206053	HAGHL_TSS_1_AND_HAGHL_TSS_2	536	46680	TRUE	3.3096762091732964e-7	-0.401643300954024	TRUE	1016	67	0.8066502078189943
ENSG00000007376	HAGHL_TSS_1_AND_HAGHL_TSS_2	746	66788	TRUE	1.8184603347249848e-6	-0.4808964768937869	TRUE	1016	67	2.134722960092503
ENSG00000127561	HAGHL_TSS_1_AND_HAGHL_TSS_2	657	58124	TRUE	2.2933405810594484e-6	-0.41906726989197157	TRUE	1016	67	1.3043220100628146
ENSG00000086506	HAGHL_TSS_1_AND_HAGHL_TSS_2	954	86712	TRUE	3.6872540161027962e-6	-0.26575039948194634	TRUE	1016	67	10.380022292363304
ENSG00000063854	HAGHL_TSS_1_AND_HAGHL_TSS_2	543	48820	TRUE	1.4332723514792495e-5	-0.2902057349419991	TRUE	1016	67	1.0312509765930185
ENSG00000140983	HAGHL_TSS_1_AND_HAGHL_TSS_2	641	55511	TRUE	4.409905764014366e-5	-0.43749505523137155	TRUE	1016	67	1.1848495265477046
ENSG00000174109	HAGHL_TSS_1_AND_HAGHL_TSS_2	789	70288	TRUE	1.0685410940917853e-4	-0.3736200658246873	TRUE	1016	67	2.0785232871860577
ENSG00000103202	HAGHL_TSS_1_AND_HAGHL_TSS_2	919	82545	TRUE	1.2749894884279966e-4	-0.2869765444548409	TRUE	1016	67	3.9204245966019773
ENSG00000162039	HAGHL_TSS_1_AND_HAGHL_TSS_2	703	63708	TRUE	4.303938876811797e-4	-0.3578257289932344	TRUE	1016	67	1.6831567653155828
ENSG00000198736	HAGHL_TSS_1_AND_HAGHL_TSS_2	701	60819	TRUE	4.764947008802315e-4	-0.3185718974710399	TRUE	1016	67	1.5289644468056294
ENSG00000188536	HAGHL_TSS_1_AND_HAGHL_TSS_2	1016	92268	TRUE	5.025474717175737e-4	-0.04037242833842569	TRUE	1016	67	358.34205235580276
ENSG00000127554	HAGHL_TSS_1_AND_HAGHL_TSS_2	491	42527	TRUE	0.0019190352227056034	-0.3520633298039714	TRUE	1016	67	0.7540131462441535
ENSG00000065054	HAGHL_TSS_1_AND_HAGHL_TSS_2	553	46300	TRUE	0.003151762056015202	-0.36081134508679	TRUE	1016	67	0.8916736981364001
ENSG00000103254	HAGHL_TSS_1_AND_HAGHL_TSS_2	513	45210	TRUE	0.0044	-0.5125711336757974	TRUE	1016	67	1.5716845318082857
ENSG00000103024	HAGHL_TSS_1_AND_HAGHL_TSS_2	282	22876	TRUE	0.024	-0.3411498636249495	TRUE	1016	67	0.3398231194724835
ENSG00000131653	HAGHL_TSS_1_AND_HAGHL_TSS_2	624	55162	TRUE	0.112	-0.21075218977494353	FALSE	1016	67	1.124816400512516
ENSG00000103260	HAGHL_TSS_1_AND_HAGHL_TSS_2	273	23418	TRUE	0.152	-0.2544346399531425	FALSE	1016	67	0.34295863412398303
ENSG00000103253	HAGHL_TSS_1_AND_HAGHL_TSS_2	202	26107	TRUE	0.228	-0.3133773162905895	FALSE	1016	67	0.4842859672698105
ENSG00000167969	HAGHL_TSS_1_AND_HAGHL_TSS_2	984	89319	TRUE	2.0891291718317253e-13	-0.4067790857724871	TRUE	1016	68	5.668093794597747
ENSG00000103202	HAGHL_TSS_1_AND_HAGHL_TSS_2	919	82545	TRUE	1.0523317149371646e-10	-0.4222014380418453	TRUE	1016	68	3.9204245966019773
ENSG00000074071	HAGHL_TSS_1_AND_HAGHL_TSS_2	963	87765	TRUE	1.1477363759613176e-10	-0.4882181827273926	TRUE	1016	68	8.00711480567101
ENSG00000007520	HAGHL_TSS_1_AND_HAGHL_TSS_2	919	83609	TRUE	6.868867607971787e-10	-0.4193022240106319	TRUE	1016	68	3.5910288863193642
ENSG00000086506	HAGHL_TSS_1_AND_HAGHL_TSS_2	954	86712	TRUE	7.01794137938676e-10	-0.3785467018871951	TRUE	1016	68	10.380022292363304
ENSG00000103275	HAGHL_TSS_1_AND_HAGHL_TSS_2	997	89376	TRUE	8.112694774831504e-9	-0.44710114821844815	TRUE	1016	68	8.007781493171661
ENSG00000065057	HAGHL_TSS_1_AND_HAGHL_TSS_2	892	80340	TRUE	1.5142176726405047e-8	-0.4342052858254686	TRUE	1016	68	3.6725939352271424
ENSG00000103266	HAGHL_TSS_1_AND_HAGHL_TSS_2	810	72132	TRUE	1.9761384861606894e-8	-0.46182608461359975	TRUE	1016	68	2.2476744064918694
ENSG00000127561	HAGHL_TSS_1_AND_HAGHL_TSS_2	657	58124	TRUE	8.365905226167712e-8	-0.47749549837015576	TRUE	1016	68	1.3043220100628146
ENSG00000065054	HAGHL_TSS_1_AND_HAGHL_TSS_2	553	46300	TRUE	1.470225274468964e-7	-0.5263445774119447	TRUE	1016	68	0.8916736981364001
ENSG00000162039	HAGHL_TSS_1_AND_HAGHL_TSS_2	703	63708	TRUE	7.061215818317907e-6	-0.44059122491116026	TRUE	1016	68	1.6831567653155828
ENSG00000063854	HAGHL_TSS_1_AND_HAGHL_TSS_2	543	48820	TRUE	3.51186608098168e-5	-0.2767852191796773	TRUE	1016	68	1.0312509765930185
ENSG00000131653	HAGHL_TSS_1_AND_HAGHL_TSS_2	624	55162	TRUE	3.951709942435176e-5	-0.3813831834216499	TRUE	1016	68	1.124816400512516
ENSG00000188536	HAGHL_TSS_1_AND_HAGHL_TSS_2	1016	92268	TRUE	2.819226409061827e-4	-0.12849617031553073	TRUE	1016	68	358.34205235580276
ENSG00000140983	HAGHL_TSS_1_AND_HAGHL_TSS_2	641	55511	TRUE	4e-4	-0.44682285738649075	TRUE	1016	68	1.1848495265477046
ENSG00000086504	HAGHL_TSS_1_AND_HAGHL_TSS_2	1008	91807	TRUE	4.367684291771779e-4	-0.2928422739294594	TRUE	1016	68	12.96360302926133
ENSG00000095906	HAGHL_TSS_1_AND_HAGHL_TSS_2	748	67306	TRUE	6.567667977839826e-4	-0.3500094037528877	TRUE	1016	68	1.7336062585289123
ENSG00000206053	HAGHL_TSS_1_AND_HAGHL_TSS_2	536	46680	TRUE	8.594582784737965e-4	-0.2865075902325436	TRUE	1016	68	0.8066502078189943
ENSG00000007376	HAGHL_TSS_1_AND_HAGHL_TSS_2	746	66788	TRUE	9.552234192547956e-4	-0.4012734012665208	TRUE	1016	68	2.134722960092503
ENSG00000103260	HAGHL_TSS_1_AND_HAGHL_TSS_2	273	23418	TRUE	0.0010772162675571455	-0.5011563906513308	TRUE	1016	68	0.34295863412398303
ENSG00000174109	HAGHL_TSS_1_AND_HAGHL_TSS_2	789	70288	TRUE	0.0011563694684149969	-0.33372733870117455	TRUE	1016	68	2.0785232871860577
ENSG00000103024	HAGHL_TSS_1_AND_HAGHL_TSS_2	282	22876	TRUE	0.0018914765804350225	-0.40070670830540456	TRUE	1016	68	0.3398231194724835
ENSG00000140990	HAGHL_TSS_1_AND_HAGHL_TSS_2	1012	91874	TRUE	0.002005295282728997	-0.30678898847609526	TRUE	1016	68	18.28205048074419
ENSG00000198736	HAGHL_TSS_1_AND_HAGHL_TSS_2	701	60819	TRUE	0.0021176456841271313	-0.29883867892854926	TRUE	1016	68	1.5289644468056294
ENSG00000103253	HAGHL_TSS_1_AND_HAGHL_TSS_2	202	26107	TRUE	0.0178770069383776	-0.4338336414686019	TRUE	1016	68	0.4842859672698105
ENSG00000127554	HAGHL_TSS_1_AND_HAGHL_TSS_2	491	42527	TRUE	0.028	-0.28833773219358444	TRUE	1016	68	0.7540131462441535
ENSG00000103254	HAGHL_TSS_1_AND_HAGHL_TSS_2	513	45210	TRUE	0.18	-0.4023116255268808	FALSE	1016	68	1.5716845318082857
ENSG00000140990	HAGHL_TSS_1_AND_HAGHL_TSS_2	1012	91874	TRUE	7.834898971939686e-16	-0.4988844334036946	TRUE	1016	69	18.28205048074419
ENSG00000167969	HAGHL_TSS_1_AND_HAGHL_TSS_2	984	89319	TRUE	3.1544791048185605e-15	-0.4229732575878513	TRUE	1016	69	5.668093794597747
ENSG00000103275	HAGHL_TSS_1_AND_HAGHL_TSS_2	997	89376	TRUE	2.012158837665844e-13	-0.5291722811574813	TRUE	1016	69	8.007781493171661
ENSG00000174109	HAGHL_TSS_1_AND_HAGHL_TSS_2	789	70288	TRUE	1.1310961318866458e-12	-0.5376582241900856	TRUE	1016	69	2.0785232871860577
ENSG00000095906	HAGHL_TSS_1_AND_HAGHL_TSS_2	748	67306	TRUE	2.3776395104012857e-12	-0.5490604596425291	TRUE	1016	69	1.7336062585289123
ENSG00000103202	HAGHL_TSS_1_AND_HAGHL_TSS_2	919	82545	TRUE	1.6959246289999496e-10	-0.41137352428679885	TRUE	1016	69	3.9204245966019773
ENSG00000007520	HAGHL_TSS_1_AND_HAGHL_TSS_2	919	83609	TRUE	2.254864598991021e-9	-0.39585136462467774	TRUE	1016	69	3.5910288863193642
ENSG00000086504	HAGHL_TSS_1_AND_HAGHL_TSS_2	1008	91807	TRUE	2.575163623353983e-9	-0.38388559513976617	TRUE	1016	69	12.96360302926133
ENSG00000007376	HAGHL_TSS_1_AND_HAGHL_TSS_2	746	66788	TRUE	4.333237962189064e-9	-0.5661054932015088	TRUE	1016	69	2.134722960092503
ENSG00000162039	HAGHL_TSS_1_AND_HAGHL_TSS_2	703	63708	TRUE	1.954332104656003e-8	-0.5019442867296464	TRUE	1016	69	1.6831567653155828
ENSG00000127561	HAGHL_TSS_1_AND_HAGHL_TSS_2	657	58124	TRUE	4.5494050261114046e-8	-0.46302501556182263	TRUE	1016	69	1.3043220100628146
ENSG00000188536	HAGHL_TSS_1_AND_HAGHL_TSS_2	1016	92268	TRUE	2.233420898062311e-7	-0.17831726166387796	TRUE	1016	69	358.34205235580276
ENSG00000198736	HAGHL_TSS_1_AND_HAGHL_TSS_2	701	60819	TRUE	6.02524062230398e-7	-0.40382878257157157	TRUE	1016	69	1.5289644468056294
ENSG00000065054	HAGHL_TSS_1_AND_HAGHL_TSS_2	553	46300	TRUE	7.587540949316354e-7	-0.5089099840759241	TRUE	1016	69	0.8916736981364001
ENSG00000140983	HAGHL_TSS_1_AND_HAGHL_TSS_2	641	55511	TRUE	1.674732761417527e-6	-0.475173672261643	TRUE	1016	69	1.1848495265477046
ENSG00000074071	HAGHL_TSS_1_AND_HAGHL_TSS_2	963	87765	TRUE	4.421262838327604e-6	-0.3793952652537542	TRUE	1016	69	8.00711480567101
ENSG00000131653	HAGHL_TSS_1_AND_HAGHL_TSS_2	624	55162	TRUE	9.086184902118303e-6	-0.3909480474571839	TRUE	1016	69	1.124816400512516
ENSG00000103266	HAGHL_TSS_1_AND_HAGHL_TSS_2	810	72132	TRUE	1.2614739508318932e-5	-0.385898726125281	TRUE	1016	69	2.2476744064918694
ENSG00000103024	HAGHL_TSS_1_AND_HAGHL_TSS_2	282	22876	TRUE	1.7046750188321348e-5	-0.5097494676006944	TRUE	1016	69	0.3398231194724835
ENSG00000065057	HAGHL_TSS_1_AND_HAGHL_TSS_2	892	80340	TRUE	3.310518150483402e-5	-0.3499999882355824	TRUE	1016	69	3.6725939352271424
ENSG00000127554	HAGHL_TSS_1_AND_HAGHL_TSS_2	491	42527	TRUE	2.521163127052386e-4	-0.38739640291625216	TRUE	1016	69	0.7540131462441535
ENSG00000103254	HAGHL_TSS_1_AND_HAGHL_TSS_2	513	45210	TRUE	4e-4	-0.5602241092672134	TRUE	1016	69	1.5716845318082857
ENSG00000206053	HAGHL_TSS_1_AND_HAGHL_TSS_2	536	46680	TRUE	5.650976360346525e-4	-0.284459761583685	TRUE	1016	69	0.8066502078189943
ENSG00000063854	HAGHL_TSS_1_AND_HAGHL_TSS_2	543	48820	TRUE	9.585221358054067e-4	-0.2243177992855418	TRUE	1016	69	1.0312509765930185
ENSG00000103260	HAGHL_TSS_1_AND_HAGHL_TSS_2	273	23418	TRUE	0.024353930054987954	-0.3856791732313949	TRUE	1016	69	0.34295863412398303
ENSG00000103253	HAGHL_TSS_1_AND_HAGHL_TSS_2	202	26107	TRUE	0.036	-0.4097211853517946	TRUE	1016	69	0.4842859672698105
ENSG00000086506	HAGHL_TSS_1_AND_HAGHL_TSS_2	954	86712	TRUE	0.04	-0.15598276595256788	TRUE	1016	69	10.380022292363304
ENSG00000103266	HAGHL_TSS_1_AND_HAGHL_TSS_2	810	72132	TRUE	8.743873451538684e-9	-0.45346745728716464	TRUE	1016	70	2.2476744064918694
ENSG00000007376	HAGHL_TSS_1_AND_HAGHL_TSS_2	746	66788	TRUE	1.7790762782253787e-8	-0.5689095660782115	TRUE	1016	70	2.134722960092503
ENSG00000103275	HAGHL_TSS_1_AND_HAGHL_TSS_2	997	89376	TRUE	9.732375461809465e-8	-0.4257106406170492	TRUE	1016	70	8.007781493171661
ENSG00000103202	HAGHL_TSS_1_AND_HAGHL_TSS_2	919	82545	TRUE	1.632262399035118e-7	-0.3634022620769075	TRUE	1016	70	3.9204245966019773
ENSG00000007520	HAGHL_TSS_1_AND_HAGHL_TSS_2	919	83609	TRUE	1.3229471150600974e-6	-0.3486254780406084	TRUE	1016	70	3.5910288863193642
ENSG00000086504	HAGHL_TSS_1_AND_HAGHL_TSS_2	1008	91807	TRUE	1.4978438393016324e-6	-0.3345805436789133	TRUE	1016	70	12.96360302926133
ENSG00000174109	HAGHL_TSS_1_AND_HAGHL_TSS_2	789	70288	TRUE	2.5545833865777016e-6	-0.4163823854554898	TRUE	1016	70	2.0785232871860577
ENSG00000127561	HAGHL_TSS_1_AND_HAGHL_TSS_2	657	58124	TRUE	7.056322436483839e-6	-0.4134916299438054	TRUE	1016	70	1.3043220100628146
ENSG00000095906	HAGHL_TSS_1_AND_HAGHL_TSS_2	748	67306	TRUE	8.24643603315201e-6	-0.41612966568241827	TRUE	1016	70	1.7336062585289123
ENSG00000127554	HAGHL_TSS_1_AND_HAGHL_TSS_2	491	42527	TRUE	2.2868546816857418e-5	-0.4482786450632747	TRUE	1016	70	0.7540131462441535
ENSG00000074071	HAGHL_TSS_1_AND_HAGHL_TSS_2	963	87765	TRUE	2.3134341529630273e-5	-0.3793952652537542	TRUE	1016	70	8.00711480567101
ENSG00000140990	HAGHL_TSS_1_AND_HAGHL_TSS_2	1012	91874	TRUE	6.148390264206979e-5	-0.33706516958399035	TRUE	1016	70	18.28205048074419
ENSG00000162039	HAGHL_TSS_1_AND_HAGHL_TSS_2	703	63708	TRUE	6.703696044288009e-4	-0.37442053500749356	TRUE	1016	70	1.6831567653155828
ENSG00000065054	HAGHL_TSS_1_AND_HAGHL_TSS_2	553	46300	TRUE	9.319270441240611e-4	-0.3785133468202492	TRUE	1016	70	0.8916736981364001
ENSG00000063854	HAGHL_TSS_1_AND_HAGHL_TSS_2	543	48820	TRUE	9.403455879919177e-4	-0.21468909808776498	TRUE	1016	70	1.0312509765930185
ENSG00000167969	HAGHL_TSS_1_AND_HAGHL_TSS_2	984	89319	TRUE	0.0012287509159789461	-0.21654366838492267	TRUE	1016	70	5.668093794597747
ENSG00000131653	HAGHL_TSS_1_AND_HAGHL_TSS_2	624	55162	TRUE	0.0014940134282839905	-0.31918842181430573	TRUE	1016	70	1.124816400512516
ENSG00000103253	HAGHL_TSS_1_AND_HAGHL_TSS_2	202	26107	TRUE	0.0026139432236210527	-0.474938844798275	TRUE	1016	70	0.4842859672698105
ENSG00000140983	HAGHL_TSS_1_AND_HAGHL_TSS_2	641	55511	TRUE	0.003717683875349393	-0.3561524984464266	TRUE	1016	70	1.1848495265477046
ENSG00000188536	HAGHL_TSS_1_AND_HAGHL_TSS_2	1016	92268	TRUE	0.003909874099586624	-0.05405009544539752	TRUE	1016	70	358.34205235580276
ENSG00000198736	HAGHL_TSS_1_AND_HAGHL_TSS_2	701	60819	TRUE	0.005261420834111438	-0.2601639717624783	TRUE	1016	70	1.5289644468056294
ENSG00000103024	HAGHL_TSS_1_AND_HAGHL_TSS_2	282	22876	TRUE	0.009149606296951218	-0.34646366352141733	TRUE	1016	70	0.3398231194724835
ENSG00000065057	HAGHL_TSS_1_AND_HAGHL_TSS_2	892	80340	TRUE	0.009871562546039478	-0.25495277960260854	TRUE	1016	70	3.6725939352271424
ENSG00000206053	HAGHL_TSS_1_AND_HAGHL_TSS_2	536	46680	TRUE	0.018063754229210575	-0.2322116129174034	TRUE	1016	70	0.8066502078189943
ENSG00000103254	HAGHL_TSS_1_AND_HAGHL_TSS_2	513	45210	TRUE	0.024	-0.47149519067288176	TRUE	1016	70	1.5716845318082857
ENSG00000086506	HAGHL_TSS_1_AND_HAGHL_TSS_2	954	86712	TRUE	0.06	-0.12716574633246314	TRUE	1016	70	10.380022292363304
ENSG00000103260	HAGHL_TSS_1_AND_HAGHL_TSS_2	273	23418	TRUE	0.38	-0.2641171933504818	FALSE	1016	70	0.34295863412398303
ENSG00000065057	HAGHL_TSS_1_AND_HAGHL_TSS_2	892	80340	TRUE	2.5321267242337563e-11	-0.48750351198551756	TRUE	1016	71	3.6725939352271424
ENSG00000103275	HAGHL_TSS_1_AND_HAGHL_TSS_2	997	89376	TRUE	1.1206733826604802e-10	-0.4826104355329579	TRUE	1016	71	8.007781493171661
ENSG00000074071	HAGHL_TSS_1_AND_HAGHL_TSS_2	963	87765	TRUE	3.395501778239311e-8	-0.4445077839743501	TRUE	1016	71	8.00711480567101
ENSG00000103202	HAGHL_TSS_1_AND_HAGHL_TSS_2	919	82545	TRUE	5.2134757095407755e-8	-0.3652181151056675	TRUE	1016	71	3.9204245966019773
ENSG00000167969	HAGHL_TSS_1_AND_HAGHL_TSS_2	984	89319	TRUE	1.0845443493864675e-7	-0.3035222793180301	TRUE	1016	71	5.668093794597747
ENSG00000007520	HAGHL_TSS_1_AND_HAGHL_TSS_2	919	83609	TRUE	1.2774483204873368e-7	-0.36742778480489235	TRUE	1016	71	3.5910288863193642
ENSG00000162039	HAGHL_TSS_1_AND_HAGHL_TSS_2	703	63708	TRUE	6.996025289327272e-7	-0.4329665448110631	TRUE	1016	71	1.6831567653155828
ENSG00000206053	HAGHL_TSS_1_AND_HAGHL_TSS_2	536	46680	TRUE	7.132719925129628e-7	-0.3994254757042054	TRUE	1016	71	0.8066502078189943
ENSG00000127561	HAGHL_TSS_1_AND_HAGHL_TSS_2	657	58124	TRUE	1.094675084091221e-6	-0.46302501556182263	TRUE	1016	71	1.3043220100628146
ENSG00000140983	HAGHL_TSS_1_AND_HAGHL_TSS_2	641	55511	TRUE	1.2674143949408336e-6	-0.4943885406385466	TRUE	1016	71	1.1848495265477046
ENSG00000063854	HAGHL_TSS_1_AND_HAGHL_TSS_2	543	48820	TRUE	5.0698955963418134e-6	-0.3208662876437943	TRUE	1016	71	1.0312509765930185
ENSG00000095906	HAGHL_TSS_1_AND_HAGHL_TSS_2	748	67306	TRUE	6.9536156430043215e-6	-0.4078263619512089	TRUE	1016	71	1.7336062585289123
ENSG00000103024	HAGHL_TSS_1_AND_HAGHL_TSS_2	282	22876	TRUE	8.241606482284943e-6	-0.5582479852918842	TRUE	1016	71	0.3398231194724835
ENSG00000188536	HAGHL_TSS_1_AND_HAGHL_TSS_2	1016	92268	TRUE	1.515176824005678e-5	-0.16908415184760628	TRUE	1016	71	358.34205235580276
ENSG00000140990	HAGHL_TSS_1_AND_HAGHL_TSS_2	1012	91874	TRUE	1.871337542881527e-5	-0.3519248717790675	TRUE	1016	71	18.28205048074419
ENSG00000086504	HAGHL_TSS_1_AND_HAGHL_TSS_2	1008	91807	TRUE	4.615365639476553e-5	-0.3128543562073496	TRUE	1016	71	12.96360302926133
ENSG00000127554	HAGHL_TSS_1_AND_HAGHL_TSS_2	491	42527	TRUE	4.671019138172356e-5	-0.4334308806559613	TRUE	1016	71	0.7540131462441535
ENSG00000198736	HAGHL_TSS_1_AND_HAGHL_TSS_2	701	60819	TRUE	5.256344207538264e-5	-0.369119128283924	TRUE	1016	71	1.5289644468056294
ENSG00000103266	HAGHL_TSS_1_AND_HAGHL_TSS_2	810	72132	TRUE	8.555364935323301e-5	-0.36458355530389697	TRUE	1016	71	2.2476744064918694
ENSG00000103253	HAGHL_TSS_1_AND_HAGHL_TSS_2	202	26107	TRUE	1.4016544326417302e-4	-0.552015067816916	TRUE	1016	71	0.4842859672698105
ENSG00000065054	HAGHL_TSS_1_AND_HAGHL_TSS_2	553	46300	TRUE	1.7380815860554635e-4	-0.4370772393148573	TRUE	1016	71	0.8916736981364001
ENSG00000131653	HAGHL_TSS_1_AND_HAGHL_TSS_2	624	55162	TRUE	3.181722840062129e-4	-0.351506142087034	TRUE	1016	71	1.124816400512516
ENSG00000174109	HAGHL_TSS_1_AND_HAGHL_TSS_2	789	70288	TRUE	3.5696676764305005e-4	-0.35353581978135484	TRUE	1016	71	2.0785232871860577
ENSG00000007376	HAGHL_TSS_1_AND_HAGHL_TSS_2	746	66788	TRUE	0.0013791314330379167	-0.3871820420715931	TRUE	1016	71	2.134722960092503
ENSG00000086506	HAGHL_TSS_1_AND_HAGHL_TSS_2	954	86712	TRUE	0.024	-0.15892584131202891	TRUE	1016	71	10.380022292363304
ENSG00000103260	HAGHL_TSS_1_AND_HAGHL_TSS_2	273	23418	TRUE	0.028	-0.36469414810205913	TRUE	1016	71	0.34295863412398303
ENSG00000103254	HAGHL_TSS_1_AND_HAGHL_TSS_2	513	45210	TRUE	0.128	-0.4156419559393644	FALSE	1016	71	1.5716845318082857
ENSG00000086504	HAGHL_TSS_1_AND_HAGHL_TSS_2	1008	91807	TRUE	4.584549696118453e-12	-0.42935876843101317	TRUE	1016	72	12.96360302926133
ENSG00000103202	HAGHL_TSS_1_AND_HAGHL_TSS_2	919	82545	TRUE	6.125844961251503e-10	-0.40903034520927406	TRUE	1016	72	3.9204245966019773
ENSG00000167969	HAGHL_TSS_1_AND_HAGHL_TSS_2	984	89319	TRUE	1.1408728052472856e-9	-0.34255265150966974	TRUE	1016	72	5.668093794597747
ENSG00000103275	HAGHL_TSS_1_AND_HAGHL_TSS_2	997	89376	TRUE	5.815846424882845e-9	-0.45837855381259063	TRUE	1016	72	8.007781493171661
ENSG00000007520	HAGHL_TSS_1_AND_HAGHL_TSS_2	919	83609	TRUE	6.920477817390548e-9	-0.3918974189064839	TRUE	1016	72	3.5910288863193642
ENSG00000174109	HAGHL_TSS_1_AND_HAGHL_TSS_2	789	70288	TRUE	1.798874531170285e-8	-0.4658308747085196	TRUE	1016	72	2.0785232871860577
ENSG00000162039	HAGHL_TSS_1_AND_HAGHL_TSS_2	703	63708	TRUE	2.6736746846360603e-8	-0.4872054272763508	TRUE	1016	72	1.6831567653155828
ENSG00000131653	HAGHL_TSS_1_AND_HAGHL_TSS_2	624	55162	TRUE	1.2996496998304813e-7	-0.45638761162346664	TRUE	1016	72	1.124816400512516
ENSG00000188536	HAGHL_TSS_1_AND_HAGHL_TSS_2	1016	92268	TRUE	1.4846842486774137e-7	-0.17722217869721746	TRUE	1016	72	358.34205235580276
ENSG00000095906	HAGHL_TSS_1_AND_HAGHL_TSS_2	748	67306	TRUE	2.0948235777810704e-7	-0.44345027168193024	TRUE	1016	72	1.7336062585289123
ENSG00000074071	HAGHL_TSS_1_AND_HAGHL_TSS_2	963	87765	TRUE	3.18732370875973e-7	-0.41904363795923283	TRUE	1016	72	8.00711480567101
ENSG00000127561	HAGHL_TSS_1_AND_HAGHL_TSS_2	657	58124	TRUE	6.155290099699509e-7	-0.46590752409494396	TRUE	1016	72	1.3043220100628146
ENSG00000198736	HAGHL_TSS_1_AND_HAGHL_TSS_2	701	60819	TRUE	9.288110373184425e-7	-0.3875269702424711	TRUE	1016	72	1.5289644468056294
ENSG00000140990	HAGHL_TSS_1_AND_HAGHL_TSS_2	1012	91874	TRUE	9.799676353001389e-7	-0.3605532862284564	TRUE	1016	72	18.28205048074419
ENSG00000140983	HAGHL_TSS_1_AND_HAGHL_TSS_2	641	55511	TRUE	1.8774022561485388e-6	-0.46882516898811466	TRUE	1016	72	1.1848495265477046
ENSG00000065057	HAGHL_TSS_1_AND_HAGHL_TSS_2	892	80340	TRUE	2.256417983341149e-6	-0.37608921710424337	TRUE	1016	72	3.6725939352271424
ENSG00000103266	HAGHL_TSS_1_AND_HAGHL_TSS_2	810	72132	TRUE	1.1226592081834156e-4	-0.3653674157094282	TRUE	1016	72	2.2476744064918694
ENSG00000103024	HAGHL_TSS_1_AND_HAGHL_TSS_2	282	22876	TRUE	1.8926972951827797e-4	-0.45706915092451705	TRUE	1016	72	0.3398231194724835
ENSG00000206053	HAGHL_TSS_1_AND_HAGHL_TSS_2	536	46680	TRUE	2.871653033832012e-4	-0.29885598266018865	TRUE	1016	72	0.8066502078189943
ENSG00000127554	HAGHL_TSS_1_AND_HAGHL_TSS_2	491	42527	TRUE	4.957727503770732e-4	-0.385013751605258	TRUE	1016	72	0.7540131462441535
ENSG00000065054	HAGHL_TSS_1_AND_HAGHL_TSS_2	553	46300	TRUE	6.45327495212638e-4	-0.38049371094848994	TRUE	1016	72	0.8916736981364001
ENSG00000086506	HAGHL_TSS_1_AND_HAGHL_TSS_2	954	86712	TRUE	0.0013904354821395251	-0.21893087571337677	TRUE	1016	72	10.380022292363304
ENSG00000007376	HAGHL_TSS_1_AND_HAGHL_TSS_2	746	66788	TRUE	0.002215620513449555	-0.3805981399848697	TRUE	1016	72	2.134722960092503
ENSG00000103260	HAGHL_TSS_1_AND_HAGHL_TSS_2	273	23418	TRUE	0.0029288002334962038	-0.43404219479279416	TRUE	1016	72	0.34295863412398303
ENSG00000063854	HAGHL_TSS_1_AND_HAGHL_TSS_2	543	48820	TRUE	0.032	-0.15822860882776932	TRUE	1016	72	1.0312509765930185
ENSG00000103254	HAGHL_TSS_1_AND_HAGHL_TSS_2	513	45210	TRUE	0.06	-0.4501401506174959	TRUE	1016	72	1.5716845318082857
ENSG00000103253	HAGHL_TSS_1_AND_HAGHL_TSS_2	202	26107	TRUE	0.516	-0.24778897466301264	FALSE	1016	72	0.4842859672698105
ENSG00000074071	HAGHL_TSS_1_AND_HAGHL_TSS_2	963	87765	TRUE	1.5526936149699928e-12	-0.504740125154274	TRUE	1016	73	8.00711480567101
ENSG00000103202	HAGHL_TSS_1_AND_HAGHL_TSS_2	919	82545	TRUE	1.9272478198222097e-8	-0.377993486741139	TRUE	1016	73	3.9204245966019773
ENSG00000131653	HAGHL_TSS_1_AND_HAGHL_TSS_2	624	55162	TRUE	6.420023590248805e-8	-0.45638761162346664	TRUE	1016	73	1.124816400512516
ENSG00000140990	HAGHL_TSS_1_AND_HAGHL_TSS_2	1012	91874	TRUE	7.804741827405983e-8	-0.3954950015136487	TRUE	1016	73	18.28205048074419
ENSG00000086506	HAGHL_TSS_1_AND_HAGHL_TSS_2	954	86712	TRUE	1.1935930099111688e-7	-0.30416881523924255	TRUE	1016	73	10.380022292363304
ENSG00000007520	HAGHL_TSS_1_AND_HAGHL_TSS_2	919	83609	TRUE	6.718093614616885e-7	-0.35102238013853393	TRUE	1016	73	3.5910288863193642
ENSG00000103260	HAGHL_TSS_1_AND_HAGHL_TSS_2	273	23418	TRUE	1.2077444120465759e-6	-0.6329462632068723	TRUE	1016	73	0.34295863412398303
ENSG00000065057	HAGHL_TSS_1_AND_HAGHL_TSS_2	892	80340	TRUE	1.8259918274116132e-6	-0.3736978771884423	TRUE	1016	73	3.6725939352271424
ENSG00000065054	HAGHL_TSS_1_AND_HAGHL_TSS_2	553	46300	TRUE	2.57922814228572e-6	-0.4767773631351149	TRUE	1016	73	0.8916736981364001
ENSG00000198736	HAGHL_TSS_1_AND_HAGHL_TSS_2	701	60819	TRUE	2.8129681564994548e-6	-0.39565485112587145	TRUE	1016	73	1.5289644468056294
ENSG00000007376	HAGHL_TSS_1_AND_HAGHL_TSS_2	746	66788	TRUE	4.306924358627546e-6	-0.49416069880806957	TRUE	1016	73	2.134722960092503
ENSG00000127561	HAGHL_TSS_1_AND_HAGHL_TSS_2	657	58124	TRUE	8.363634389534666e-6	-0.4134916299438054	TRUE	1016	73	1.3043220100628146
ENSG00000167969	HAGHL_TSS_1_AND_HAGHL_TSS_2	984	89319	TRUE	1.3005579478822527e-5	-0.2643753030236118	TRUE	1016	73	5.668093794597747
ENSG00000162039	HAGHL_TSS_1_AND_HAGHL_TSS_2	703	63708	TRUE	3.608264242226187e-5	-0.39015346127208983	TRUE	1016	73	1.6831567653155828
ENSG00000095906	HAGHL_TSS_1_AND_HAGHL_TSS_2	748	67306	TRUE	4.372209724995738e-5	-0.383199390580116	TRUE	1016	73	1.7336062585289123
ENSG00000103275	HAGHL_TSS_1_AND_HAGHL_TSS_2	997	89376	TRUE	1.2557943319855755e-4	-0.37075262553294364	TRUE	1016	73	8.007781493171661
ENSG00000174109	HAGHL_TSS_1_AND_HAGHL_TSS_2	789	70288	TRUE	8.367702750453065e-4	-0.3452492085963941	TRUE	1016	73	2.0785232871860577
ENSG00000127554	HAGHL_TSS_1_AND_HAGHL_TSS_2	491	42527	TRUE	0.00257533126760133	-0.3520633298039714	TRUE	1016	73	0.7540131462441535
ENSG00000140983	HAGHL_TSS_1_AND_HAGHL_TSS_2	641	55511	TRUE	0.0040049681309239984	-0.3488476978231933	TRUE	1016	73	1.1848495265477046
ENSG00000103253	HAGHL_TSS_1_AND_HAGHL_TSS_2	202	26107	TRUE	0.005291474023849857	-0.4501354537977025	TRUE	1016	73	0.4842859672698105
ENSG00000206053	HAGHL_TSS_1_AND_HAGHL_TSS_2	536	46680	TRUE	0.006400448634982764	-0.2421134708740903	TRUE	1016	73	0.8066502078189943
ENSG00000103266	HAGHL_TSS_1_AND_HAGHL_TSS_2	810	72132	TRUE	0.008288367167875718	-0.29572501770315307	TRUE	1016	73	2.2476744064918694
ENSG00000086504	HAGHL_TSS_1_AND_HAGHL_TSS_2	1008	91807	TRUE	0.018516029306371487	-0.24674984002186662	TRUE	1016	73	12.96360302926133
ENSG00000188536	HAGHL_TSS_1_AND_HAGHL_TSS_2	1016	92268	TRUE	0.052	-0.02186189678370276	TRUE	1016	73	358.34205235580276
ENSG00000103254	HAGHL_TSS_1_AND_HAGHL_TSS_2	513	45210	TRUE	0.068	-0.44764844871851406	TRUE	1016	73	1.5716845318082857
ENSG00000063854	HAGHL_TSS_1_AND_HAGHL_TSS_2	543	48820	TRUE	0.08	-0.11579334250737279	TRUE	1016	73	1.0312509765930185
ENSG00000103024	HAGHL_TSS_1_AND_HAGHL_TSS_2	282	22876	TRUE	0.58	-0.16182616418038753	FALSE	1016	73	0.3398231194724835
ENSG00000140990	HAGHL_TSS_1_AND_HAGHL_TSS_2	1012	91874	TRUE	1.7153947307214127e-14	-0.4881432952622031	TRUE	1016	74	18.28205048074419
ENSG00000167969	HAGHL_TSS_1_AND_HAGHL_TSS_2	984	89319	TRUE	6.212489728015001e-12	-0.37678044724181436	TRUE	1016	74	5.668093794597747
ENSG00000103275	HAGHL_TSS_1_AND_HAGHL_TSS_2	997	89376	TRUE	7.894194674206323e-10	-0.4595342816969472	TRUE	1016	74	8.007781493171661
ENSG00000103202	HAGHL_TSS_1_AND_HAGHL_TSS_2	919	82545	TRUE	3.9853987762075e-9	-0.38764980832358487	TRUE	1016	74	3.9204245966019773
ENSG00000007520	HAGHL_TSS_1_AND_HAGHL_TSS_2	919	83609	TRUE	1.2922252311905644e-8	-0.37180180040670274	TRUE	1016	74	3.5910288863193642
ENSG00000007376	HAGHL_TSS_1_AND_HAGHL_TSS_2	746	66788	TRUE	1.5358892783214366e-8	-0.5356151259797872	TRUE	1016	74	2.134722960092503
ENSG00000188536	HAGHL_TSS_1_AND_HAGHL_TSS_2	1016	92268	TRUE	5.003189282524177e-8	-0.15786582700778595	TRUE	1016	74	358.34205235580276
ENSG00000162039	HAGHL_TSS_1_AND_HAGHL_TSS_2	703	63708	TRUE	6.834562189592882e-8	-0.4827005210683053	TRUE	1016	74	1.6831567653155828
ENSG00000086504	HAGHL_TSS_1_AND_HAGHL_TSS_2	1008	91807	TRUE	1.513535716157169e-7	-0.36340250237936855	TRUE	1016	74	12.96360302926133
ENSG00000206053	HAGHL_TSS_1_AND_HAGHL_TSS_2	536	46680	TRUE	1.9121852016864703e-7	-0.4150223307552239	TRUE	1016	74	0.8066502078189943
ENSG00000198736	HAGHL_TSS_1_AND_HAGHL_TSS_2	701	60819	TRUE	2.3805437157298865e-5	-0.3736991163871838	TRUE	1016	74	1.5289644468056294
ENSG00000174109	HAGHL_TSS_1_AND_HAGHL_TSS_2	789	70288	TRUE	3.399755660679843e-5	-0.37868512090754414	TRUE	1016	74	2.0785232871860577
ENSG00000074071	HAGHL_TSS_1_AND_HAGHL_TSS_2	963	87765	TRUE	7.641841779460964e-5	-0.33992220958524344	TRUE	1016	74	8.00711480567101
ENSG00000103024	HAGHL_TSS_1_AND_HAGHL_TSS_2	282	22876	TRUE	1.1021835569938361e-4	-0.4802454732906112	TRUE	1016	74	0.3398231194724835
ENSG00000127561	HAGHL_TSS_1_AND_HAGHL_TSS_2	657	58124	TRUE	1.2139347198995582e-4	-0.37912375795287756	TRUE	1016	74	1.3043220100628146
ENSG00000086506	HAGHL_TSS_1_AND_HAGHL_TSS_2	954	86712	TRUE	1.3535817005800276e-4	-0.2261663032379695	TRUE	1016	74	10.380022292363304
ENSG00000140983	HAGHL_TSS_1_AND_HAGHL_TSS_2	641	55511	TRUE	2.22016557001283e-4	-0.40380000888022344	TRUE	1016	74	1.1848495265477046
ENSG00000065054	HAGHL_TSS_1_AND_HAGHL_TSS_2	553	46300	TRUE	2.620535483973136e-4	-0.4064889194814345	TRUE	1016	74	0.8916736981364001
ENSG00000103254	HAGHL_TSS_1_AND_HAGHL_TSS_2	513	45210	TRUE	4e-4	-0.6108982473382982	TRUE	1016	74	1.5716845318082857
ENSG00000103260	HAGHL_TSS_1_AND_HAGHL_TSS_2	273	23418	TRUE	5.405498088445742e-4	-0.5126520294891606	TRUE	1016	74	0.34295863412398303
ENSG00000103266	HAGHL_TSS_1_AND_HAGHL_TSS_2	810	72132	TRUE	0.0029066501030316824	-0.31301201064829187	TRUE	1016	74	2.2476744064918694
ENSG00000065057	HAGHL_TSS_1_AND_HAGHL_TSS_2	892	80340	TRUE	0.0047361373578243965	-0.2969282981584185	TRUE	1016	74	3.6725939352271424
ENSG00000131653	HAGHL_TSS_1_AND_HAGHL_TSS_2	624	55162	TRUE	0.011877225731720453	-0.25810495995345395	TRUE	1016	74	1.124816400512516
ENSG00000103253	HAGHL_TSS_1_AND_HAGHL_TSS_2	202	26107	TRUE	0.032	-0.417713976105325	TRUE	1016	74	0.4842859672698105
ENSG00000095906	HAGHL_TSS_1_AND_HAGHL_TSS_2	748	67306	TRUE	0.036	-0.29633515314770387	TRUE	1016	74	1.7336062585289123
ENSG00000127554	HAGHL_TSS_1_AND_HAGHL_TSS_2	491	42527	TRUE	0.036	-0.28611306707907075	TRUE	1016	74	0.7540131462441535
ENSG00000063854	HAGHL_TSS_1_AND_HAGHL_TSS_2	543	48820	TRUE	0.136	-0.11280948406855143	FALSE	1016	74	1.0312509765930185
ENSG00000086504	HAGHL_TSS_1_AND_HAGHL_TSS_2	1008	91807	TRUE	2.7786067487340075e-14	-0.46614155747272434	TRUE	1016	75	12.96360302926133
ENSG00000167969	HAGHL_TSS_1_AND_HAGHL_TSS_2	984	89319	TRUE	6.293470489963826e-14	-0.4036249633073883	TRUE	1016	75	5.668093794597747
ENSG00000074071	HAGHL_TSS_1_AND_HAGHL_TSS_2	963	87765	TRUE	1.0581202554503077e-9	-0.4437943437351892	TRUE	1016	75	8.00711480567101
ENSG00000140990	HAGHL_TSS_1_AND_HAGHL_TSS_2	1012	91874	TRUE	9.279436070273671e-9	-0.4170911664297532	TRUE	1016	75	18.28205048074419
ENSG00000065057	HAGHL_TSS_1_AND_HAGHL_TSS_2	892	80340	TRUE	1.0009067800108035e-8	-0.40509880793727815	TRUE	1016	75	3.6725939352271424
ENSG00000127554	HAGHL_TSS_1_AND_HAGHL_TSS_2	491	42527	TRUE	5.6466129297880804e-8	-0.5487029512513937	TRUE	1016	75	0.7540131462441535
ENSG00000007520	HAGHL_TSS_1_AND_HAGHL_TSS_2	919	83609	TRUE	5.647145645454331e-8	-0.38353109298880983	TRUE	1016	75	3.5910288863193642
ENSG00000206053	HAGHL_TSS_1_AND_HAGHL_TSS_2	536	46680	TRUE	7.603945662885904e-8	-0.4240111139824785	TRUE	1016	75	0.8066502078189943
ENSG00000131653	HAGHL_TSS_1_AND_HAGHL_TSS_2	624	55162	TRUE	3.0838955961301067e-7	-0.45471492153360976	TRUE	1016	75	1.124816400512516
ENSG00000103275	HAGHL_TSS_1_AND_HAGHL_TSS_2	997	89376	TRUE	5.455819112978638e-7	-0.436138714284922	TRUE	1016	75	8.007781493171661
ENSG00000140983	HAGHL_TSS_1_AND_HAGHL_TSS_2	641	55511	TRUE	1.989543590823244e-6	-0.5008507912682434	TRUE	1016	75	1.1848495265477046
ENSG00000103202	HAGHL_TSS_1_AND_HAGHL_TSS_2	919	82545	TRUE	2.334487812956907e-6	-0.33599000693078485	TRUE	1016	75	3.9204245966019773
ENSG00000174109	HAGHL_TSS_1_AND_HAGHL_TSS_2	789	70288	TRUE	2.8824790397707456e-6	-0.42596264731257616	TRUE	1016	75	2.0785232871860577
ENSG00000103266	HAGHL_TSS_1_AND_HAGHL_TSS_2	810	72132	TRUE	3.4320935979641675e-6	-0.4131959408000433	TRUE	1016	75	2.2476744064918694
ENSG00000198736	HAGHL_TSS_1_AND_HAGHL_TSS_2	701	60819	TRUE	5.069612868195038e-6	-0.3840575616585156	TRUE	1016	75	1.5289644468056294
ENSG00000188536	HAGHL_TSS_1_AND_HAGHL_TSS_2	1016	92268	TRUE	1.0917313302757047e-5	-0.1243471303492889	TRUE	1016	75	358.34205235580276
ENSG00000162039	HAGHL_TSS_1_AND_HAGHL_TSS_2	703	63708	TRUE	1.4237743130627898e-5	-0.42214357551652676	TRUE	1016	75	1.6831567653155828
ENSG00000007376	HAGHL_TSS_1_AND_HAGHL_TSS_2	746	66788	TRUE	1.9720044590736032e-5	-0.4703722110799877	TRUE	1016	75	2.134722960092503
ENSG00000095906	HAGHL_TSS_1_AND_HAGHL_TSS_2	748	67306	TRUE	2.1764448780455144e-5	-0.3944345945830993	TRUE	1016	75	1.7336062585289123
ENSG00000127561	HAGHL_TSS_1_AND_HAGHL_TSS_2	657	58124	TRUE	4.942201837891593e-5	-0.39140208773131424	TRUE	1016	75	1.3043220100628146
ENSG00000065054	HAGHL_TSS_1_AND_HAGHL_TSS_2	553	46300	TRUE	0.0012736855590316266	-0.3964352548175115	TRUE	1016	75	0.8916736981364001
ENSG00000103253	HAGHL_TSS_1_AND_HAGHL_TSS_2	202	26107	TRUE	0.0016971804963730533	-0.5172496496562393	TRUE	1016	75	0.4842859672698105
ENSG00000103260	HAGHL_TSS_1_AND_HAGHL_TSS_2	273	23418	TRUE	0.0050163845218921845	-0.43404219479279416	TRUE	1016	75	0.34295863412398303
ENSG00000103024	HAGHL_TSS_1_AND_HAGHL_TSS_2	282	22876	TRUE	0.008701864578742932	-0.3733302693740994	TRUE	1016	75	0.3398231194724835
ENSG00000063854	HAGHL_TSS_1_AND_HAGHL_TSS_2	543	48820	TRUE	0.009546275840617645	-0.17680433808290943	TRUE	1016	75	1.0312509765930185
ENSG00000086506	HAGHL_TSS_1_AND_HAGHL_TSS_2	954	86712	TRUE	0.011396628186827254	-0.21020440804694784	TRUE	1016	75	10.380022292363304
ENSG00000103254	HAGHL_TSS_1_AND_HAGHL_TSS_2	513	45210	TRUE	0.032	-0.47149519067288176	TRUE	1016	75	1.5716845318082857
ENSG00000086504	HAGHL_TSS_1_AND_HAGHL_TSS_2	1008	91807	TRUE	1.5922109117444374e-13	-0.4420772086327913	TRUE	1016	76	12.96360302926133
ENSG00000188536	HAGHL_TSS_1_AND_HAGHL_TSS_2	1016	92268	TRUE	4.449576058576313e-12	-0.2674528266922902	TRUE	1016	76	358.34205235580276
ENSG00000127561	HAGHL_TSS_1_AND_HAGHL_TSS_2	657	58124	TRUE	2.1032394875597306e-11	-0.562869253982032	TRUE	1016	76	1.3043220100628146
ENSG00000162039	HAGHL_TSS_1_AND_HAGHL_TSS_2	703	63708	TRUE	4.423180550211563e-11	-0.551797287630601	TRUE	1016	76	1.6831567653155828
ENSG00000086506	HAGHL_TSS_1_AND_HAGHL_TSS_2	954	86712	TRUE	1.572686746375971e-8	-0.33679023680844056	TRUE	1016	76	10.380022292363304
ENSG00000007520	HAGHL_TSS_1_AND_HAGHL_TSS_2	919	83609	TRUE	8.796777679973954e-8	-0.37180180040670274	TRUE	1016	76	3.5910288863193642
ENSG00000007376	HAGHL_TSS_1_AND_HAGHL_TSS_2	746	66788	TRUE	1.5971498532155485e-7	-0.5475496741732652	TRUE	1016	76	2.134722960092503
ENSG00000074071	HAGHL_TSS_1_AND_HAGHL_TSS_2	963	87765	TRUE	3.569699402553592e-7	-0.424429018868258	TRUE	1016	76	8.00711480567101
ENSG00000167969	HAGHL_TSS_1_AND_HAGHL_TSS_2	984	89319	TRUE	4.7125935605380734e-7	-0.3044043918743342	TRUE	1016	76	5.668093794597747
ENSG00000103202	HAGHL_TSS_1_AND_HAGHL_TSS_2	919	82545	TRUE	2.308601704113149e-6	-0.35120467380697873	TRUE	1016	76	3.9204245966019773
ENSG00000131653	HAGHL_TSS_1_AND_HAGHL_TSS_2	624	55162	TRUE	3.7206825904319025e-6	-0.4135158043624588	TRUE	1016	76	1.124816400512516
ENSG00000174109	HAGHL_TSS_1_AND_HAGHL_TSS_2	789	70288	TRUE	4.438643821246912e-6	-0.40859103416464626	TRUE	1016	76	2.0785232871860577
ENSG00000206053	HAGHL_TSS_1_AND_HAGHL_TSS_2	536	46680	TRUE	8.577579426016346e-6	-0.36439625768525574	TRUE	1016	76	0.8066502078189943
ENSG00000140990	HAGHL_TSS_1_AND_HAGHL_TSS_2	1012	91874	TRUE	8.808061622035072e-6	-0.3500354143144575	TRUE	1016	76	18.28205048074419
ENSG00000103275	HAGHL_TSS_1_AND_HAGHL_TSS_2	997	89376	TRUE	1.8393833767295885e-5	-0.3803517206460669	TRUE	1016	76	8.007781493171661
ENSG00000140983	HAGHL_TSS_1_AND_HAGHL_TSS_2	641	55511	TRUE	3.1706387392041376e-5	-0.42822717513097847	TRUE	1016	76	1.1848495265477046
ENSG00000198736	HAGHL_TSS_1_AND_HAGHL_TSS_2	701	60819	TRUE	9.444871808118654e-5	-0.3363420379592824	TRUE	1016	76	1.5289644468056294
ENSG00000063854	HAGHL_TSS_1_AND_HAGHL_TSS_2	543	48820	TRUE	1.0047106366183512e-4	-0.2902057349419991	TRUE	1016	76	1.0312509765930185
ENSG00000065057	HAGHL_TSS_1_AND_HAGHL_TSS_2	892	80340	TRUE	2.0877525483613962e-4	-0.3174636051199522	TRUE	1016	76	3.6725939352271424
ENSG00000127554	HAGHL_TSS_1_AND_HAGHL_TSS_2	491	42527	TRUE	3.9422412206364943e-4	-0.3897829957531301	TRUE	1016	76	0.7540131462441535
ENSG00000103024	HAGHL_TSS_1_AND_HAGHL_TSS_2	282	22876	TRUE	5.298207036471304e-4	-0.428612704875289	TRUE	1016	76	0.3398231194724835
ENSG00000103260	HAGHL_TSS_1_AND_HAGHL_TSS_2	273	23418	TRUE	0.0019037025882848863	-0.43951732485894524	TRUE	1016	76	0.34295863412398303
ENSG00000103266	HAGHL_TSS_1_AND_HAGHL_TSS_2	810	72132	TRUE	0.0031016819962305566	-0.31225607924986576	TRUE	1016	76	2.2476744064918694
ENSG00000095906	HAGHL_TSS_1_AND_HAGHL_TSS_2	748	67306	TRUE	0.003967217852419658	-0.31562280728103576	TRUE	1016	76	1.7336062585289123
ENSG00000065054	HAGHL_TSS_1_AND_HAGHL_TSS_2	553	46300	TRUE	0.006821697538652388	-0.33946644268843507	TRUE	1016	76	0.8916736981364001
ENSG00000103254	HAGHL_TSS_1_AND_HAGHL_TSS_2	513	45210	TRUE	0.024	-0.47149519067288176	TRUE	1016	76	1.5716845318082857
ENSG00000103253	HAGHL_TSS_1_AND_HAGHL_TSS_2	202	26107	TRUE	0.032	-0.4338336414686019	TRUE	1016	76	0.4842859672698105
ENSG00000167969	HAGHL_TSS_1_AND_HAGHL_TSS_2	984	89319	TRUE	8.817116086253164e-17	-0.4419373286670307	TRUE	1016	77	5.668093794597747
ENSG00000007520	HAGHL_TSS_1_AND_HAGHL_TSS_2	919	83609	TRUE	6.069920690699757e-15	-0.4736339284544857	TRUE	1016	77	3.5910288863193642
ENSG00000065054	HAGHL_TSS_1_AND_HAGHL_TSS_2	553	46300	TRUE	1.710179721231513e-14	-0.7309414157843434	TRUE	1016	77	0.8916736981364001
ENSG00000103202	HAGHL_TSS_1_AND_HAGHL_TSS_2	919	82545	TRUE	1.094480385067283e-11	-0.41795474474883765	TRUE	1016	77	3.9204245966019773
ENSG00000086504	HAGHL_TSS_1_AND_HAGHL_TSS_2	1008	91807	TRUE	1.8194527748236232e-10	-0.4061691410591237	TRUE	1016	77	12.96360302926133
ENSG00000103275	HAGHL_TSS_1_AND_HAGHL_TSS_2	997	89376	TRUE	2.0804362303431152e-10	-0.46602352334379304	TRUE	1016	77	8.007781493171661
ENSG00000131653	HAGHL_TSS_1_AND_HAGHL_TSS_2	624	55162	TRUE	4.6218569937389284e-10	-0.5214311435293465	TRUE	1016	77	1.124816400512516
ENSG00000174109	HAGHL_TSS_1_AND_HAGHL_TSS_2	789	70288	TRUE	5.0395408613306745e-09	-0.47936893189478647	TRUE	1016	77	2.0785232871860577
ENSG00000140990	HAGHL_TSS_1_AND_HAGHL_TSS_2	1012	91874	TRUE	1.9417437828459015e-8	-0.4036047169787911	TRUE	1016	77	18.28205048074419
ENSG00000198736	HAGHL_TSS_1_AND_HAGHL_TSS_2	701	60819	TRUE	2.95103529182724e-8	-0.46360100308894064	TRUE	1016	77	1.5289644468056294
ENSG00000206053	HAGHL_TSS_1_AND_HAGHL_TSS_2	536	46680	TRUE	1.0493519669938899e-7	-0.39279238337175837	TRUE	1016	77	0.8066502078189943
ENSG00000140983	HAGHL_TSS_1_AND_HAGHL_TSS_2	641	55511	TRUE	1.09507217312837e-7	-0.5154975672326447	TRUE	1016	77	1.1848495265477046
ENSG00000127561	HAGHL_TSS_1_AND_HAGHL_TSS_2	657	58124	TRUE	2.3732789477515204e-7	-0.46302501556182263	TRUE	1016	77	1.3043220100628146
ENSG00000127554	HAGHL_TSS_1_AND_HAGHL_TSS_2	491	42527	TRUE	2.7061068722483125e-7	-0.5118437738407406	TRUE	1016	77	0.7540131462441535
ENSG00000095906	HAGHL_TSS_1_AND_HAGHL_TSS_2	748	67306	TRUE	3.613053839279898e-7	-0.4349886929337341	TRUE	1016	77	1.7336062585289123
ENSG00000188536	HAGHL_TSS_1_AND_HAGHL_TSS_2	1016	92268	TRUE	2.0423244818353406e-6	-0.12195934300397049	TRUE	1016	77	358.34205235580276
ENSG00000103260	HAGHL_TSS_1_AND_HAGHL_TSS_2	273	23418	TRUE	2.8122501008393842e-6	-0.6392325260543035	TRUE	1016	77	0.34295863412398303
ENSG00000074071	HAGHL_TSS_1_AND_HAGHL_TSS_2	963	87765	TRUE	8.880037318027747e-6	-0.3631164460960221	TRUE	1016	77	8.00711480567101
ENSG00000162039	HAGHL_TSS_1_AND_HAGHL_TSS_2	703	63708	TRUE	2.3832834527113753e-5	-0.3869931203787618	TRUE	1016	77	1.6831567653155828
ENSG00000007376	HAGHL_TSS_1_AND_HAGHL_TSS_2	746	66788	TRUE	4.076531529664286e-5	-0.4230946846749557	TRUE	1016	77	2.134722960092503
ENSG00000086506	HAGHL_TSS_1_AND_HAGHL_TSS_2	954	86712	TRUE	3.4385062044110445e-4	-0.2215437582999744	TRUE	1016	77	10.380022292363304
ENSG00000063854	HAGHL_TSS_1_AND_HAGHL_TSS_2	543	48820	TRUE	3.560435168201547e-4	-0.2470378757856253	TRUE	1016	77	1.0312509765930185
ENSG00000065057	HAGHL_TSS_1_AND_HAGHL_TSS_2	892	80340	TRUE	5.213451048076915e-4	-0.3156263619033164	TRUE	1016	77	3.6725939352271424
ENSG00000103254	HAGHL_TSS_1_AND_HAGHL_TSS_2	513	45210	TRUE	0.0024	-0.5230254913129637	TRUE	1016	77	1.5716845318082857
ENSG00000103266	HAGHL_TSS_1_AND_HAGHL_TSS_2	810	72132	TRUE	0.003400645179820347	-0.3190737634354932	TRUE	1016	77	2.2476744064918694
ENSG00000103253	HAGHL_TSS_1_AND_HAGHL_TSS_2	202	26107	TRUE	0.032	-0.3781856119186875	TRUE	1016	77	0.4842859672698105
ENSG00000103024	HAGHL_TSS_1_AND_HAGHL_TSS_2	282	22876	TRUE	0.06	-0.28906135247649534	TRUE	1016	77	0.3398231194724835
ENSG00000074071	HAGHL_TSS_1_AND_HAGHL_TSS_2	963	87765	TRUE	1.5396734505644897e-10	-0.49657880462409354	TRUE	1016	78	8.00711480567101
ENSG00000140990	HAGHL_TSS_1_AND_HAGHL_TSS_2	1012	91874	TRUE	6.824620818451019e-10	-0.42582097121397133	TRUE	1016	78	18.28205048074419
ENSG00000103202	HAGHL_TSS_1_AND_HAGHL_TSS_2	919	82545	TRUE	2.458591906063639e-7	-0.36931216022043545	TRUE	1016	78	3.9204245966019773
ENSG00000167969	HAGHL_TSS_1_AND_HAGHL_TSS_2	984	89319	TRUE	3.557158983777349e-7	-0.29648472857809605	TRUE	1016	78	5.668093794597747
ENSG00000086504	HAGHL_TSS_1_AND_HAGHL_TSS_2	1008	91807	TRUE	7.543406546198519e-7	-0.3514880876575823	TRUE	1016	78	12.96360302926133
ENSG00000007520	HAGHL_TSS_1_AND_HAGHL_TSS_2	919	83609	TRUE	8.083248527742748e-7	-0.3534232710918481	TRUE	1016	78	3.5910288863193642
ENSG00000162039	HAGHL_TSS_1_AND_HAGHL_TSS_2	703	63708	TRUE	9.465782838915713e-7	-0.4570667946115571	TRUE	1016	78	1.6831567653155828
ENSG00000140983	HAGHL_TSS_1_AND_HAGHL_TSS_2	641	55511	TRUE	3.926192883902342e-6	-0.4735839254992504	TRUE	1016	78	1.1848495265477046
ENSG00000095906	HAGHL_TSS_1_AND_HAGHL_TSS_2	748	67306	TRUE	1.0434363558770981e-5	-0.41093450327739295	TRUE	1016	78	1.7336062585289123
ENSG00000007376	HAGHL_TSS_1_AND_HAGHL_TSS_2	746	66788	TRUE	1.0525983640703339e-5	-0.4512748859548932	TRUE	1016	78	2.134722960092503
ENSG00000174109	HAGHL_TSS_1_AND_HAGHL_TSS_2	789	70288	TRUE	1.6653374228576883e-5	-0.38716659766263506	TRUE	1016	78	2.0785232871860577
ENSG00000103275	HAGHL_TSS_1_AND_HAGHL_TSS_2	997	89376	TRUE	2.100763339527782e-5	-0.39133787669643905	TRUE	1016	78	8.007781493171661
ENSG00000065057	HAGHL_TSS_1_AND_HAGHL_TSS_2	892	80340	TRUE	4.072271802479325e-5	-0.34859041798091117	TRUE	1016	78	3.6725939352271424
ENSG00000206053	HAGHL_TSS_1_AND_HAGHL_TSS_2	536	46680	TRUE	4.180166283312015e-5	-0.3450597725876563	TRUE	1016	78	0.8066502078189943
ENSG00000131653	HAGHL_TSS_1_AND_HAGHL_TSS_2	624	55162	TRUE	4.793412423975251e-5	-0.365581327298757	TRUE	1016	78	1.124816400512516
ENSG00000065054	HAGHL_TSS_1_AND_HAGHL_TSS_2	553	46300	TRUE	7.471931864757794e-5	-0.43090747207465085	TRUE	1016	78	0.8916736981364001
ENSG00000188536	HAGHL_TSS_1_AND_HAGHL_TSS_2	1016	92268	TRUE	1.3167691761201486e-4	-0.08244272290331622	TRUE	1016	78	358.34205235580276
ENSG00000103253	HAGHL_TSS_1_AND_HAGHL_TSS_2	202	26107	TRUE	1.3677586722496762e-4	-0.5476232986997585	TRUE	1016	78	0.4842859672698105
ENSG00000086506	HAGHL_TSS_1_AND_HAGHL_TSS_2	954	86712	TRUE	2.319744287679823e-4	-0.23545606515522843	TRUE	1016	78	10.380022292363304
ENSG00000127554	HAGHL_TSS_1_AND_HAGHL_TSS_2	491	42527	TRUE	5.002276634923503e-4	-0.3731591652594794	TRUE	1016	78	0.7540131462441535
ENSG00000198736	HAGHL_TSS_1_AND_HAGHL_TSS_2	701	60819	TRUE	5.110835672502371e-4	-0.3163659413212323	TRUE	1016	78	1.5289644468056294
ENSG00000103266	HAGHL_TSS_1_AND_HAGHL_TSS_2	810	72132	TRUE	8.293575249286832e-4	-0.3358761190000288	TRUE	1016	78	2.2476744064918694
ENSG00000063854	HAGHL_TSS_1_AND_HAGHL_TSS_2	543	48820	TRUE	9.736382711856596e-4	-0.2307728214228412	TRUE	1016	78	1.0312509765930185
ENSG00000127561	HAGHL_TSS_1_AND_HAGHL_TSS_2	657	58124	TRUE	0.0030008963226499895	-0.32971613780779985	TRUE	1016	78	1.3043220100628146
ENSG00000103254	HAGHL_TSS_1_AND_HAGHL_TSS_2	513	45210	TRUE	0.007605797124740299	-0.4651814167406795	TRUE	1016	78	1.5716845318082857
ENSG00000103260	HAGHL_TSS_1_AND_HAGHL_TSS_2	273	23418	TRUE	0.023840469319841656	-0.3699118573730784	TRUE	1016	78	0.34295863412398303
ENSG00000103024	HAGHL_TSS_1_AND_HAGHL_TSS_2	282	22876	TRUE	0.096	-0.2687413680968995	TRUE	1016	78	0.3398231194724835
ENSG00000167969	HAGHL_TSS_1_AND_HAGHL_TSS_2	984	89319	TRUE	1.4150966942318596e-18	-0.46017068404404204	TRUE	1016	79	5.668093794597747
ENSG00000140990	HAGHL_TSS_1_AND_HAGHL_TSS_2	1012	91874	TRUE	6.331723071237623e-11	-0.43730944584840525	TRUE	1016	79	18.28205048074419
ENSG00000140983	HAGHL_TSS_1_AND_HAGHL_TSS_2	641	55511	TRUE	1.906391525727019e-10	-0.5876054123503421	TRUE	1016	79	1.1848495265477046
ENSG00000086504	HAGHL_TSS_1_AND_HAGHL_TSS_2	1008	91807	TRUE	9.915813791678687e-10	-0.3959357668935626	TRUE	1016	79	12.96360302926133
ENSG00000174109	HAGHL_TSS_1_AND_HAGHL_TSS_2	789	70288	TRUE	6.379447315502343e-9	-0.48664151208865314	TRUE	1016	79	2.0785232871860577
ENSG00000162039	HAGHL_TSS_1_AND_HAGHL_TSS_2	703	63708	TRUE	7.208058979985693e-9	-0.4827005210683053	TRUE	1016	79	1.6831567653155828
ENSG00000103275	HAGHL_TSS_1_AND_HAGHL_TSS_2	997	89376	TRUE	1.790127579213329e-8	-0.4454972625158584	TRUE	1016	79	8.007781493171661
ENSG00000007376	HAGHL_TSS_1_AND_HAGHL_TSS_2	746	66788	TRUE	6.539097874983711e-8	-0.5411111137346394	TRUE	1016	79	2.134722960092503
ENSG00000074071	HAGHL_TSS_1_AND_HAGHL_TSS_2	963	87765	TRUE	1.5079235201017932e-7	-0.4120493044104685	TRUE	1016	79	8.00711480567101
ENSG00000103202	HAGHL_TSS_1_AND_HAGHL_TSS_2	919	82545	TRUE	2.1529857905297546e-7	-0.35661309641426864	TRUE	1016	79	3.9204245966019773
ENSG00000065054	HAGHL_TSS_1_AND_HAGHL_TSS_2	553	46300	TRUE	2.415934732929157e-7	-0.5219661369013704	TRUE	1016	79	0.8916736981364001
ENSG00000007520	HAGHL_TSS_1_AND_HAGHL_TSS_2	919	83609	TRUE	6.556643503512205e-7	-0.3505426810348993	TRUE	1016	79	3.5910288863193642
ENSG00000206053	HAGHL_TSS_1_AND_HAGHL_TSS_2	536	46680	TRUE	1.8764098798076869e-6	-0.39279238337175837	TRUE	1016	79	0.8066502078189943
ENSG00000103266	HAGHL_TSS_1_AND_HAGHL_TSS_2	810	72132	TRUE	3.3746993651078165e-6	-0.40189329173454214	TRUE	1016	79	2.2476744064918694
ENSG00000127561	HAGHL_TSS_1_AND_HAGHL_TSS_2	657	58124	TRUE	1.7159692727130964e-5	-0.39826880721958086	TRUE	1016	79	1.3043220100628146
ENSG00000086506	HAGHL_TSS_1_AND_HAGHL_TSS_2	954	86712	TRUE	2.1297677025669016e-5	-0.24433709296609418	TRUE	1016	79	10.380022292363304
ENSG00000095906	HAGHL_TSS_1_AND_HAGHL_TSS_2	748	67306	TRUE	4.928737276815084e-5	-0.3954603287470968	TRUE	1016	79	1.7336062585289123
ENSG00000063854	HAGHL_TSS_1_AND_HAGHL_TSS_2	543	48820	TRUE	1.3538691092633386e-4	-0.2634883965662195	TRUE	1016	79	1.0312509765930185
ENSG00000065057	HAGHL_TSS_1_AND_HAGHL_TSS_2	892	80340	TRUE	1.4804412738910963e-4	-0.3303902391676856	TRUE	1016	79	3.6725939352271424
ENSG00000103253	HAGHL_TSS_1_AND_HAGHL_TSS_2	202	26107	TRUE	2.824514099940105e-4	-0.5258627799609474	TRUE	1016	79	0.4842859672698105
ENSG00000103254	HAGHL_TSS_1_AND_HAGHL_TSS_2	513	45210	TRUE	4e-4	-0.5970260727567407	TRUE	1016	79	1.5716845318082857
ENSG00000198736	HAGHL_TSS_1_AND_HAGHL_TSS_2	701	60819	TRUE	7.021233484780544e-4	-0.3174684977683906	TRUE	1016	79	1.5289644468056294
ENSG00000131653	HAGHL_TSS_1_AND_HAGHL_TSS_2	624	55162	TRUE	0.01451528674189699	-0.2801537086302227	TRUE	1016	79	1.124816400512516
ENSG00000188536	HAGHL_TSS_1_AND_HAGHL_TSS_2	1016	92268	TRUE	0.0160684152908738	-0.030196685836440196	TRUE	1016	79	358.34205235580276
ENSG00000103260	HAGHL_TSS_1_AND_HAGHL_TSS_2	273	23418	TRUE	0.024	-0.38040423119072075	TRUE	1016	79	0.34295863412398303
ENSG00000127554	HAGHL_TSS_1_AND_HAGHL_TSS_2	491	42527	TRUE	0.128	-0.24017044973307428	FALSE	1016	79	0.7540131462441535
ENSG00000103024	HAGHL_TSS_1_AND_HAGHL_TSS_2	282	22876	TRUE	0.496	-0.14784193474468643	FALSE	1016	79	0.3398231194724835
ENSG00000086504	HAGHL_TSS_1_AND_HAGHL_TSS_2	1008	91807	TRUE	1.042242694983262e-13	-0.4598745339146695	TRUE	1016	80	12.96360302926133
ENSG00000167969	HAGHL_TSS_1_AND_HAGHL_TSS_2	984	89319	TRUE	1.4475699714957294e-13	-0.3963965447568456	TRUE	1016	80	5.668093794597747
ENSG00000103266	HAGHL_TSS_1_AND_HAGHL_TSS_2	810	72132	TRUE	2.403674684298815e-10	-0.5009120864213064	TRUE	1016	80	2.2476744064918694
ENSG00000198736	HAGHL_TSS_1_AND_HAGHL_TSS_2	701	60819	TRUE	1.3740199173897766e-8	-0.4623809649266847	TRUE	1016	80	1.5289644468056294
ENSG00000065054	HAGHL_TSS_1_AND_HAGHL_TSS_2	553	46300	TRUE	1.206349879453143e-7	-0.5329372547223736	TRUE	1016	80	0.8916736981364001
ENSG00000074071	HAGHL_TSS_1_AND_HAGHL_TSS_2	963	87765	TRUE	1.2564003698511126e-7	-0.4253676623892604	TRUE	1016	80	8.00711480567101
ENSG00000127554	HAGHL_TSS_1_AND_HAGHL_TSS_2	491	42527	TRUE	1.4035213974854894e-7	-0.5144455690290208	TRUE	1016	80	0.7540131462441535
ENSG00000188536	HAGHL_TSS_1_AND_HAGHL_TSS_2	1016	92268	TRUE	1.1001026057316093e-6	-0.11533774013527598	TRUE	1016	80	358.34205235580276
ENSG00000086506	HAGHL_TSS_1_AND_HAGHL_TSS_2	954	86712	TRUE	1.2765519650111655e-6	-0.29653248152304323	TRUE	1016	80	10.380022292363304
ENSG00000103275	HAGHL_TSS_1_AND_HAGHL_TSS_2	997	89376	TRUE	1.4085643455757479e-6	-0.4140124411523356	TRUE	1016	80	8.007781493171661
ENSG00000131653	HAGHL_TSS_1_AND_HAGHL_TSS_2	624	55162	TRUE	5.611649534198763e-6	-0.40865004919064285	TRUE	1016	80	1.124816400512516
ENSG00000007520	HAGHL_TSS_1_AND_HAGHL_TSS_2	919	83609	TRUE	2.7038506976059503e-5	-0.326287141154334	TRUE	1016	80	3.5910288863193642
ENSG00000103260	HAGHL_TSS_1_AND_HAGHL_TSS_2	273	23418	TRUE	3.446879669815613e-5	-0.5896930652529884	TRUE	1016	80	0.34295863412398303
ENSG00000206053	HAGHL_TSS_1_AND_HAGHL_TSS_2	536	46680	TRUE	3.557739913477836e-5	-0.3386714446251089	TRUE	1016	80	0.8066502078189943
ENSG00000065057	HAGHL_TSS_1_AND_HAGHL_TSS_2	892	80340	TRUE	5.976591852248142e-5	-0.33317536559422356	TRUE	1016	80	3.6725939352271424
ENSG00000007376	HAGHL_TSS_1_AND_HAGHL_TSS_2	746	66788	TRUE	8.461829898348647e-5	-0.44782964242889944	TRUE	1016	80	2.134722960092503
ENSG00000174109	HAGHL_TSS_1_AND_HAGHL_TSS_2	789	70288	TRUE	1.8882032147734835e-4	-0.35353581978135484	TRUE	1016	80	2.0785232871860577
ENSG00000140983	HAGHL_TSS_1_AND_HAGHL_TSS_2	641	55511	TRUE	2.4650065167959215e-4	-0.41748936342832405	TRUE	1016	80	1.1848495265477046
ENSG00000063854	HAGHL_TSS_1_AND_HAGHL_TSS_2	543	48820	TRUE	3.311392751185315e-4	-0.26018325184254754	TRUE	1016	80	1.0312509765930185
ENSG00000095906	HAGHL_TSS_1_AND_HAGHL_TSS_2	748	67306	TRUE	0.0014827556923145344	-0.3332049549764192	TRUE	1016	80	1.7336062585289123
ENSG00000103202	HAGHL_TSS_1_AND_HAGHL_TSS_2	919	82545	TRUE	0.001902976410130458	-0.26265728833709057	TRUE	1016	80	3.9204245966019773
ENSG00000127561	HAGHL_TSS_1_AND_HAGHL_TSS_2	657	58124	TRUE	0.003918435798228582	-0.32447473316564834	TRUE	1016	80	1.3043220100628146
ENSG00000140990	HAGHL_TSS_1_AND_HAGHL_TSS_2	1012	91874	TRUE	0.0054794453192790055	-0.29674550417636425	TRUE	1016	80	18.28205048074419
ENSG00000162039	HAGHL_TSS_1_AND_HAGHL_TSS_2	703	63708	TRUE	0.007345387486638558	-0.3161528798283132	TRUE	1016	80	1.6831567653155828
ENSG00000103253	HAGHL_TSS_1_AND_HAGHL_TSS_2	202	26107	TRUE	0.008351988789626577	-0.47077521985673876	TRUE	1016	80	0.4842859672698105
ENSG00000103254	HAGHL_TSS_1_AND_HAGHL_TSS_2	513	45210	TRUE	0.008801580013910265	-0.48293008573516527	TRUE	1016	80	1.5716845318082857
ENSG00000103024	HAGHL_TSS_1_AND_HAGHL_TSS_2	282	22876	TRUE	0.03169706926179622	-0.3096716321517814	TRUE	1016	80	0.3398231194724835
ENSG00000007520	HAGHL_TSS_1_AND_HAGHL_TSS_2	919	83609	TRUE	1.1933533615899473e-15	-0.5037186539983589	TRUE	1016	81	3.5910288863193642
ENSG00000103202	HAGHL_TSS_1_AND_HAGHL_TSS_2	919	82545	TRUE	2.843079290034222e-12	-0.47906852425121094	TRUE	1016	81	3.9204245966019773
ENSG00000140990	HAGHL_TSS_1_AND_HAGHL_TSS_2	1012	91874	TRUE	2.634801553283737e-10	-0.4399195691031972	TRUE	1016	81	18.28205048074419
ENSG00000127561	HAGHL_TSS_1_AND_HAGHL_TSS_2	657	58124	TRUE	2.2626549035373e-9	-0.5459954354176358	TRUE	1016	81	1.3043220100628146
ENSG00000140983	HAGHL_TSS_1_AND_HAGHL_TSS_2	641	55511	TRUE	2.4780743652345097e-7	-0.5105987678198055	TRUE	1016	81	1.1848495265477046
ENSG00000167969	HAGHL_TSS_1_AND_HAGHL_TSS_2	984	89319	TRUE	2.509666030869995e-7	-0.3105943279935319	TRUE	1016	81	5.668093794597747
ENSG00000086504	HAGHL_TSS_1_AND_HAGHL_TSS_2	1008	91807	TRUE	6.359904253010955e-7	-0.3562420527347223	TRUE	1016	81	12.96360302926133
ENSG00000131653	HAGHL_TSS_1_AND_HAGHL_TSS_2	624	55162	TRUE	1.0470541576235951e-6	-0.43149863826783175	TRUE	1016	81	1.124816400512516
ENSG00000174109	HAGHL_TSS_1_AND_HAGHL_TSS_2	789	70288	TRUE	4.358678298469355e-6	-0.41204866323941747	TRUE	1016	81	2.0785232871860577
ENSG00000188536	HAGHL_TSS_1_AND_HAGHL_TSS_2	1016	92268	TRUE	5.377861121063331e-6	-0.14111506309580157	TRUE	1016	81	358.34205235580276
ENSG00000065057	HAGHL_TSS_1_AND_HAGHL_TSS_2	892	80340	TRUE	7.947191655148468e-6	-0.3828061333188242	TRUE	1016	81	3.6725939352271424
ENSG00000103275	HAGHL_TSS_1_AND_HAGHL_TSS_2	997	89376	TRUE	1.5780220551298322e-5	-0.39376609935670626	TRUE	1016	81	8.007781493171661
ENSG00000063854	HAGHL_TSS_1_AND_HAGHL_TSS_2	543	48820	TRUE	8.114928117170872e-5	-0.25853351462345475	TRUE	1016	81	1.0312509765930185
ENSG00000074071	HAGHL_TSS_1_AND_HAGHL_TSS_2	963	87765	TRUE	8.76619040408146e-5	-0.37078078152643723	TRUE	1016	81	8.00711480567101
ENSG00000065054	HAGHL_TSS_1_AND_HAGHL_TSS_2	553	46300	TRUE	1.7618991142726373e-4	-0.4268089038610303	TRUE	1016	81	0.8916736981364001
ENSG00000127554	HAGHL_TSS_1_AND_HAGHL_TSS_2	491	42527	TRUE	2.8309214585403933e-4	-0.40660061381340423	TRUE	1016	81	0.7540131462441535
ENSG00000198736	HAGHL_TSS_1_AND_HAGHL_TSS_2	701	60819	TRUE	2.9314825301712463e-4	-0.34756056292482645	TRUE	1016	81	1.5289644468056294
ENSG00000103254	HAGHL_TSS_1_AND_HAGHL_TSS_2	513	45210	TRUE	4e-4	-0.6433197250306756	TRUE	1016	81	1.5716845318082857
ENSG00000086506	HAGHL_TSS_1_AND_HAGHL_TSS_2	954	86712	TRUE	7.002632737950001e-4	-0.21877732400859795	TRUE	1016	81	10.380022292363304
ENSG00000103266	HAGHL_TSS_1_AND_HAGHL_TSS_2	810	72132	TRUE	0.0012596934554470404	-0.32974350597870683	TRUE	1016	81	2.2476744064918694
ENSG00000162039	HAGHL_TSS_1_AND_HAGHL_TSS_2	703	63708	TRUE	0.001733796376483186	-0.33938193323996935	TRUE	1016	81	1.6831567653155828
ENSG00000206053	HAGHL_TSS_1_AND_HAGHL_TSS_2	536	46680	TRUE	0.0018703583536833143	-0.2661589448407411	TRUE	1016	81	0.8066502078189943
ENSG00000007376	HAGHL_TSS_1_AND_HAGHL_TSS_2	746	66788	TRUE	0.0025095941797383947	-0.38306358354851267	TRUE	1016	81	2.134722960092503
ENSG00000103260	HAGHL_TSS_1_AND_HAGHL_TSS_2	273	23418	TRUE	0.01383316414794529	-0.40162071710041647	TRUE	1016	81	0.34295863412398303
ENSG00000095906	HAGHL_TSS_1_AND_HAGHL_TSS_2	748	67306	TRUE	0.024	-0.30980938756439413	TRUE	1016	81	1.7336062585289123
ENSG00000103024	HAGHL_TSS_1_AND_HAGHL_TSS_2	282	22876	TRUE	0.064	-0.29418638465436286	TRUE	1016	81	0.3398231194724835
ENSG00000103253	HAGHL_TSS_1_AND_HAGHL_TSS_2	202	26107	TRUE	0.42	-0.265710882660275	FALSE	1016	81	0.4842859672698105
ENSG00000086504	HAGHL_TSS_1_AND_HAGHL_TSS_2	1008	91807	TRUE	1.2191859054427663e-16	-0.47387029939001035	TRUE	1016	82	12.96360302926133
ENSG00000103275	HAGHL_TSS_1_AND_HAGHL_TSS_2	997	89376	TRUE	1.450807186127515e-12	-0.5303861601023714	TRUE	1016	82	8.007781493171661
ENSG00000140983	HAGHL_TSS_1_AND_HAGHL_TSS_2	641	55511	TRUE	8.936006671376939e-10	-0.5773248816206187	TRUE	1016	82	1.1848495265477046
ENSG00000074071	HAGHL_TSS_1_AND_HAGHL_TSS_2	963	87765	TRUE	6.5248199456260925e-9	-0.4636641821513585	TRUE	1016	82	8.00711480567101
ENSG00000103202	HAGHL_TSS_1_AND_HAGHL_TSS_2	919	82545	TRUE	1.1329250311920957e-8	-0.39134547487447335	TRUE	1016	82	3.9204245966019773
ENSG00000167969	HAGHL_TSS_1_AND_HAGHL_TSS_2	984	89319	TRUE	2.52691356371034e-8	-0.3165142995373498	TRUE	1016	82	5.668093794597747
ENSG00000174109	HAGHL_TSS_1_AND_HAGHL_TSS_2	789	70288	TRUE	3.6483948145769494e-8	-0.4568755694740394	TRUE	1016	82	2.0785232871860577
ENSG00000188536	HAGHL_TSS_1_AND_HAGHL_TSS_2	1016	92268	TRUE	1.411234198087129e-7	-0.14211239820232713	TRUE	1016	82	358.34205235580276
ENSG00000007376	HAGHL_TSS_1_AND_HAGHL_TSS_2	746	66788	TRUE	2.460559451674142e-7	-0.5265014188502879	TRUE	1016	82	2.134722960092503
ENSG00000131653	HAGHL_TSS_1_AND_HAGHL_TSS_2	624	55162	TRUE	2.9149132137044377e-7	-0.4463804382680855	TRUE	1016	82	1.124816400512516
ENSG00000007520	HAGHL_TSS_1_AND_HAGHL_TSS_2	919	83609	TRUE	3.9268602817208766e-7	-0.34527649119891146	TRUE	1016	82	3.5910288863193642
ENSG00000065057	HAGHL_TSS_1_AND_HAGHL_TSS_2	892	80340	TRUE	9.299277222962868e-7	-0.4060759126416713	TRUE	1016	82	3.6725939352271424
ENSG00000103266	HAGHL_TSS_1_AND_HAGHL_TSS_2	810	72132	TRUE	2.869334845055833e-6	-0.4196945780987851	TRUE	1016	82	2.2476744064918694
ENSG00000140990	HAGHL_TSS_1_AND_HAGHL_TSS_2	1012	91874	TRUE	7.914710664562279e-6	-0.365888843907455	TRUE	1016	82	18.28205048074419
ENSG00000095906	HAGHL_TSS_1_AND_HAGHL_TSS_2	748	67306	TRUE	1.9637647648940854e-5	-0.40472490241016895	TRUE	1016	82	1.7336062585289123
ENSG00000127554	HAGHL_TSS_1_AND_HAGHL_TSS_2	491	42527	TRUE	5.5628940542771545e-5	-0.42117341490067667	TRUE	1016	82	0.7540131462441535
ENSG00000162039	HAGHL_TSS_1_AND_HAGHL_TSS_2	703	63708	TRUE	6.759578890084671e-5	-0.39437804713381525	TRUE	1016	82	1.6831567653155828
ENSG00000065054	HAGHL_TSS_1_AND_HAGHL_TSS_2	553	46300	TRUE	7.787564290433202e-5	-0.44327350527876297	TRUE	1016	82	0.8916736981364001
ENSG00000086506	HAGHL_TSS_1_AND_HAGHL_TSS_2	954	86712	TRUE	1.656747459630424e-4	-0.23033929517779805	TRUE	1016	82	10.380022292363304
ENSG00000103254	HAGHL_TSS_1_AND_HAGHL_TSS_2	513	45210	TRUE	4e-4	-0.6122928294100511	TRUE	1016	82	1.5716845318082857
ENSG00000198736	HAGHL_TSS_1_AND_HAGHL_TSS_2	701	60819	TRUE	4.063454158899308e-4	-0.3441858361441699	TRUE	1016	82	1.5289644468056294
ENSG00000103024	HAGHL_TSS_1_AND_HAGHL_TSS_2	282	22876	TRUE	5.596428279333078e-4	-0.428612704875289	TRUE	1016	82	0.3398231194724835
ENSG00000103260	HAGHL_TSS_1_AND_HAGHL_TSS_2	273	23418	TRUE	0.001741433574032088	-0.4505303175813631	TRUE	1016	82	0.34295863412398303
ENSG00000127561	HAGHL_TSS_1_AND_HAGHL_TSS_2	657	58124	TRUE	0.005169548974023544	-0.3153478475195627	TRUE	1016	82	1.3043220100628146
ENSG00000103253	HAGHL_TSS_1_AND_HAGHL_TSS_2	202	26107	TRUE	0.028	-0.4378918580429554	TRUE	1016	82	0.4842859672698105
ENSG00000206053	HAGHL_TSS_1_AND_HAGHL_TSS_2	536	46680	TRUE	0.036	-0.20484259352031686	TRUE	1016	82	0.8066502078189943
ENSG00000063854	HAGHL_TSS_1_AND_HAGHL_TSS_2	543	48820	TRUE	0.144	-0.11280948406855143	FALSE	1016	82	1.0312509765930185
ENSG00000086504	HAGHL_TSS_1_AND_HAGHL_TSS_2	1008	91807	TRUE	5.404655878689725e-13	-0.44249841296867887	TRUE	1016	83	12.96360302926133
ENSG00000167969	HAGHL_TSS_1_AND_HAGHL_TSS_2	984	89319	TRUE	2.2118950022177538e-11	-0.37276566662850774	TRUE	1016	83	5.668093794597747
ENSG00000140990	HAGHL_TSS_1_AND_HAGHL_TSS_2	1012	91874	TRUE	3.579054510622052e-11	-0.454766294060303	TRUE	1016	83	18.28205048074419
ENSG00000086506	HAGHL_TSS_1_AND_HAGHL_TSS_2	954	86712	TRUE	4.0831310692415516e-11	-0.4057305990137601	TRUE	1016	83	10.380022292363304
ENSG00000103202	HAGHL_TSS_1_AND_HAGHL_TSS_2	919	82545	TRUE	2.1083149402648403e-10	-0.4283577039176776	TRUE	1016	83	3.9204245966019773
ENSG00000103275	HAGHL_TSS_1_AND_HAGHL_TSS_2	997	89376	TRUE	5.852222790794965e-9	-0.44664271318412085	TRUE	1016	83	8.007781493171661
ENSG00000074071	HAGHL_TSS_1_AND_HAGHL_TSS_2	963	87765	TRUE	9.47275768908146e-9	-0.4383363248985468	TRUE	1016	83	8.00711480567101
ENSG00000103266	HAGHL_TSS_1_AND_HAGHL_TSS_2	810	72132	TRUE	1.189108992201486e-8	-0.4635036371757423	TRUE	1016	83	2.2476744064918694
ENSG00000127554	HAGHL_TSS_1_AND_HAGHL_TSS_2	491	42527	TRUE	2.382431322013972e-8	-0.5594094570927968	TRUE	1016	83	0.7540131462441535
ENSG00000007520	HAGHL_TSS_1_AND_HAGHL_TSS_2	919	83609	TRUE	2.741562304017347e-8	-0.37618911764764196	TRUE	1016	83	3.5910288863193642
ENSG00000198736	HAGHL_TSS_1_AND_HAGHL_TSS_2	701	60819	TRUE	7.835219304714805e-8	-0.427441339793522	TRUE	1016	83	1.5289644468056294
ENSG00000162039	HAGHL_TSS_1_AND_HAGHL_TSS_2	703	63708	TRUE	2.3384835344193494e-7	-0.46482026071010674	TRUE	1016	83	1.6831567653155828
ENSG00000095906	HAGHL_TSS_1_AND_HAGHL_TSS_2	748	67306	TRUE	3.935510555257016e-7	-0.4413302198075608	TRUE	1016	83	1.7336062585289123
ENSG00000131653	HAGHL_TSS_1_AND_HAGHL_TSS_2	624	55162	TRUE	1.3464428168910624e-6	-0.4216620430640988	TRUE	1016	83	1.124816400512516
ENSG00000007376	HAGHL_TSS_1_AND_HAGHL_TSS_2	746	66788	TRUE	5.12521314266403e-6	-0.4817769743522371	TRUE	1016	83	2.134722960092503
ENSG00000065057	HAGHL_TSS_1_AND_HAGHL_TSS_2	892	80340	TRUE	5.767115344617376e-6	-0.357068571905216	TRUE	1016	83	3.6725939352271424
ENSG00000206053	HAGHL_TSS_1_AND_HAGHL_TSS_2	536	46680	TRUE	2.2312668151165498e-5	-0.34079774573349686	TRUE	1016	83	0.8066502078189943
ENSG00000140983	HAGHL_TSS_1_AND_HAGHL_TSS_2	641	55511	TRUE	3.717327339781366e-5	-0.4405976264075123	TRUE	1016	83	1.1848495265477046
ENSG00000103254	HAGHL_TSS_1_AND_HAGHL_TSS_2	513	45210	TRUE	1.0160321803346327e-4	-0.5669688389005609	TRUE	1016	83	1.5716845318082857
ENSG00000103024	HAGHL_TSS_1_AND_HAGHL_TSS_2	282	22876	TRUE	1.0917055287091963e-4	-0.468610772807208	TRUE	1016	83	0.3398231194724835
ENSG00000065054	HAGHL_TSS_1_AND_HAGHL_TSS_2	553	46300	TRUE	1.1580396415603045e-4	-0.4166131367551418	TRUE	1016	83	0.8916736981364001
ENSG00000103253	HAGHL_TSS_1_AND_HAGHL_TSS_2	202	26107	TRUE	1.4804472157891463e-4	-0.552015067816916	TRUE	1016	83	0.4842859672698105
ENSG00000188536	HAGHL_TSS_1_AND_HAGHL_TSS_2	1016	92268	TRUE	2.5696902073377506e-4	-0.05864090214268458	TRUE	1016	83	358.34205235580276
ENSG00000174109	HAGHL_TSS_1_AND_HAGHL_TSS_2	789	70288	TRUE	4.0309398502946445e-4	-0.351044834919247	TRUE	1016	83	2.0785232871860577
ENSG00000063854	HAGHL_TSS_1_AND_HAGHL_TSS_2	543	48820	TRUE	0.0021704198093310434	-0.21628942552960737	TRUE	1016	83	1.0312509765930185
ENSG00000127561	HAGHL_TSS_1_AND_HAGHL_TSS_2	657	58124	TRUE	0.002557670965611804	-0.33234399835383804	TRUE	1016	83	1.3043220100628146
ENSG00000103260	HAGHL_TSS_1_AND_HAGHL_TSS_2	273	23418	TRUE	0.008538412376342938	-0.40162071710041647	TRUE	1016	83	0.34295863412398303
ENSG00000167969	HAGHL_TSS_1_AND_HAGHL_TSS_2	984	89319	TRUE	5.085818313815091e-13	-0.3836002474142739	TRUE	1016	84	5.668093794597747
ENSG00000086504	HAGHL_TSS_1_AND_HAGHL_TSS_2	1008	91807	TRUE	2.9444907415336375e-10	-0.41165676669755413	TRUE	1016	84	12.96360302926133
ENSG00000103275	HAGHL_TSS_1_AND_HAGHL_TSS_2	997	89376	TRUE	9.651632511895866e-9	-0.45284391131791946	TRUE	1016	84	8.007781493171661
ENSG00000007520	HAGHL_TSS_1_AND_HAGHL_TSS_2	919	83609	TRUE	1.4791834223516825e-8	-0.40628232618081217	TRUE	1016	84	3.5910288863193642
ENSG00000074071	HAGHL_TSS_1_AND_HAGHL_TSS_2	963	87765	TRUE	3.189540397627918e-8	-0.4383363248985468	TRUE	1016	84	8.00711480567101
ENSG00000188536	HAGHL_TSS_1_AND_HAGHL_TSS_2	1016	92268	TRUE	5.5683785597668246e-8	-0.17135189759595626	TRUE	1016	84	358.34205235580276
ENSG00000162039	HAGHL_TSS_1_AND_HAGHL_TSS_2	703	63708	TRUE	8.706934766258248e-8	-0.48045333207674734	TRUE	1016	84	1.6831567653155828
ENSG00000103202	HAGHL_TSS_1_AND_HAGHL_TSS_2	919	82545	TRUE	1.6591175635266338e-7	-0.3978357591407815	TRUE	1016	84	3.9204245966019773
ENSG00000103266	HAGHL_TSS_1_AND_HAGHL_TSS_2	810	72132	TRUE	2.436288659857656e-7	-0.4368940982202456	TRUE	1016	84	2.2476744064918694
ENSG00000127561	HAGHL_TSS_1_AND_HAGHL_TSS_2	657	58124	TRUE	1.1322486895271305e-6	-0.42326318668645035	TRUE	1016	84	1.3043220100628146
ENSG00000103254	HAGHL_TSS_1_AND_HAGHL_TSS_2	513	45210	TRUE	2.5331075656682706e-6	-0.6619724319325674	TRUE	1016	84	1.5716845318082857
ENSG00000065057	HAGHL_TSS_1_AND_HAGHL_TSS_2	892	80340	TRUE	3.4325660448978473e-6	-0.37465393755536525	TRUE	1016	84	3.6725939352271424
ENSG00000206053	HAGHL_TSS_1_AND_HAGHL_TSS_2	536	46680	TRUE	4.914226245717216e-6	-0.36223491639578853	TRUE	1016	84	0.8066502078189943
ENSG00000103253	HAGHL_TSS_1_AND_HAGHL_TSS_2	202	26107	TRUE	8.90305182744272e-6	-0.6474722270648203	TRUE	1016	84	0.4842859672698105
ENSG00000140990	HAGHL_TSS_1_AND_HAGHL_TSS_2	1012	91874	TRUE	1.0514626981695282e-5	-0.3681815659488068	TRUE	1016	84	18.28205048074419
ENSG00000131653	HAGHL_TSS_1_AND_HAGHL_TSS_2	624	55162	TRUE	5.045728055245893e-5	-0.37504165654782323	TRUE	1016	84	1.124816400512516
ENSG00000198736	HAGHL_TSS_1_AND_HAGHL_TSS_2	701	60819	TRUE	9.892961174429692e-5	-0.34194039593852577	TRUE	1016	84	1.5289644468056294
ENSG00000086506	HAGHL_TSS_1_AND_HAGHL_TSS_2	954	86712	TRUE	1.4170507300137816e-4	-0.24433709296609418	TRUE	1016	84	10.380022292363304
ENSG00000007376	HAGHL_TSS_1_AND_HAGHL_TSS_2	746	66788	TRUE	1.6764326992889725e-4	-0.41214278651518466	TRUE	1016	84	2.134722960092503
ENSG00000127554	HAGHL_TSS_1_AND_HAGHL_TSS_2	491	42527	TRUE	3.1960271449524204e-4	-0.4114418768829033	TRUE	1016	84	0.7540131462441535
ENSG00000103024	HAGHL_TSS_1_AND_HAGHL_TSS_2	282	22876	TRUE	4.124915406535593e-4	-0.4399280181031231	TRUE	1016	84	0.3398231194724835
ENSG00000174109	HAGHL_TSS_1_AND_HAGHL_TSS_2	789	70288	TRUE	4.8650239155555944e-4	-0.3485581436269696	TRUE	1016	84	2.0785232871860577
ENSG00000103260	HAGHL_TSS_1_AND_HAGHL_TSS_2	273	23418	TRUE	0.0010964825237851084	-0.47843631415124754	TRUE	1016	84	0.34295863412398303
ENSG00000065054	HAGHL_TSS_1_AND_HAGHL_TSS_2	553	46300	TRUE	0.004468837567597771	-0.3510699506085898	TRUE	1016	84	0.8916736981364001
ENSG00000095906	HAGHL_TSS_1_AND_HAGHL_TSS_2	748	67306	TRUE	0.004676509927011912	-0.3185383253650016	TRUE	1016	84	1.7336062585289123
ENSG00000063854	HAGHL_TSS_1_AND_HAGHL_TSS_2	543	48820	TRUE	0.032	-0.15515577477814615	TRUE	1016	84	1.0312509765930185
ENSG00000140983	HAGHL_TSS_1_AND_HAGHL_TSS_2	641	55511	TRUE	0.064	-0.26395880023668045	TRUE	1016	84	1.1848495265477046
ENSG00000140990	HAGHL_TSS_1_AND_HAGHL_TSS_2	1012	91874	TRUE	4.851905577362913e-14	-0.5134019772013496	TRUE	1016	85	18.28205048074419
ENSG00000086504	HAGHL_TSS_1_AND_HAGHL_TSS_2	1008	91807	TRUE	1.7739112084547616e-12	-0.44390331622595536	TRUE	1016	85	12.96360302926133
ENSG00000095906	HAGHL_TSS_1_AND_HAGHL_TSS_2	748	67306	TRUE	1.4364803698809887e-11	-0.5570722733991242	TRUE	1016	85	1.7336062585289123
ENSG00000131653	HAGHL_TSS_1_AND_HAGHL_TSS_2	624	55162	TRUE	1.1135920193008086e-9	-0.52669325893476	TRUE	1016	85	1.124816400512516
ENSG00000167969	HAGHL_TSS_1_AND_HAGHL_TSS_2	984	89319	TRUE	3.3612501024587482e-9	-0.36538298932791413	TRUE	1016	85	5.668093794597747
ENSG00000065057	HAGHL_TSS_1_AND_HAGHL_TSS_2	892	80340	TRUE	1.2618260733614433e-8	-0.43370703161886226	TRUE	1016	85	3.6725939352271424
ENSG00000103275	HAGHL_TSS_1_AND_HAGHL_TSS_2	997	89376	TRUE	1.932491883116711e-8	-0.4406962762520372	TRUE	1016	85	8.007781493171661
ENSG00000103266	HAGHL_TSS_1_AND_HAGHL_TSS_2	810	72132	TRUE	2.6814261302757846e-7	-0.44350061252811834	TRUE	1016	85	2.2476744064918694
ENSG00000103202	HAGHL_TSS_1_AND_HAGHL_TSS_2	919	82545	TRUE	3.8863133720005863e-7	-0.3761614927922492	TRUE	1016	85	3.9204245966019773
ENSG00000007520	HAGHL_TSS_1_AND_HAGHL_TSS_2	919	83609	TRUE	8.990086946563834e-7	-0.3486254780406084	TRUE	1016	85	3.5910288863193642
ENSG00000140983	HAGHL_TSS_1_AND_HAGHL_TSS_2	641	55511	TRUE	1.0127435957998129e-6	-0.48635122157312827	TRUE	1016	85	1.1848495265477046
ENSG00000086506	HAGHL_TSS_1_AND_HAGHL_TSS_2	954	86712	TRUE	7.42568030639274e-6	-0.3175893310015643	TRUE	1016	85	10.380022292363304
ENSG00000074071	HAGHL_TSS_1_AND_HAGHL_TSS_2	963	87765	TRUE	9.578802952846027e-6	-0.37462827234630147	TRUE	1016	85	8.00711480567101
ENSG00000162039	HAGHL_TSS_1_AND_HAGHL_TSS_2	703	63708	TRUE	9.716937406946445e-6	-0.41783701995780415	TRUE	1016	85	1.6831567653155828
ENSG00000174109	HAGHL_TSS_1_AND_HAGHL_TSS_2	789	70288	TRUE	1.626995013421736e-5	-0.40600323967549046	TRUE	1016	85	2.0785232871860577
ENSG00000206053	HAGHL_TSS_1_AND_HAGHL_TSS_2	536	46680	TRUE	5.756800920139597e-5	-0.3301974405797503	TRUE	1016	85	0.8066502078189943
ENSG00000127554	HAGHL_TSS_1_AND_HAGHL_TSS_2	491	42527	TRUE	3.852109277319546e-4	-0.3945680583185072	TRUE	1016	85	0.7540131462441535
ENSG00000103254	HAGHL_TSS_1_AND_HAGHL_TSS_2	513	45210	TRUE	4e-4	-0.5710308642237962	TRUE	1016	85	1.5716845318082857
ENSG00000127561	HAGHL_TSS_1_AND_HAGHL_TSS_2	657	58124	TRUE	8.392358051542773e-4	-0.34688342095266933	TRUE	1016	85	1.3043220100628146
ENSG00000063854	HAGHL_TSS_1_AND_HAGHL_TSS_2	543	48820	TRUE	0.0010423171898335318	-0.2130905438622877	TRUE	1016	85	1.0312509765930185
ENSG00000007376	HAGHL_TSS_1_AND_HAGHL_TSS_2	746	66788	TRUE	0.001545070095714609	-0.4062798668142906	TRUE	1016	85	2.134722960092503
ENSG00000188536	HAGHL_TSS_1_AND_HAGHL_TSS_2	1016	92268	TRUE	0.0032430077715994293	-0.06900023322154425	TRUE	1016	85	358.34205235580276
ENSG00000065054	HAGHL_TSS_1_AND_HAGHL_TSS_2	553	46300	TRUE	0.003903607364349186	-0.35495861884135227	TRUE	1016	85	0.8916736981364001
ENSG00000198736	HAGHL_TSS_1_AND_HAGHL_TSS_2	701	60819	TRUE	0.003905373761490749	-0.2858315731731201	TRUE	1016	85	1.5289644468056294
ENSG00000103024	HAGHL_TSS_1_AND_HAGHL_TSS_2	282	22876	TRUE	0.003983469037478177	-0.3571503423186648	TRUE	1016	85	0.3398231194724835
ENSG00000103260	HAGHL_TSS_1_AND_HAGHL_TSS_2	273	23418	TRUE	0.032	-0.36469414810205913	TRUE	1016	85	0.34295863412398303
ENSG00000103253	HAGHL_TSS_1_AND_HAGHL_TSS_2	202	26107	TRUE	0.08	-0.34732464821392695	TRUE	1016	85	0.4842859672698105
ENSG00000140990	HAGHL_TSS_1_AND_HAGHL_TSS_2	1012	91874	TRUE	1.5913326551994838e-10	-0.4306050420547187	TRUE	1016	86	18.28205048074419
ENSG00000074071	HAGHL_TSS_1_AND_HAGHL_TSS_2	963	87765	TRUE	7.298238428182441e-10	-0.46704286060632816	TRUE	1016	86	8.00711480567101
ENSG00000162039	HAGHL_TSS_1_AND_HAGHL_TSS_2	703	63708	TRUE	8.667118478861735e-8	-0.46149224299235236	TRUE	1016	86	1.6831567653155828
ENSG00000007520	HAGHL_TSS_1_AND_HAGHL_TSS_2	919	83609	TRUE	3.5440893359221966e-7	-0.3534232710918481	TRUE	1016	86	3.5910288863193642
ENSG00000167969	HAGHL_TSS_1_AND_HAGHL_TSS_2	984	89319	TRUE	5.592473086817452e-7	-0.28657326680409456	TRUE	1016	86	5.668093794597747
ENSG00000086504	HAGHL_TSS_1_AND_HAGHL_TSS_2	1008	91807	TRUE	7.368506968390772e-7	-0.3400636008368929	TRUE	1016	86	12.96360302926133
ENSG00000103275	HAGHL_TSS_1_AND_HAGHL_TSS_2	997	89376	TRUE	7.386993981241784e-7	-0.4008533474610161	TRUE	1016	86	8.007781493171661
ENSG00000103266	HAGHL_TSS_1_AND_HAGHL_TSS_2	810	72132	TRUE	8.715262485807897e-7	-0.4229549072623717	TRUE	1016	86	2.2476744064918694
ENSG00000174109	HAGHL_TSS_1_AND_HAGHL_TSS_2	789	70288	TRUE	8.911201511235768e-7	-0.4163823854554898	TRUE	1016	86	2.0785232871860577
ENSG00000127561	HAGHL_TSS_1_AND_HAGHL_TSS_2	657	58124	TRUE	1.5373227152280441e-6	-0.43592465787922957	TRUE	1016	86	1.3043220100628146
ENSG00000095906	HAGHL_TSS_1_AND_HAGHL_TSS_2	748	67306	TRUE	2.88869715513133e-6	-0.4223886561541006	TRUE	1016	86	1.7336062585289123
ENSG00000063854	HAGHL_TSS_1_AND_HAGHL_TSS_2	543	48820	TRUE	7.619451217217286e-6	-0.29189211156988576	TRUE	1016	86	1.0312509765930185
ENSG00000198736	HAGHL_TSS_1_AND_HAGHL_TSS_2	701	60819	TRUE	8.878036968588921e-6	-0.3829029437170236	TRUE	1016	86	1.5289644468056294
ENSG00000065057	HAGHL_TSS_1_AND_HAGHL_TSS_2	892	80340	TRUE	5.432038947327184e-5	-0.34296586878703317	TRUE	1016	86	3.6725939352271424
ENSG00000188536	HAGHL_TSS_1_AND_HAGHL_TSS_2	1016	92268	TRUE	5.7627487968132246e-5	-0.12321018199077294	TRUE	1016	86	358.34205235580276
ENSG00000140983	HAGHL_TSS_1_AND_HAGHL_TSS_2	641	55511	TRUE	1.6422800837087928e-4	-0.4022869567846538	TRUE	1016	86	1.1848495265477046
ENSG00000131653	HAGHL_TSS_1_AND_HAGHL_TSS_2	624	55162	TRUE	1.7316506670273782e-4	-0.35618262929650724	TRUE	1016	86	1.124816400512516
ENSG00000127554	HAGHL_TSS_1_AND_HAGHL_TSS_2	491	42527	TRUE	3.1998796137319273e-4	-0.3945680583185072	TRUE	1016	86	0.7540131462441535
ENSG00000103254	HAGHL_TSS_1_AND_HAGHL_TSS_2	513	45210	TRUE	4e-4	-0.5805536383423029	TRUE	1016	86	1.5716845318082857
ENSG00000086506	HAGHL_TSS_1_AND_HAGHL_TSS_2	954	86712	TRUE	9.240705198284554e-4	-0.2147907053528737	TRUE	1016	86	10.380022292363304
ENSG00000103260	HAGHL_TSS_1_AND_HAGHL_TSS_2	273	23418	TRUE	0.0026319183588329673	-0.4505303175813631	TRUE	1016	86	0.34295863412398303
ENSG00000065054	HAGHL_TSS_1_AND_HAGHL_TSS_2	553	46300	TRUE	0.010296546929366282	-0.3298676378785218	TRUE	1016	86	0.8916736981364001
ENSG00000103024	HAGHL_TSS_1_AND_HAGHL_TSS_2	282	22876	TRUE	0.024	-0.35179710782445794	TRUE	1016	86	0.3398231194724835
ENSG00000206053	HAGHL_TSS_1_AND_HAGHL_TSS_2	536	46680	TRUE	0.031165992138459817	-0.2087208083312445	TRUE	1016	86	0.8066502078189943
ENSG00000103202	HAGHL_TSS_1_AND_HAGHL_TSS_2	919	82545	TRUE	0.108	-0.19327564019671706	FALSE	1016	86	3.9204245966019773
ENSG00000007376	HAGHL_TSS_1_AND_HAGHL_TSS_2	746	66788	TRUE	0.136	-0.29685925843445204	FALSE	1016	86	2.134722960092503
ENSG00000103253	HAGHL_TSS_1_AND_HAGHL_TSS_2	202	26107	TRUE	0.252	-0.3171100351669194	FALSE	1016	86	0.4842859672698105
ENSG00000086504	HAGHL_TSS_1_AND_HAGHL_TSS_2	1008	91807	TRUE	2.951768167147572e-17	-0.4933752613021678	TRUE	1016	87	12.96360302926133
ENSG00000074071	HAGHL_TSS_1_AND_HAGHL_TSS_2	963	87765	TRUE	3.349448600627936e-11	-0.49731883800317656	TRUE	1016	87	8.00711480567101
ENSG00000103024	HAGHL_TSS_1_AND_HAGHL_TSS_2	282	22876	TRUE	1.4160326949870457e-8	-0.6939030846494507	TRUE	1016	87	0.3398231194724835
ENSG00000007376	HAGHL_TSS_1_AND_HAGHL_TSS_2	746	66788	TRUE	4.444201699775304e-8	-0.5246855658215279	TRUE	1016	87	2.134722960092503
ENSG00000103275	HAGHL_TSS_1_AND_HAGHL_TSS_2	997	89376	TRUE	8.623941281601412e-8	-0.4340924992436088	TRUE	1016	87	8.007781493171661
ENSG00000188536	HAGHL_TSS_1_AND_HAGHL_TSS_2	1016	92268	TRUE	3.120159168018728e-7	-0.16339447381958827	TRUE	1016	87	358.34205235580276
ENSG00000065057	HAGHL_TSS_1_AND_HAGHL_TSS_2	892	80340	TRUE	1.146078538045566e-6	-0.3852126310259194	TRUE	1016	87	3.6725939352271424
ENSG00000063854	HAGHL_TSS_1_AND_HAGHL_TSS_2	543	48820	TRUE	1.223234246229359e-6	-0.3645611792681181	TRUE	1016	87	1.0312509765930185
ENSG00000103266	HAGHL_TSS_1_AND_HAGHL_TSS_2	810	72132	TRUE	1.2952965089900328e-6	-0.42622262109628273	TRUE	1016	87	2.2476744064918694
ENSG00000103202	HAGHL_TSS_1_AND_HAGHL_TSS_2	919	82545	TRUE	1.5701843799517906e-6	-0.35300522947394186	TRUE	1016	87	3.9204245966019773
ENSG00000127554	HAGHL_TSS_1_AND_HAGHL_TSS_2	491	42527	TRUE	2.4764004687278793e-6	-0.5118437738407406	TRUE	1016	87	0.7540131462441535
ENSG00000095906	HAGHL_TSS_1_AND_HAGHL_TSS_2	748	67306	TRUE	5.359997652316852e-6	-0.4140493552413711	TRUE	1016	87	1.7336062585289123
ENSG00000198736	HAGHL_TSS_1_AND_HAGHL_TSS_2	701	60819	TRUE	9.410626597616736e-6	-0.3840575616585156	TRUE	1016	87	1.5289644468056294
ENSG00000162039	HAGHL_TSS_1_AND_HAGHL_TSS_2	703	63708	TRUE	9.49899437431654e-6	-0.4049939525829909	TRUE	1016	87	1.6831567653155828
ENSG00000127561	HAGHL_TSS_1_AND_HAGHL_TSS_2	657	58124	TRUE	1.395371771357643e-5	-0.42326318668645035	TRUE	1016	87	1.3043220100628146
ENSG00000007520	HAGHL_TSS_1_AND_HAGHL_TSS_2	919	83609	TRUE	2.7521734452131894e-5	-0.313141765097412	TRUE	1016	87	3.5910288863193642
ENSG00000131653	HAGHL_TSS_1_AND_HAGHL_TSS_2	624	55162	TRUE	3.258623500645877e-5	-0.3957543651981176	TRUE	1016	87	1.124816400512516
ENSG00000086506	HAGHL_TSS_1_AND_HAGHL_TSS_2	954	86712	TRUE	6.02722172061464e-5	-0.2857160522141715	TRUE	1016	87	10.380022292363304
ENSG00000065054	HAGHL_TSS_1_AND_HAGHL_TSS_2	553	46300	TRUE	1.1943344772029092e-4	-0.4125549201807883	TRUE	1016	87	0.8916736981364001
ENSG00000167969	HAGHL_TSS_1_AND_HAGHL_TSS_2	984	89319	TRUE	1.6190630180196175e-4	-0.24844319035237605	TRUE	1016	87	5.668093794597747
ENSG00000206053	HAGHL_TSS_1_AND_HAGHL_TSS_2	536	46680	TRUE	3.30135727627294e-4	-0.29885598266018865	TRUE	1016	87	0.8066502078189943
ENSG00000174109	HAGHL_TSS_1_AND_HAGHL_TSS_2	789	70288	TRUE	0.004228393073830786	-0.3133786933093722	TRUE	1016	87	2.0785232871860577
ENSG00000103254	HAGHL_TSS_1_AND_HAGHL_TSS_2	513	45210	TRUE	0.0052	-0.49574273691955895	TRUE	1016	87	1.5716845318082857
ENSG00000140990	HAGHL_TSS_1_AND_HAGHL_TSS_2	1012	91874	TRUE	0.006874588819165875	-0.2903904090808864	TRUE	1016	87	18.28205048074419
ENSG00000140983	HAGHL_TSS_1_AND_HAGHL_TSS_2	641	55511	TRUE	0.024	-0.31429047578682484	TRUE	1016	87	1.1848495265477046
ENSG00000103253	HAGHL_TSS_1_AND_HAGHL_TSS_2	202	26107	TRUE	0.056	-0.4057413344392491	TRUE	1016	87	0.4842859672698105
ENSG00000103260	HAGHL_TSS_1_AND_HAGHL_TSS_2	273	23418	TRUE	0.084	-0.31856497737285805	TRUE	1016	87	0.34295863412398303
ENSG00000086504	HAGHL_TSS_1_AND_HAGHL_TSS_2	1008	91807	TRUE	3.0469860408012623e-13	-0.4488312794843581	TRUE	1016	88	12.96360302926133
ENSG00000167969	HAGHL_TSS_1_AND_HAGHL_TSS_2	984	89319	TRUE	4.049362385758711e-13	-0.38297893171092	TRUE	1016	88	5.668093794597747
ENSG00000188536	HAGHL_TSS_1_AND_HAGHL_TSS_2	1016	92268	TRUE	2.0219258034555993e-9	-0.2216827197040505	TRUE	1016	88	358.34205235580276
ENSG00000174109	HAGHL_TSS_1_AND_HAGHL_TSS_2	789	70288	TRUE	1.686606381939768e-8	-0.4676286257709139	TRUE	1016	88	2.0785232871860577
ENSG00000095906	HAGHL_TSS_1_AND_HAGHL_TSS_2	748	67306	TRUE	1.7408560044385968e-8	-0.47997614770704444	TRUE	1016	88	1.7336062585289123
ENSG00000086506	HAGHL_TSS_1_AND_HAGHL_TSS_2	954	86712	TRUE	4.8400445887804094e-8	-0.33063800982684555	TRUE	1016	88	10.380022292363304
ENSG00000131653	HAGHL_TSS_1_AND_HAGHL_TSS_2	624	55162	TRUE	6.319385670815452e-8	-0.4430600799764741	TRUE	1016	88	1.124816400512516
ENSG00000103202	HAGHL_TSS_1_AND_HAGHL_TSS_2	919	82545	TRUE	2.6084656174430387e-7	-0.35977739825815336	TRUE	1016	88	3.9204245966019773
ENSG00000007520	HAGHL_TSS_1_AND_HAGHL_TSS_2	919	83609	TRUE	2.522394934339274e-6	-0.34671081944387216	TRUE	1016	88	3.5910288863193642
ENSG00000103275	HAGHL_TSS_1_AND_HAGHL_TSS_2	997	89376	TRUE	3.5413943050665968e-6	-0.39752686445419894	TRUE	1016	88	8.007781493171661
ENSG00000074071	HAGHL_TSS_1_AND_HAGHL_TSS_2	963	87765	TRUE	3.897061515717101e-6	-0.4043945012844379	TRUE	1016	88	8.00711480567101
ENSG00000162039	HAGHL_TSS_1_AND_HAGHL_TSS_2	703	63708	TRUE	8.041499845072532e-6	-0.4114011949761292	TRUE	1016	88	1.6831567653155828
ENSG00000140990	HAGHL_TSS_1_AND_HAGHL_TSS_2	1012	91874	TRUE	2.6535874670715037e-5	-0.3535328585506843	TRUE	1016	88	18.28205048074419
ENSG00000007376	HAGHL_TSS_1_AND_HAGHL_TSS_2	746	66788	TRUE	1.0960677668190623e-4	-0.43327845666104725	TRUE	1016	88	2.134722960092503
ENSG00000065057	HAGHL_TSS_1_AND_HAGHL_TSS_2	892	80340	TRUE	2.0387829549442169e-4	-0.3448382831198038	TRUE	1016	88	3.6725939352271424
ENSG00000206053	HAGHL_TSS_1_AND_HAGHL_TSS_2	536	46680	TRUE	2.4242298503715162e-4	-0.294728097037512	TRUE	1016	88	0.8066502078189943
ENSG00000140983	HAGHL_TSS_1_AND_HAGHL_TSS_2	641	55511	TRUE	4.2181671052737857e-4	-0.4144360394507701	TRUE	1016	88	1.1848495265477046
ENSG00000198736	HAGHL_TSS_1_AND_HAGHL_TSS_2	701	60819	TRUE	5.395235024522466e-4	-0.29883867892854926	TRUE	1016	88	1.5289644468056294
ENSG00000103260	HAGHL_TSS_1_AND_HAGHL_TSS_2	273	23418	TRUE	0.003927181383763863	-0.4505303175813631	TRUE	1016	88	0.34295863412398303
ENSG00000103266	HAGHL_TSS_1_AND_HAGHL_TSS_2	810	72132	TRUE	0.01102950898959712	-0.2987166103580824	TRUE	1016	88	2.2476744064918694
ENSG00000065054	HAGHL_TSS_1_AND_HAGHL_TSS_2	553	46300	TRUE	0.024	-0.3127491043126557	TRUE	1016	88	0.8916736981364001
ENSG00000127561	HAGHL_TSS_1_AND_HAGHL_TSS_2	657	58124	TRUE	0.032	-0.28830859476721055	TRUE	1016	88	1.3043220100628146
ENSG00000103253	HAGHL_TSS_1_AND_HAGHL_TSS_2	202	26107	TRUE	0.076	-0.3665352521797618	TRUE	1016	88	0.4842859672698105
ENSG00000103254	HAGHL_TSS_1_AND_HAGHL_TSS_2	513	45210	TRUE	0.116	-0.4180789413851974	FALSE	1016	88	1.5716845318082857
ENSG00000127554	HAGHL_TSS_1_AND_HAGHL_TSS_2	491	42527	TRUE	0.156	-0.24232533443674814	FALSE	1016	88	0.7540131462441535
ENSG00000063854	HAGHL_TSS_1_AND_HAGHL_TSS_2	543	48820	TRUE	0.16	-0.10537672656203442	FALSE	1016	88	1.0312509765930185
ENSG00000103024	HAGHL_TSS_1_AND_HAGHL_TSS_2	282	22876	TRUE	0.496	-0.04059541953015411	FALSE	1016	88	0.3398231194724835
ENSG00000103275	HAGHL_TSS_1_AND_HAGHL_TSS_2	997	89376	TRUE	7.768799580270251e-17	-0.5608218218709053	TRUE	1016	89	8.007781493171661
ENSG00000095906	HAGHL_TSS_1_AND_HAGHL_TSS_2	748	67306	TRUE	1.3700956086652156e-12	-0.5685954579899619	TRUE	1016	89	1.7336062585289123
ENSG00000167969	HAGHL_TSS_1_AND_HAGHL_TSS_2	984	89319	TRUE	4.086092959445486e-11	-0.3736911633185742	TRUE	1016	89	5.668093794597747
ENSG00000086506	HAGHL_TSS_1_AND_HAGHL_TSS_2	954	86712	TRUE	4.633476524613898e-11	-0.431477948553896	TRUE	1016	89	10.380022292363304
ENSG00000086504	HAGHL_TSS_1_AND_HAGHL_TSS_2	1008	91807	TRUE	1.1695873933345595e-10	-0.3994751224206863	TRUE	1016	89	12.96360302926133
ENSG00000007520	HAGHL_TSS_1_AND_HAGHL_TSS_2	919	83609	TRUE	1.8073096294876425e-10	-0.42081210906826927	TRUE	1016	89	3.5910288863193642
ENSG00000074071	HAGHL_TSS_1_AND_HAGHL_TSS_2	963	87765	TRUE	2.902445762413808e-10	-0.4828340728482683	TRUE	1016	89	8.00711480567101
ENSG00000140990	HAGHL_TSS_1_AND_HAGHL_TSS_2	1012	91874	TRUE	4.776917373581718e-10	-0.42771276939228464	TRUE	1016	89	18.28205048074419
ENSG00000188536	HAGHL_TSS_1_AND_HAGHL_TSS_2	1016	92268	TRUE	2.2997994329911455e-9	-0.22313304445360593	TRUE	1016	89	358.34205235580276
ENSG00000065054	HAGHL_TSS_1_AND_HAGHL_TSS_2	553	46300	TRUE	5.7209295585041e-9	-0.5845076029700832	TRUE	1016	89	0.8916736981364001
ENSG00000127561	HAGHL_TSS_1_AND_HAGHL_TSS_2	657	58124	TRUE	1.1477235753320103e-8	-0.4760419012286571	TRUE	1016	89	1.3043220100628146
ENSG00000103266	HAGHL_TSS_1_AND_HAGHL_TSS_2	810	72132	TRUE	1.969763993033653e-8	-0.45764071747484825	TRUE	1016	89	2.2476744064918694
ENSG00000131653	HAGHL_TSS_1_AND_HAGHL_TSS_2	624	55162	TRUE	2.2063662045593106e-8	-0.4834178175926152	TRUE	1016	89	1.124816400512516
ENSG00000174109	HAGHL_TSS_1_AND_HAGHL_TSS_2	789	70288	TRUE	3.340021217483342e-8	-0.4568755694740394	TRUE	1016	89	2.0785232871860577
ENSG00000198736	HAGHL_TSS_1_AND_HAGHL_TSS_2	701	60819	TRUE	8.053403023893391e-8	-0.43340536251145145	TRUE	1016	89	1.5289644468056294
ENSG00000140983	HAGHL_TSS_1_AND_HAGHL_TSS_2	641	55511	TRUE	9.383608733565713e-8	-0.5269932060704742	TRUE	1016	89	1.1848495265477046
ENSG00000103202	HAGHL_TSS_1_AND_HAGHL_TSS_2	919	82545	TRUE	8.582573483784583e-7	-0.35300522947394186	TRUE	1016	89	3.9204245966019773
ENSG00000065057	HAGHL_TSS_1_AND_HAGHL_TSS_2	892	80340	TRUE	1.956719174891846e-6	-0.37274244997412653	TRUE	1016	89	3.6725939352271424
ENSG00000007376	HAGHL_TSS_1_AND_HAGHL_TSS_2	746	66788	TRUE	2.038907519670086e-6	-0.48618754043155077	TRUE	1016	89	2.134722960092503
ENSG00000206053	HAGHL_TSS_1_AND_HAGHL_TSS_2	536	46680	TRUE	5.087815375523497e-5	-0.33654827273213894	TRUE	1016	89	0.8066502078189943
ENSG00000127554	HAGHL_TSS_1_AND_HAGHL_TSS_2	491	42527	TRUE	1.5916496532149792e-4	-0.4138686142774434	TRUE	1016	89	0.7540131462441535
ENSG00000162039	HAGHL_TSS_1_AND_HAGHL_TSS_2	703	63708	TRUE	3.4038933835333436e-4	-0.37442053500749356	TRUE	1016	89	1.6831567653155828
ENSG00000063854	HAGHL_TSS_1_AND_HAGHL_TSS_2	543	48820	TRUE	0.00044127782114851063	-0.23239109982122394	TRUE	1016	89	1.0312509765930185
ENSG00000103260	HAGHL_TSS_1_AND_HAGHL_TSS_2	273	23418	TRUE	5.764127260419246e-4	-0.4728117649573693	TRUE	1016	89	0.34295863412398303
ENSG00000103254	HAGHL_TSS_1_AND_HAGHL_TSS_2	513	45210	TRUE	0.0012500100050226101	-0.5217145461606167	TRUE	1016	89	1.5716845318082857
ENSG00000103024	HAGHL_TSS_1_AND_HAGHL_TSS_2	282	22876	TRUE	0.0043638353066489735	-0.3679167731877351	TRUE	1016	89	0.3398231194724835
ENSG00000103253	HAGHL_TSS_1_AND_HAGHL_TSS_2	202	26107	TRUE	0.015483445738421725	-0.4217270386119485	TRUE	1016	89	0.4842859672698105
ENSG00000167969	HAGHL_TSS_1_AND_HAGHL_TSS_2	984	89319	TRUE	7.677826032419103e-10	-0.34587857679066447	TRUE	1016	90	5.668093794597747
ENSG00000198736	HAGHL_TSS_1_AND_HAGHL_TSS_2	701	60819	TRUE	1.292588503485297e-8	-0.4599439794808517	TRUE	1016	90	1.5289644468056294
ENSG00000103266	HAGHL_TSS_1_AND_HAGHL_TSS_2	810	72132	TRUE	1.5890334364865384e-8	-0.4693904802526565	TRUE	1016	90	2.2476744064918694
ENSG00000162039	HAGHL_TSS_1_AND_HAGHL_TSS_2	703	63708	TRUE	1.6750944172699348e-8	-0.4917244444117675	TRUE	1016	90	1.6831567653155828
ENSG00000140990	HAGHL_TSS_1_AND_HAGHL_TSS_2	1012	91874	TRUE	4.420103870321024e-8	-0.3939369101941854	TRUE	1016	90	18.28205048074419
ENSG00000174109	HAGHL_TSS_1_AND_HAGHL_TSS_2	789	70288	TRUE	4.697577353387876e-8	-0.47574634357360246	TRUE	1016	90	2.0785232871860577
ENSG00000140983	HAGHL_TSS_1_AND_HAGHL_TSS_2	641	55511	TRUE	5.866761654512056e-8	-0.536920045975765	TRUE	1016	90	1.1848495265477046
ENSG00000007520	HAGHL_TSS_1_AND_HAGHL_TSS_2	919	83609	TRUE	4.2968010875813487e-7	-0.3486254780406084	TRUE	1016	90	3.5910288863193642
ENSG00000131653	HAGHL_TSS_1_AND_HAGHL_TSS_2	624	55162	TRUE	1.4719343278184421e-6	-0.4249334617921512	TRUE	1016	90	1.124816400512516
ENSG00000188536	HAGHL_TSS_1_AND_HAGHL_TSS_2	1016	92268	TRUE	2.741068007775958e-6	-0.10760137125662084	TRUE	1016	90	358.34205235580276
ENSG00000095906	HAGHL_TSS_1_AND_HAGHL_TSS_2	748	67306	TRUE	3.280849064154416e-6	-0.4213436035615811	TRUE	1016	90	1.7336062585289123
ENSG00000065054	HAGHL_TSS_1_AND_HAGHL_TSS_2	553	46300	TRUE	5.448821150112106e-6	-0.5002710658020513	TRUE	1016	90	0.8916736981364001
ENSG00000086504	HAGHL_TSS_1_AND_HAGHL_TSS_2	1008	91807	TRUE	5.456672526262798e-6	-0.33184680987121284	TRUE	1016	90	12.96360302926133
ENSG00000103202	HAGHL_TSS_1_AND_HAGHL_TSS_2	919	82545	TRUE	1.1869329998968545e-5	-0.33110177017359765	TRUE	1016	90	3.9204245966019773
ENSG00000007376	HAGHL_TSS_1_AND_HAGHL_TSS_2	746	66788	TRUE	1.5511160720296617e-5	-0.46426832449749544	TRUE	1016	90	2.134722960092503
ENSG00000065057	HAGHL_TSS_1_AND_HAGHL_TSS_2	892	80340	TRUE	1.802991711860938e-5	-0.3561240906663188	TRUE	1016	90	3.6725939352271424
ENSG00000086506	HAGHL_TSS_1_AND_HAGHL_TSS_2	954	86712	TRUE	1.345428084655858e-4	-0.2694033970785661	TRUE	1016	90	10.380022292363304
ENSG00000127554	HAGHL_TSS_1_AND_HAGHL_TSS_2	491	42527	TRUE	1.3847643696164418e-4	-0.3945680583185072	TRUE	1016	90	0.7540131462441535
ENSG00000206053	HAGHL_TSS_1_AND_HAGHL_TSS_2	536	46680	TRUE	1.7216587629493955e-4	-0.31967445416774276	TRUE	1016	90	0.8066502078189943
ENSG00000103254	HAGHL_TSS_1_AND_HAGHL_TSS_2	513	45210	TRUE	4e-4	-0.6518987099194586	TRUE	1016	90	1.5716845318082857
ENSG00000063854	HAGHL_TSS_1_AND_HAGHL_TSS_2	543	48820	TRUE	0.002151488163541486	-0.20512423405223096	TRUE	1016	90	1.0312509765930185
ENSG00000103275	HAGHL_TSS_1_AND_HAGHL_TSS_2	997	89376	TRUE	0.002152053355412298	-0.33701263223746114	TRUE	1016	90	8.007781493171661
ENSG00000074071	HAGHL_TSS_1_AND_HAGHL_TSS_2	963	87765	TRUE	0.006110155098265541	-0.31101039560008603	TRUE	1016	90	8.00711480567101
ENSG00000103260	HAGHL_TSS_1_AND_HAGHL_TSS_2	273	23418	TRUE	0.014620315623136981	-0.39628727279737586	TRUE	1016	90	0.34295863412398303
ENSG00000103253	HAGHL_TSS_1_AND_HAGHL_TSS_2	202	26107	TRUE	0.028	-0.4057413344392491	TRUE	1016	90	0.4842859672698105
ENSG00000127561	HAGHL_TSS_1_AND_HAGHL_TSS_2	657	58124	TRUE	0.08	-0.23816644825581598	TRUE	1016	90	1.3043220100628146
ENSG00000103024	HAGHL_TSS_1_AND_HAGHL_TSS_2	282	22876	TRUE	0.204	-0.2094441844131274	FALSE	1016	90	0.3398231194724835
ENSG00000086504	HAGHL_TSS_1_AND_HAGHL_TSS_2	1008	91807	TRUE	3.264851040529797e-10	-0.4017940200688104	TRUE	1016	91	12.96360302926133
ENSG00000065057	HAGHL_TSS_1_AND_HAGHL_TSS_2	892	80340	TRUE	3.904575778421003e-10	-0.46187770431002306	TRUE	1016	91	3.6725939352271424
ENSG00000007376	HAGHL_TSS_1_AND_HAGHL_TSS_2	746	66788	TRUE	1.3509919119286846e-8	-0.5192516797708999	TRUE	1016	91	2.134722960092503
ENSG00000007520	HAGHL_TSS_1_AND_HAGHL_TSS_2	919	83609	TRUE	1.3876277064528886e-8	-0.38402188906120416	TRUE	1016	91	3.5910288863193642
ENSG00000103266	HAGHL_TSS_1_AND_HAGHL_TSS_2	810	72132	TRUE	1.5526010986077526e-7	-0.42785925773338973	TRUE	1016	91	2.2476744064918694
ENSG00000140990	HAGHL_TSS_1_AND_HAGHL_TSS_2	1012	91874	TRUE	2.549119043287833e-7	-0.3857844240915864	TRUE	1016	91	18.28205048074419
ENSG00000095906	HAGHL_TSS_1_AND_HAGHL_TSS_2	748	67306	TRUE	5.146880817920264e-7	-0.4234344663056517	TRUE	1016	91	1.7336062585289123
ENSG00000103202	HAGHL_TSS_1_AND_HAGHL_TSS_2	919	82545	TRUE	6.113343538048459e-6	-0.3271145865001601	TRUE	1016	91	3.9204245966019773
ENSG00000063854	HAGHL_TSS_1_AND_HAGHL_TSS_2	543	48820	TRUE	7.491212438536649e-5	-0.2767852191796773	TRUE	1016	91	1.0312509765930185
ENSG00000131653	HAGHL_TSS_1_AND_HAGHL_TSS_2	624	55162	TRUE	8.335732795776885e-5	-0.365581327298757	TRUE	1016	91	1.124816400512516
ENSG00000140983	HAGHL_TSS_1_AND_HAGHL_TSS_2	641	55511	TRUE	1.019135273936534e-4	-0.42208150006162853	TRUE	1016	91	1.1848495265477046
ENSG00000198736	HAGHL_TSS_1_AND_HAGHL_TSS_2	701	60819	TRUE	1.2703921338146594e-4	-0.35773236798211766	TRUE	1016	91	1.5289644468056294
ENSG00000162039	HAGHL_TSS_1_AND_HAGHL_TSS_2	703	63708	TRUE	1.7827159772343826e-4	-0.37025390383438506	TRUE	1016	91	1.6831567653155828
ENSG00000074071	HAGHL_TSS_1_AND_HAGHL_TSS_2	963	87765	TRUE	2.468250155516676e-4	-0.3439100055419657	TRUE	1016	91	8.00711480567101
ENSG00000167969	HAGHL_TSS_1_AND_HAGHL_TSS_2	984	89319	TRUE	3.8932967799540363e-4	-0.22654121012000816	TRUE	1016	91	5.668093794597747
ENSG00000127554	HAGHL_TSS_1_AND_HAGHL_TSS_2	491	42527	TRUE	0.0010941164829066548	-0.3660928897080296	TRUE	1016	91	0.7540131462441535
ENSG00000103254	HAGHL_TSS_1_AND_HAGHL_TSS_2	513	45210	TRUE	0.0018804118978816564	-0.5243376287757545	TRUE	1016	91	1.5716845318082857
ENSG00000188536	HAGHL_TSS_1_AND_HAGHL_TSS_2	1016	92268	TRUE	0.007295496415848729	-0.05448426455303945	TRUE	1016	91	358.34205235580276
ENSG00000127561	HAGHL_TSS_1_AND_HAGHL_TSS_2	657	58124	TRUE	0.013417617138602438	-0.29470069667680143	TRUE	1016	91	1.3043220100628146
ENSG00000103275	HAGHL_TSS_1_AND_HAGHL_TSS_2	997	89376	TRUE	0.01815988374705718	-0.3079937387659233	TRUE	1016	91	8.007781493171661
ENSG00000174109	HAGHL_TSS_1_AND_HAGHL_TSS_2	789	70288	TRUE	0.024	-0.2735227044952592	TRUE	1016	91	2.0785232871860577
ENSG00000206053	HAGHL_TSS_1_AND_HAGHL_TSS_2	536	46680	TRUE	0.024	-0.20097477608060366	TRUE	1016	91	0.8066502078189943
ENSG00000086506	HAGHL_TSS_1_AND_HAGHL_TSS_2	954	86712	TRUE	0.032	-0.18959412837166179	TRUE	1016	91	10.380022292363304
ENSG00000065054	HAGHL_TSS_1_AND_HAGHL_TSS_2	553	46300	TRUE	0.108	-0.262579508082721	FALSE	1016	91	0.8916736981364001
ENSG00000103260	HAGHL_TSS_1_AND_HAGHL_TSS_2	273	23418	TRUE	0.116	-0.3035106316505687	FALSE	1016	91	0.34295863412398303
ENSG00000103024	HAGHL_TSS_1_AND_HAGHL_TSS_2	282	22876	TRUE	0.12	-0.25368702237461016	FALSE	1016	91	0.3398231194724835
ENSG00000103253	HAGHL_TSS_1_AND_HAGHL_TSS_2	202	26107	TRUE	0.392	-0.29118157017639335	FALSE	1016	91	0.4842859672698105
ENSG00000086504	HAGHL_TSS_1_AND_HAGHL_TSS_2	1008	91807	TRUE	1.632904313778966e-13	-0.45321014868707854	TRUE	1016	92	12.96360302926133
ENSG00000167969	HAGHL_TSS_1_AND_HAGHL_TSS_2	984	89319	TRUE	1.1781623752672181e-10	-0.3492121872330096	TRUE	1016	92	5.668093794597747
ENSG00000074071	HAGHL_TSS_1_AND_HAGHL_TSS_2	963	87765	TRUE	2.4531100213620957e-8	-0.43360694829517854	TRUE	1016	92	8.00711480567101
ENSG00000140990	HAGHL_TSS_1_AND_HAGHL_TSS_2	1012	91874	TRUE	9.645682418978443e-8	-0.3970547773703079	TRUE	1016	92	18.28205048074419
ENSG00000127554	HAGHL_TSS_1_AND_HAGHL_TSS_2	491	42527	TRUE	2.2536226563551532e-6	-0.49376141485728303	TRUE	1016	92	0.7540131462441535
ENSG00000065054	HAGHL_TSS_1_AND_HAGHL_TSS_2	553	46300	TRUE	4.481149146265406e-6	-0.49168356996532747	TRUE	1016	92	0.8916736981364001
ENSG00000103266	HAGHL_TSS_1_AND_HAGHL_TSS_2	810	72132	TRUE	7.0999643174381784e-6	-0.39147667578920387	TRUE	1016	92	2.2476744064918694
ENSG00000007376	HAGHL_TSS_1_AND_HAGHL_TSS_2	746	66788	TRUE	8.875732910505171e-6	-0.4870712740217502	TRUE	1016	92	2.134722960092503
ENSG00000103202	HAGHL_TSS_1_AND_HAGHL_TSS_2	919	82545	TRUE	1.0906857713864973e-5	-0.3377716620394522	TRUE	1016	92	3.9204245966019773
ENSG00000174109	HAGHL_TSS_1_AND_HAGHL_TSS_2	789	70288	TRUE	4.486464403759792e-5	-0.37277761614183536	TRUE	1016	92	2.0785232871860577
ENSG00000086506	HAGHL_TSS_1_AND_HAGHL_TSS_2	954	86712	TRUE	1.1423444483008721e-4	-0.22956560768090029	TRUE	1016	92	10.380022292363304
ENSG00000131653	HAGHL_TSS_1_AND_HAGHL_TSS_2	624	55162	TRUE	2.5495962398091807e-4	-0.34529431315377107	TRUE	1016	92	1.124816400512516
ENSG00000103275	HAGHL_TSS_1_AND_HAGHL_TSS_2	997	89376	TRUE	3.438896881702378e-4	-0.3564726840075858	TRUE	1016	92	8.007781493171661
ENSG00000162039	HAGHL_TSS_1_AND_HAGHL_TSS_2	703	63708	TRUE	3.6703826437598126e-4	-0.3640264335567348	TRUE	1016	92	1.6831567653155828
ENSG00000127561	HAGHL_TSS_1_AND_HAGHL_TSS_2	657	58124	TRUE	4.796596012861896e-4	-0.35621265926901424	TRUE	1016	92	1.3043220100628146
ENSG00000188536	HAGHL_TSS_1_AND_HAGHL_TSS_2	1016	92268	TRUE	7.365129096891729e-4	-0.09065459162302147	TRUE	1016	92	358.34205235580276
ENSG00000065057	HAGHL_TSS_1_AND_HAGHL_TSS_2	892	80340	TRUE	0.001229464614364087	-0.3060190342292757	TRUE	1016	92	3.6725939352271424
ENSG00000007520	HAGHL_TSS_1_AND_HAGHL_TSS_2	919	83609	TRUE	0.0030502600914523942	-0.2599234499378531	TRUE	1016	92	3.5910288863193642
ENSG00000198736	HAGHL_TSS_1_AND_HAGHL_TSS_2	701	60819	TRUE	0.0047922995011132445	-0.266538187025239	TRUE	1016	92	1.5289644468056294
ENSG00000095906	HAGHL_TSS_1_AND_HAGHL_TSS_2	748	67306	TRUE	0.012980806323598493	-0.29729343617256765	TRUE	1016	92	1.7336062585289123
ENSG00000140983	HAGHL_TSS_1_AND_HAGHL_TSS_2	641	55511	TRUE	0.01530908651247629	-0.31429047578682484	TRUE	1016	92	1.1848495265477046
ENSG00000103254	HAGHL_TSS_1_AND_HAGHL_TSS_2	513	45210	TRUE	0.032	-0.4156419559393644	TRUE	1016	92	1.5716845318082857
ENSG00000206053	HAGHL_TSS_1_AND_HAGHL_TSS_2	536	46680	TRUE	0.036	-0.2067803977618094	TRUE	1016	92	0.8066502078189943
ENSG00000063854	HAGHL_TSS_1_AND_HAGHL_TSS_2	543	48820	TRUE	0.08	-0.1247821257346274	TRUE	1016	92	1.0312509765930185
ENSG00000103260	HAGHL_TSS_1_AND_HAGHL_TSS_2	273	23418	TRUE	0.128	-0.3135293874755596	FALSE	1016	92	0.34295863412398303
ENSG00000103024	HAGHL_TSS_1_AND_HAGHL_TSS_2	282	22876	TRUE	0.436	-0.16182616418038753	FALSE	1016	92	0.3398231194724835
ENSG00000103253	HAGHL_TSS_1_AND_HAGHL_TSS_2	202	26107	TRUE	0.62	-0.2091273542939076	FALSE	1016	92	0.4842859672698105
ENSG00000103275	HAGHL_TSS_1_AND_HAGHL_TSS_2	997	89376	TRUE	2.0310999932011765e-15	-0.557848213725987	TRUE	1016	93	8.007781493171661
ENSG00000086504	HAGHL_TSS_1_AND_HAGHL_TSS_2	1008	91807	TRUE	8.812271820074115e-15	-0.45831202251792513	TRUE	1016	93	12.96360302926133
ENSG00000007520	HAGHL_TSS_1_AND_HAGHL_TSS_2	919	83609	TRUE	1.7167142513843997e-12	-0.47102460410258207	TRUE	1016	93	3.5910288863193642
ENSG00000127561	HAGHL_TSS_1_AND_HAGHL_TSS_2	657	58124	TRUE	3.93529960570364e-10	-0.5338463527515195	TRUE	1016	93	1.3043220100628146
ENSG00000174109	HAGHL_TSS_1_AND_HAGHL_TSS_2	789	70288	TRUE	5.557578140335632e-10	-0.509607534164165	TRUE	1016	93	2.0785232871860577
ENSG00000063854	HAGHL_TSS_1_AND_HAGHL_TSS_2	543	48820	TRUE	8.855992385602916e-10	-0.43548296519873564	TRUE	1016	93	1.0312509765930185
ENSG00000140990	HAGHL_TSS_1_AND_HAGHL_TSS_2	1012	91874	TRUE	1.2480004233866516e-9	-0.43210332346561975	TRUE	1016	93	18.28205048074419
ENSG00000074071	HAGHL_TSS_1_AND_HAGHL_TSS_2	963	87765	TRUE	2.621142054682349e-9	-0.4747953966936733	TRUE	1016	93	8.00711480567101
ENSG00000007376	HAGHL_TSS_1_AND_HAGHL_TSS_2	746	66788	TRUE	8.231267709657973e-9	-0.5429477722142564	TRUE	1016	93	2.134722960092503
ENSG00000103202	HAGHL_TSS_1_AND_HAGHL_TSS_2	919	82545	TRUE	1.3868636814088925e-7	-0.37387476693564037	TRUE	1016	93	3.9204245966019773
ENSG00000162039	HAGHL_TSS_1_AND_HAGHL_TSS_2	703	63708	TRUE	7.152430117122978e-7	-0.45045397153990413	TRUE	1016	93	1.6831567653155828
ENSG00000065057	HAGHL_TSS_1_AND_HAGHL_TSS_2	892	80340	TRUE	8.357787423235842e-7	-0.3977915407154118	TRUE	1016	93	3.6725939352271424
ENSG00000188536	HAGHL_TSS_1_AND_HAGHL_TSS_2	1016	92268	TRUE	1.6123569062619341e-06	-0.16028016171353876	TRUE	1016	93	358.34205235580276
ENSG00000095906	HAGHL_TSS_1_AND_HAGHL_TSS_2	748	67306	TRUE	2.337106829187899e-6	-0.4150891354960293	TRUE	1016	93	1.7336062585289123
ENSG00000086506	HAGHL_TSS_1_AND_HAGHL_TSS_2	954	86712	TRUE	2.386029414056315e-6	-0.31841170749358616	TRUE	1016	93	10.380022292363304
ENSG00000206053	HAGHL_TSS_1_AND_HAGHL_TSS_2	536	46680	TRUE	4.590420750018168e-5	-0.35147651425952364	TRUE	1016	93	0.8066502078189943
ENSG00000103266	HAGHL_TSS_1_AND_HAGHL_TSS_2	810	72132	TRUE	5.88181053724384e-5	-0.37480711159573377	TRUE	1016	93	2.2476744064918694
ENSG00000198736	HAGHL_TSS_1_AND_HAGHL_TSS_2	701	60819	TRUE	6.113013626519483e-5	-0.33969844515185604	TRUE	1016	93	1.5289644468056294
ENSG00000103260	HAGHL_TSS_1_AND_HAGHL_TSS_2	273	23418	TRUE	1.1511820229838463e-4	-0.5242400037643722	TRUE	1016	93	0.34295863412398303
ENSG00000131653	HAGHL_TSS_1_AND_HAGHL_TSS_2	624	55162	TRUE	1.59254401039905e-4	-0.34995067558499265	TRUE	1016	93	1.124816400512516
ENSG00000065054	HAGHL_TSS_1_AND_HAGHL_TSS_2	553	46300	TRUE	2.6254766486407213e-4	-0.410530084703298	TRUE	1016	93	0.8916736981364001
ENSG00000140983	HAGHL_TSS_1_AND_HAGHL_TSS_2	641	55511	TRUE	2.888554355188395e-4	-0.4144360394507701	TRUE	1016	93	1.1848495265477046
ENSG00000167969	HAGHL_TSS_1_AND_HAGHL_TSS_2	984	89319	TRUE	3.7675070171285137e-4	-0.2268199109884277	TRUE	1016	93	5.668093794597747
ENSG00000127554	HAGHL_TSS_1_AND_HAGHL_TSS_2	491	42527	TRUE	0.0011042337541282456	-0.3731591652594794	TRUE	1016	93	0.7540131462441535
ENSG00000103253	HAGHL_TSS_1_AND_HAGHL_TSS_2	202	26107	TRUE	0.003878308751819458	-0.4501354537977025	TRUE	1016	93	0.4842859672698105
ENSG00000103254	HAGHL_TSS_1_AND_HAGHL_TSS_2	513	45210	TRUE	0.028	-0.44764844871851406	TRUE	1016	93	1.5716845318082857
ENSG00000103024	HAGHL_TSS_1_AND_HAGHL_TSS_2	282	22876	TRUE	0.036	-0.3200882480971199	TRUE	1016	93	0.3398231194724835
ENSG00000086504	HAGHL_TSS_1_AND_HAGHL_TSS_2	1008	91807	TRUE	1.7227436259603547e-18	-0.49090451917860545	TRUE	1016	94	12.96360302926133
ENSG00000162039	HAGHL_TSS_1_AND_HAGHL_TSS_2	703	63708	TRUE	3.1566482410115785e-14	-0.6169467616263316	TRUE	1016	94	1.6831567653155828
ENSG00000086506	HAGHL_TSS_1_AND_HAGHL_TSS_2	954	86712	TRUE	5.912972934500388e-14	-0.4602321647711247	TRUE	1016	94	10.380022292363304
ENSG00000198736	HAGHL_TSS_1_AND_HAGHL_TSS_2	701	60819	TRUE	3.5218116755084307e-11	-0.5183304809598911	TRUE	1016	94	1.5289644468056294
ENSG00000103202	HAGHL_TSS_1_AND_HAGHL_TSS_2	919	82545	TRUE	8.314099884374387e-11	-0.4283577039176776	TRUE	1016	94	3.9204245966019773
ENSG00000140983	HAGHL_TSS_1_AND_HAGHL_TSS_2	641	55511	TRUE	4.070522633850951e-10	-0.5688133817651013	TRUE	1016	94	1.1848495265477046
ENSG00000065057	HAGHL_TSS_1_AND_HAGHL_TSS_2	892	80340	TRUE	1.26751392687225e-9	-0.4482267294615436	TRUE	1016	94	3.6725939352271424
ENSG00000007520	HAGHL_TSS_1_AND_HAGHL_TSS_2	919	83609	TRUE	1.5441161057777402e-9	-0.38795428002299515	TRUE	1016	94	3.5910288863193642
ENSG00000103266	HAGHL_TSS_1_AND_HAGHL_TSS_2	810	72132	TRUE	1.0990833658888797e-8	-0.4693904802526565	TRUE	1016	94	2.2476744064918694
ENSG00000131653	HAGHL_TSS_1_AND_HAGHL_TSS_2	624	55162	TRUE	1.4897522385227797e-8	-0.4749163490266023	TRUE	1016	94	1.124816400512516
ENSG00000174109	HAGHL_TSS_1_AND_HAGHL_TSS_2	789	70288	TRUE	2.1772666856757837e-8	-0.44266171025433865	TRUE	1016	94	2.0785232871860577
ENSG00000167969	HAGHL_TSS_1_AND_HAGHL_TSS_2	984	89319	TRUE	2.9742510370577073e-8	-0.320077977860425	TRUE	1016	94	5.668093794597747
ENSG00000140990	HAGHL_TSS_1_AND_HAGHL_TSS_2	1012	91874	TRUE	4.4846958233271455e-8	-0.38530060670857225	TRUE	1016	94	18.28205048074419
ENSG00000127561	HAGHL_TSS_1_AND_HAGHL_TSS_2	657	58124	TRUE	6.807252725071181e-8	-0.47024211435883506	TRUE	1016	94	1.3043220100628146
ENSG00000095906	HAGHL_TSS_1_AND_HAGHL_TSS_2	748	67306	TRUE	8.958205479071656e-8	-0.4562364266377735	TRUE	1016	94	1.7336062585289123
ENSG00000065054	HAGHL_TSS_1_AND_HAGHL_TSS_2	553	46300	TRUE	6.714604980845914e-7	-0.4874089148650016	TRUE	1016	94	0.8916736981364001
ENSG00000103260	HAGHL_TSS_1_AND_HAGHL_TSS_2	273	23418	TRUE	1.079744082991505e-6	-0.6582573517360597	TRUE	1016	94	0.34295863412398303
ENSG00000103275	HAGHL_TSS_1_AND_HAGHL_TSS_2	997	89376	TRUE	1.7116762191342338e-6	-0.4030752715732264	TRUE	1016	94	8.007781493171661
ENSG00000007376	HAGHL_TSS_1_AND_HAGHL_TSS_2	746	66788	TRUE	2.8764284855286844e-5	-0.44955123576074874	TRUE	1016	94	2.134722960092503
ENSG00000206053	HAGHL_TSS_1_AND_HAGHL_TSS_2	536	46680	TRUE	4.406261627977188e-5	-0.34079774573349686	TRUE	1016	94	0.8066502078189943
ENSG00000103253	HAGHL_TSS_1_AND_HAGHL_TSS_2	202	26107	TRUE	6.500072304822108e-5	-0.5786501943203828	TRUE	1016	94	0.4842859672698105
ENSG00000188536	HAGHL_TSS_1_AND_HAGHL_TSS_2	1016	92268	TRUE	8.273149147163504e-5	-0.08013916730934412	TRUE	1016	94	358.34205235580276
ENSG00000063854	HAGHL_TSS_1_AND_HAGHL_TSS_2	543	48820	TRUE	3.4913820967684417e-4	-0.2470378757856253	TRUE	1016	94	1.0312509765930185
ENSG00000103254	HAGHL_TSS_1_AND_HAGHL_TSS_2	513	45210	TRUE	4e-4	-0.6122928294100511	TRUE	1016	94	1.5716845318082857
ENSG00000127554	HAGHL_TSS_1_AND_HAGHL_TSS_2	491	42527	TRUE	0.0013370746423491345	-0.3684444713874275	TRUE	1016	94	0.7540131462441535
ENSG00000074071	HAGHL_TSS_1_AND_HAGHL_TSS_2	963	87765	TRUE	0.0014724324298130559	-0.3249559025561397	TRUE	1016	94	8.00711480567101
ENSG00000103024	HAGHL_TSS_1_AND_HAGHL_TSS_2	282	22876	TRUE	0.014616982989849842	-0.3200882480971199	TRUE	1016	94	0.3398231194724835
ENSG00000086504	HAGHL_TSS_1_AND_HAGHL_TSS_2	1008	91807	TRUE	3.9271616804854193e-13	-0.43089021807540107	TRUE	1016	95	12.96360302926133
ENSG00000065057	HAGHL_TSS_1_AND_HAGHL_TSS_2	892	80340	TRUE	1.4695509858856634e-9	-0.46035453502453993	TRUE	1016	95	3.6725939352271424
ENSG00000103275	HAGHL_TSS_1_AND_HAGHL_TSS_2	997	89376	TRUE	1.753538355683053e-9	-0.4630070308043077	TRUE	1016	95	8.007781493171661
ENSG00000007520	HAGHL_TSS_1_AND_HAGHL_TSS_2	919	83609	TRUE	2.2864528890385253e-9	-0.3983280949168906	TRUE	1016	95	3.5910288863193642
ENSG00000103266	HAGHL_TSS_1_AND_HAGHL_TSS_2	810	72132	TRUE	7.472222073447534e-7	-0.4099575667334987	TRUE	1016	95	2.2476744064918694
ENSG00000167969	HAGHL_TSS_1_AND_HAGHL_TSS_2	984	89319	TRUE	1.0283347823155894e-6	-0.2988267664964779	TRUE	1016	95	5.668093794597747
ENSG00000206053	HAGHL_TSS_1_AND_HAGHL_TSS_2	536	46680	TRUE	1.7314954090137669e-6	-0.401643300954024	TRUE	1016	95	0.8066502078189943
ENSG00000103202	HAGHL_TSS_1_AND_HAGHL_TSS_2	919	82545	TRUE	1.774759384918595e-6	-0.35120467380697873	TRUE	1016	95	3.9204245966019773
ENSG00000127554	HAGHL_TSS_1_AND_HAGHL_TSS_2	491	42527	TRUE	4.0012415406820456e-6	-0.4683163982998197	TRUE	1016	95	0.7540131462441535
ENSG00000131653	HAGHL_TSS_1_AND_HAGHL_TSS_2	624	55162	TRUE	5.786607274134545e-6	-0.40057674865496073	TRUE	1016	95	1.124816400512516
ENSG00000188536	HAGHL_TSS_1_AND_HAGHL_TSS_2	1016	92268	TRUE	2.3517168264354515e-5	-0.12466333658273321	TRUE	1016	95	358.34205235580276
ENSG00000198736	HAGHL_TSS_1_AND_HAGHL_TSS_2	701	60819	TRUE	3.396914440520718e-5	-0.36797639947892075	TRUE	1016	95	1.5289644468056294
ENSG00000140990	HAGHL_TSS_1_AND_HAGHL_TSS_2	1012	91874	TRUE	4.0550834928739085e-5	-0.34024992814194555	TRUE	1016	95	18.28205048074419
ENSG00000095906	HAGHL_TSS_1_AND_HAGHL_TSS_2	748	67306	TRUE	6.15374131890117e-5	-0.3842171649016136	TRUE	1016	95	1.7336062585289123
ENSG00000174109	HAGHL_TSS_1_AND_HAGHL_TSS_2	789	70288	TRUE	6.921669305635404e-5	-0.3761503705496949	TRUE	1016	95	2.0785232871860577
ENSG00000074071	HAGHL_TSS_1_AND_HAGHL_TSS_2	963	87765	TRUE	9.645286851482637e-5	-0.3655916312075389	TRUE	1016	95	8.00711480567101
ENSG00000007376	HAGHL_TSS_1_AND_HAGHL_TSS_2	746	66788	TRUE	1.620168882917137e-4	-0.4375430031918601	TRUE	1016	95	2.134722960092503
ENSG00000086506	HAGHL_TSS_1_AND_HAGHL_TSS_2	954	86712	TRUE	1.6499069854936793e-4	-0.25421699326389025	TRUE	1016	95	10.380022292363304
ENSG00000063854	HAGHL_TSS_1_AND_HAGHL_TSS_2	543	48820	TRUE	1.6531406284515503e-4	-0.25853351462345475	TRUE	1016	95	1.0312509765930185
ENSG00000103253	HAGHL_TSS_1_AND_HAGHL_TSS_2	202	26107	TRUE	1.9862390556199885e-4	-0.5876389775476374	TRUE	1016	95	0.4842859672698105
ENSG00000140983	HAGHL_TSS_1_AND_HAGHL_TSS_2	641	55511	TRUE	3.212575010016327e-4	-0.40683088192960193	TRUE	1016	95	1.1848495265477046
ENSG00000103254	HAGHL_TSS_1_AND_HAGHL_TSS_2	513	45210	TRUE	4e-4	-0.6234982841179317	TRUE	1016	95	1.5716845318082857
ENSG00000162039	HAGHL_TSS_1_AND_HAGHL_TSS_2	703	63708	TRUE	0.0013098682461544185	-0.35062509708545253	TRUE	1016	95	1.6831567653155828
ENSG00000103260	HAGHL_TSS_1_AND_HAGHL_TSS_2	273	23418	TRUE	0.0021408361865673034	-0.4616280264646937	TRUE	1016	95	0.34295863412398303
ENSG00000127561	HAGHL_TSS_1_AND_HAGHL_TSS_2	657	58124	TRUE	0.0065930748658902805	-0.31015829141699924	TRUE	1016	95	1.3043220100628146
ENSG00000103024	HAGHL_TSS_1_AND_HAGHL_TSS_2	282	22876	TRUE	0.008606377847564697	-0.36252351441751673	TRUE	1016	95	0.3398231194724835
ENSG00000065054	HAGHL_TSS_1_AND_HAGHL_TSS_2	553	46300	TRUE	0.044	-0.2958313138791058	TRUE	1016	95	0.8916736981364001
ENSG00000167969	HAGHL_TSS_1_AND_HAGHL_TSS_2	984	89319	TRUE	1.138631462782727e-16	-0.47399853789932944	TRUE	1016	96	5.668093794597747
ENSG00000103275	HAGHL_TSS_1_AND_HAGHL_TSS_2	997	89376	TRUE	1.1321032838942857e-13	-0.5556220229082602	TRUE	1016	96	8.007781493171661
ENSG00000103266	HAGHL_TSS_1_AND_HAGHL_TSS_2	810	72132	TRUE	1.663720596731559e-9	-0.48378790863009724	TRUE	1016	96	2.2476744064918694
ENSG00000188536	HAGHL_TSS_1_AND_HAGHL_TSS_2	1016	92268	TRUE	1.9446576107149402e-8	-0.2109997528369174	TRUE	1016	96	358.34205235580276
ENSG00000086506	HAGHL_TSS_1_AND_HAGHL_TSS_2	954	86712	TRUE	2.5839892628658646e-8	-0.31037256040504735	TRUE	1016	96	10.380022292363304
ENSG00000140990	HAGHL_TSS_1_AND_HAGHL_TSS_2	1012	91874	TRUE	1.209128911459576e-7	-0.4119573663004301	TRUE	1016	96	18.28205048074419
ENSG00000103202	HAGHL_TSS_1_AND_HAGHL_TSS_2	919	82545	TRUE	2.8248317453908353e-7	-0.35210467074252194	TRUE	1016	96	3.9204245966019773
ENSG00000174109	HAGHL_TSS_1_AND_HAGHL_TSS_2	789	70288	TRUE	3.7930075054293656e-7	-0.44531616370031646	TRUE	1016	96	2.0785232871860577
ENSG00000086504	HAGHL_TSS_1_AND_HAGHL_TSS_2	1008	91807	TRUE	8.535510609050745e-7	-0.37635473144276466	TRUE	1016	96	12.96360302926133
ENSG00000127561	HAGHL_TSS_1_AND_HAGHL_TSS_2	657	58124	TRUE	1.0432080158647838e-6	-0.428876793149977	TRUE	1016	96	1.3043220100628146
ENSG00000065057	HAGHL_TSS_1_AND_HAGHL_TSS_2	892	80340	TRUE	1.6561345301164634e-6	-0.39439410759403604	TRUE	1016	96	3.6725939352271424
ENSG00000095906	HAGHL_TSS_1_AND_HAGHL_TSS_2	748	67306	TRUE	1.7580556447387328e-6	-0.42972529767253137	TRUE	1016	96	1.7336062585289123
ENSG00000162039	HAGHL_TSS_1_AND_HAGHL_TSS_2	703	63708	TRUE	4.188191447773238e-6	-0.4351409160454002	TRUE	1016	96	1.6831567653155828
ENSG00000074071	HAGHL_TSS_1_AND_HAGHL_TSS_2	963	87765	TRUE	4.436323068845137e-6	-0.40185189941670885	TRUE	1016	96	8.00711480567101
ENSG00000103260	HAGHL_TSS_1_AND_HAGHL_TSS_2	273	23418	TRUE	4.618956421254114e-6	-0.6019193675862478	TRUE	1016	96	0.34295863412398303
ENSG00000198736	HAGHL_TSS_1_AND_HAGHL_TSS_2	701	60819	TRUE	5.200964166201215e-6	-0.40148864411705504	TRUE	1016	96	1.5289644468056294
ENSG00000007520	HAGHL_TSS_1_AND_HAGHL_TSS_2	919	83609	TRUE	1.2925809435855042e-5	-0.3352759243815888	TRUE	1016	96	3.5910288863193642
ENSG00000140983	HAGHL_TSS_1_AND_HAGHL_TSS_2	641	55511	TRUE	1.565836195160182e-5	-0.44682285738649075	TRUE	1016	96	1.1848495265477046
ENSG00000063854	HAGHL_TSS_1_AND_HAGHL_TSS_2	543	48820	TRUE	3.99915460349749e-5	-0.3003536903180819	TRUE	1016	96	1.0312509765930185
ENSG00000131653	HAGHL_TSS_1_AND_HAGHL_TSS_2	624	55162	TRUE	2.337941333863825e-4	-0.34995067558499265	TRUE	1016	96	1.124816400512516
ENSG00000127554	HAGHL_TSS_1_AND_HAGHL_TSS_2	491	42527	TRUE	2.4500246791214113e-4	-0.4017755422894235	TRUE	1016	96	0.7540131462441535
ENSG00000007376	HAGHL_TSS_1_AND_HAGHL_TSS_2	746	66788	TRUE	3.469381019099776e-4	-0.4324270579695396	TRUE	1016	96	2.134722960092503
ENSG00000206053	HAGHL_TSS_1_AND_HAGHL_TSS_2	536	46680	TRUE	8.455692893380821e-4	-0.28241483559866054	TRUE	1016	96	0.8066502078189943
ENSG00000103254	HAGHL_TSS_1_AND_HAGHL_TSS_2	513	45210	TRUE	0.0012	-0.5468285158981704	TRUE	1016	96	1.5716845318082857
ENSG00000103024	HAGHL_TSS_1_AND_HAGHL_TSS_2	282	22876	TRUE	0.003627919993517831	-0.38421858551683563	TRUE	1016	96	0.3398231194724835
ENSG00000065054	HAGHL_TSS_1_AND_HAGHL_TSS_2	553	46300	TRUE	0.068	-0.2977013012321519	TRUE	1016	96	0.8916736981364001
ENSG00000103253	HAGHL_TSS_1_AND_HAGHL_TSS_2	202	26107	TRUE	0.076	-0.3742916958141964	TRUE	1016	96	0.4842859672698105
ENSG00000140990	HAGHL_TSS_1_AND_HAGHL_TSS_2	1012	91874	TRUE	3.3943603264304116e-17	-0.5370672262492522	TRUE	1016	97	18.28205048074419
ENSG00000167969	HAGHL_TSS_1_AND_HAGHL_TSS_2	984	89319	TRUE	2.3746330105871296e-12	-0.3817371024619711	TRUE	1016	97	5.668093794597747
ENSG00000103275	HAGHL_TSS_1_AND_HAGHL_TSS_2	997	89376	TRUE	1.0828430597297493e-11	-0.5118047343606458	TRUE	1016	97	8.007781493171661
ENSG00000103202	HAGHL_TSS_1_AND_HAGHL_TSS_2	919	82545	TRUE	2.7442118405960915e-11	-0.4388362217219419	TRUE	1016	97	3.9204245966019773
ENSG00000086504	HAGHL_TSS_1_AND_HAGHL_TSS_2	1008	91807	TRUE	1.571807204685366e-8	-0.378233765160104	TRUE	1016	97	12.96360302926133
ENSG00000007520	HAGHL_TSS_1_AND_HAGHL_TSS_2	919	83609	TRUE	1.8780524645067902e-8	-0.38795428002299515	TRUE	1016	97	3.5910288863193642
ENSG00000162039	HAGHL_TSS_1_AND_HAGHL_TSS_2	703	63708	TRUE	1.2429447728860496e-6	-0.42862760908672576	TRUE	1016	97	1.6831567653155828
ENSG00000065057	HAGHL_TSS_1_AND_HAGHL_TSS_2	892	80340	TRUE	4.10256419413604e-6	-0.364646764199984	TRUE	1016	97	3.6725939352271424
ENSG00000206053	HAGHL_TSS_1_AND_HAGHL_TSS_2	536	46680	TRUE	7.583956016228284e-6	-0.368728678481289	TRUE	1016	97	0.8066502078189943
ENSG00000127561	HAGHL_TSS_1_AND_HAGHL_TSS_2	657	58124	TRUE	1.6527597465026468e-5	-0.39826880721958086	TRUE	1016	97	1.3043220100628146
ENSG00000198736	HAGHL_TSS_1_AND_HAGHL_TSS_2	701	60819	TRUE	2.582324003510758e-5	-0.3714073048791942	TRUE	1016	97	1.5289644468056294
ENSG00000103266	HAGHL_TSS_1_AND_HAGHL_TSS_2	810	72132	TRUE	1.266733878453265e-4	-0.36850712323999546	TRUE	1016	97	2.2476744064918694
ENSG00000131653	HAGHL_TSS_1_AND_HAGHL_TSS_2	624	55162	TRUE	3.0904891136555174e-4	-0.34374552605828457	TRUE	1016	97	1.124816400512516
ENSG00000103024	HAGHL_TSS_1_AND_HAGHL_TSS_2	282	22876	TRUE	4.339761635460404e-4	-0.428612704875289	TRUE	1016	97	0.3398231194724835
ENSG00000063854	HAGHL_TSS_1_AND_HAGHL_TSS_2	543	48820	TRUE	5.899150495090287e-4	-0.2307728214228412	TRUE	1016	97	1.0312509765930185
ENSG00000065054	HAGHL_TSS_1_AND_HAGHL_TSS_2	553	46300	TRUE	7.58605507583103e-4	-0.4004483173241349	TRUE	1016	97	0.8916736981364001
ENSG00000103260	HAGHL_TSS_1_AND_HAGHL_TSS_2	273	23418	TRUE	0.004228602926320442	-0.4616280264646937	TRUE	1016	97	0.34295863412398303
ENSG00000174109	HAGHL_TSS_1_AND_HAGHL_TSS_2	789	70288	TRUE	0.005606296659159821	-0.310149380173926	TRUE	1016	97	2.0785232871860577
ENSG00000074071	HAGHL_TSS_1_AND_HAGHL_TSS_2	963	87765	TRUE	0.00672073637208296	-0.2991327404178765	TRUE	1016	97	8.00711480567101
ENSG00000127554	HAGHL_TSS_1_AND_HAGHL_TSS_2	491	42527	TRUE	0.007285830348765135	-0.33586610227617014	TRUE	1016	97	0.7540131462441535
ENSG00000007376	HAGHL_TSS_1_AND_HAGHL_TSS_2	746	66788	TRUE	0.008454795563386974	-0.3814194864578875	TRUE	1016	97	2.134722960092503
ENSG00000188536	HAGHL_TSS_1_AND_HAGHL_TSS_2	1016	92268	TRUE	0.008610160107224457	-0.05073360305162744	TRUE	1016	97	358.34205235580276
ENSG00000140983	HAGHL_TSS_1_AND_HAGHL_TSS_2	641	55511	TRUE	0.008776538314939353	-0.34593610240329004	TRUE	1016	97	1.1848495265477046
ENSG00000095906	HAGHL_TSS_1_AND_HAGHL_TSS_2	748	67306	TRUE	0.01018044938785952	-0.3049827017612152	TRUE	1016	97	1.7336062585289123
ENSG00000103254	HAGHL_TSS_1_AND_HAGHL_TSS_2	513	45210	TRUE	0.0108	-0.4816550568931034	TRUE	1016	97	1.5716845318082857
ENSG00000103253	HAGHL_TSS_1_AND_HAGHL_TSS_2	202	26107	TRUE	0.013862328907934096	-0.4583559606026708	TRUE	1016	97	0.4842859672698105
ENSG00000086506	HAGHL_TSS_1_AND_HAGHL_TSS_2	954	86712	TRUE	0.052	-0.13467829506535134	TRUE	1016	97	10.380022292363304
ENSG00000140990	HAGHL_TSS_1_AND_HAGHL_TSS_2	1012	91874	TRUE	1.3796933782267084e-10	-0.45934192441305344	TRUE	1016	98	18.28205048074419
ENSG00000086504	HAGHL_TSS_1_AND_HAGHL_TSS_2	1008	91807	TRUE	2.028235962378058e-10	-0.4215874027475035	TRUE	1016	98	12.96360302926133
ENSG00000103202	HAGHL_TSS_1_AND_HAGHL_TSS_2	919	82545	TRUE	1.8437506053750174e-8	-0.38626637042864465	TRUE	1016	98	3.9204245966019773
ENSG00000103275	HAGHL_TSS_1_AND_HAGHL_TSS_2	997	89376	TRUE	1.3351560906045936e-7	-0.4551474325495777	TRUE	1016	98	8.007781493171661
ENSG00000007520	HAGHL_TSS_1_AND_HAGHL_TSS_2	919	83609	TRUE	1.5806823616610396e-6	-0.35102238013853393	TRUE	1016	98	3.5910288863193642
ENSG00000074071	HAGHL_TSS_1_AND_HAGHL_TSS_2	963	87765	TRUE	1.1515827071863064e-5	-0.3958598666714872	TRUE	1016	98	8.00711480567101
ENSG00000140983	HAGHL_TSS_1_AND_HAGHL_TSS_2	641	55511	TRUE	2.4105908867733637e-5	-0.42668830027478877	TRUE	1016	98	1.1848495265477046
ENSG00000086506	HAGHL_TSS_1_AND_HAGHL_TSS_2	954	86712	TRUE	3.977187844825069e-5	-0.2899038491776049	TRUE	1016	98	10.380022292363304
ENSG00000162039	HAGHL_TSS_1_AND_HAGHL_TSS_2	703	63708	TRUE	4.15282213148023e-5	-0.4114011949761292	TRUE	1016	98	1.6831567653155828
ENSG00000206053	HAGHL_TSS_1_AND_HAGHL_TSS_2	536	46680	TRUE	7.26007414173723e-5	-0.3471955169316475	TRUE	1016	98	0.8066502078189943
ENSG00000167969	HAGHL_TSS_1_AND_HAGHL_TSS_2	984	89319	TRUE	2.7291874851076686e-4	-0.2509918720178774	TRUE	1016	98	5.668093794597747
ENSG00000095906	HAGHL_TSS_1_AND_HAGHL_TSS_2	748	67306	TRUE	4.542198773408567e-4	-0.3650011739965808	TRUE	1016	98	1.7336062585289123
ENSG00000103266	HAGHL_TSS_1_AND_HAGHL_TSS_2	810	72132	TRUE	4.788367271894318e-4	-0.35365399514563767	TRUE	1016	98	2.2476744064918694
ENSG00000065057	HAGHL_TSS_1_AND_HAGHL_TSS_2	892	80340	TRUE	6.157049835510929e-4	-0.3092143733890824	TRUE	1016	98	3.6725939352271424
ENSG00000174109	HAGHL_TSS_1_AND_HAGHL_TSS_2	789	70288	TRUE	6.367639047815989e-4	-0.35436710476021094	TRUE	1016	98	2.0785232871860577
ENSG00000065054	HAGHL_TSS_1_AND_HAGHL_TSS_2	553	46300	TRUE	9.252540002208862e-4	-0.3924333242600152	TRUE	1016	98	0.8916736981364001
ENSG00000063854	HAGHL_TSS_1_AND_HAGHL_TSS_2	543	48820	TRUE	0.0027945900506916033	-0.2194954158286986	TRUE	1016	98	1.0312509765930185
ENSG00000103254	HAGHL_TSS_1_AND_HAGHL_TSS_2	513	45210	TRUE	0.003020909791327478	-0.550834150236969	TRUE	1016	98	1.5716845318082857
ENSG00000127554	HAGHL_TSS_1_AND_HAGHL_TSS_2	491	42527	TRUE	0.0030990931209939777	-0.3684444713874275	TRUE	1016	98	0.7540131462441535
ENSG00000127561	HAGHL_TSS_1_AND_HAGHL_TSS_2	657	58124	TRUE	0.005700838606960052	-0.3114539314150715	TRUE	1016	98	1.3043220100628146
ENSG00000131653	HAGHL_TSS_1_AND_HAGHL_TSS_2	624	55162	TRUE	0.0075429047077744185	-0.2965396828691056	TRUE	1016	98	1.124816400512516
ENSG00000188536	HAGHL_TSS_1_AND_HAGHL_TSS_2	1016	92268	TRUE	0.016753243806076235	-0.032437212800875415	TRUE	1016	98	358.34205235580276
ENSG00000198736	HAGHL_TSS_1_AND_HAGHL_TSS_2	701	60819	TRUE	0.02475151744536422	-0.2569873942423005	TRUE	1016	98	1.5289644468056294
ENSG00000103260	HAGHL_TSS_1_AND_HAGHL_TSS_2	273	23418	TRUE	0.124	-0.3135293874755596	FALSE	1016	98	0.34295863412398303
ENSG00000103253	HAGHL_TSS_1_AND_HAGHL_TSS_2	202	26107	TRUE	0.14	-0.3511463591663353	FALSE	1016	98	0.4842859672698105
ENSG00000103024	HAGHL_TSS_1_AND_HAGHL_TSS_2	282	22876	TRUE	0.232	-0.18543872140233786	FALSE	1016	98	0.3398231194724835
ENSG00000007376	HAGHL_TSS_1_AND_HAGHL_TSS_2	746	66788	TRUE	0.24	-0.2753260968848108	FALSE	1016	98	2.134722960092503
ENSG00000007520	HAGHL_TSS_1_AND_HAGHL_TSS_2	919	83609	TRUE	1.4074276963882053e-6	-0.36065001040174627	TRUE	1016	99	3.5910288863193642
ENSG00000007376	HAGHL_TSS_1_AND_HAGHL_TSS_2	746	66788	TRUE	2.1308399131885684e-6	-0.5120381895383255	TRUE	1016	99	2.134722960092503
ENSG00000140990	HAGHL_TSS_1_AND_HAGHL_TSS_2	1012	91874	TRUE	3.7745213416304647e-6	-0.3657933928477828	TRUE	1016	99	18.28205048074419
ENSG00000086506	HAGHL_TSS_1_AND_HAGHL_TSS_2	954	86712	TRUE	8.542513653147631e-6	-0.24527512618567426	TRUE	1016	99	10.380022292363304
ENSG00000167969	HAGHL_TSS_1_AND_HAGHL_TSS_2	984	89319	TRUE	1.6690993092665892e-4	-0.24533423715595148	TRUE	1016	99	5.668093794597747
ENSG00000065054	HAGHL_TSS_1_AND_HAGHL_TSS_2	553	46300	TRUE	1.7660968279834856e-4	-0.4350177171365629	TRUE	1016	99	0.8916736981364001
ENSG00000074071	HAGHL_TSS_1_AND_HAGHL_TSS_2	963	87765	TRUE	1.8604151494766845e-4	-0.3660421214659655	TRUE	1016	99	8.00711480567101
ENSG00000103266	HAGHL_TSS_1_AND_HAGHL_TSS_2	810	72132	TRUE	1.960290283875881e-4	-0.35754791125012886	TRUE	1016	99	2.2476744064918694
ENSG00000162039	HAGHL_TSS_1_AND_HAGHL_TSS_2	703	63708	TRUE	2.3831291973644994e-4	-0.38804579831009867	TRUE	1016	99	1.6831567653155828
ENSG00000127554	HAGHL_TSS_1_AND_HAGHL_TSS_2	491	42527	TRUE	4.7964667496904444e-4	-0.38026022163462353	TRUE	1016	99	0.7540131462441535
ENSG00000086504	HAGHL_TSS_1_AND_HAGHL_TSS_2	1008	91807	TRUE	5.597372317331008e-4	-0.2976605603165088	TRUE	1016	99	12.96360302926133
ENSG00000131653	HAGHL_TSS_1_AND_HAGHL_TSS_2	624	55162	TRUE	6.063734945193355e-4	-0.3406529310029029	TRUE	1016	99	1.124816400512516
ENSG00000188536	HAGHL_TSS_1_AND_HAGHL_TSS_2	1016	92268	TRUE	0.0013130174829606017	-0.06062353510962559	TRUE	1016	99	358.34205235580276
ENSG00000103202	HAGHL_TSS_1_AND_HAGHL_TSS_2	919	82545	TRUE	0.00261829139464519	-0.25464112331299105	TRUE	1016	99	3.9204245966019773
ENSG00000103260	HAGHL_TSS_1_AND_HAGHL_TSS_2	273	23418	TRUE	0.008080961662787337	-0.41234712369347526	TRUE	1016	99	0.34295863412398303
ENSG00000063854	HAGHL_TSS_1_AND_HAGHL_TSS_2	543	48820	TRUE	0.008218720455228812	-0.1956223662850763	TRUE	1016	99	1.0312509765930185
ENSG00000103254	HAGHL_TSS_1_AND_HAGHL_TSS_2	513	45210	TRUE	0.0196	-0.4626636237091608	TRUE	1016	99	1.5716845318082857
ENSG00000103275	HAGHL_TSS_1_AND_HAGHL_TSS_2	997	89376	TRUE	0.02226073774851753	-0.3107026347061006	TRUE	1016	99	8.007781493171661
ENSG00000095906	HAGHL_TSS_1_AND_HAGHL_TSS_2	748	67306	TRUE	0.024	-0.29346411729294875	TRUE	1016	99	1.7336062585289123
ENSG00000174109	HAGHL_TSS_1_AND_HAGHL_TSS_2	789	70288	TRUE	0.024	-0.27667097642849714	TRUE	1016	99	2.0785232871860577
ENSG00000065057	HAGHL_TSS_1_AND_HAGHL_TSS_2	892	80340	TRUE	0.036	-0.2606856422682744	TRUE	1016	99	3.6725939352271424
ENSG00000206053	HAGHL_TSS_1_AND_HAGHL_TSS_2	536	46680	TRUE	0.04	-0.20290738861460295	TRUE	1016	99	0.8066502078189943
ENSG00000103024	HAGHL_TSS_1_AND_HAGHL_TSS_2	282	22876	TRUE	0.044	-0.2788655853706068	TRUE	1016	99	0.3398231194724835
ENSG00000140983	HAGHL_TSS_1_AND_HAGHL_TSS_2	641	55511	TRUE	0.044	-0.2973173971831113	TRUE	1016	99	1.1848495265477046
ENSG00000127561	HAGHL_TSS_1_AND_HAGHL_TSS_2	657	58124	TRUE	0.064	-0.2517827187420966	TRUE	1016	99	1.3043220100628146
ENSG00000103253	HAGHL_TSS_1_AND_HAGHL_TSS_2	202	26107	TRUE	0.136	-0.30594072744880774	FALSE	1016	99	0.4842859672698105
ENSG00000198736	HAGHL_TSS_1_AND_HAGHL_TSS_2	701	60819	TRUE	0.192	-0.17876222693679844	FALSE	1016	99	1.5289644468056294
ENSG00000140990	HAGHL_TSS_1_AND_HAGHL_TSS_2	1012	91874	TRUE	9.497967532246097e-20	-0.5527365148406846	TRUE	1016	100	18.28205048074419
ENSG00000127561	HAGHL_TSS_1_AND_HAGHL_TSS_2	657	58124	TRUE	1.9249204441400782e-16	-0.661853965127591	TRUE	1016	100	1.3043220100628146
ENSG00000103275	HAGHL_TSS_1_AND_HAGHL_TSS_2	997	89376	TRUE	8.959671369416856e-16	-0.5558692078726089	TRUE	1016	100	8.007781493171661
ENSG00000086504	HAGHL_TSS_1_AND_HAGHL_TSS_2	1008	91807	TRUE	1.0124483933052634e-10	-0.39226944969579325	TRUE	1016	100	12.96360302926133
ENSG00000007520	HAGHL_TSS_1_AND_HAGHL_TSS_2	919	83609	TRUE	5.994286748916938e-10	-0.40877704414792104	TRUE	1016	100	3.5910288863193642
ENSG00000103202	HAGHL_TSS_1_AND_HAGHL_TSS_2	919	82545	TRUE	1.4541366707217403e-9	-0.41090458391508045	TRUE	1016	100	3.9204245966019773
ENSG00000167969	HAGHL_TSS_1_AND_HAGHL_TSS_2	984	89319	TRUE	2.2889731306248513e-9	-0.33893309274493433	TRUE	1016	100	5.668093794597747
ENSG00000065054	HAGHL_TSS_1_AND_HAGHL_TSS_2	553	46300	TRUE	2.7429730764852965e-9	-0.5686162302001917	TRUE	1016	100	0.8916736981364001
ENSG00000095906	HAGHL_TSS_1_AND_HAGHL_TSS_2	748	67306	TRUE	5.056798953462159e-9	-0.48980157756311776	TRUE	1016	100	1.7336062585289123
ENSG00000198736	HAGHL_TSS_1_AND_HAGHL_TSS_2	701	60819	TRUE	1.6678001568171908e-7	-0.43460113136638834	TRUE	1016	100	1.5289644468056294
ENSG00000074071	HAGHL_TSS_1_AND_HAGHL_TSS_2	963	87765	TRUE	2.98858517991862e-7	-0.4169417751239992	TRUE	1016	100	8.00711480567101
ENSG00000162039	HAGHL_TSS_1_AND_HAGHL_TSS_2	703	63708	TRUE	4.120905933218411e-7	-0.4592778219269103	TRUE	1016	100	1.6831567653155828
ENSG00000065057	HAGHL_TSS_1_AND_HAGHL_TSS_2	892	80340	TRUE	4.6311046090558505e-7	-0.4065647132700603	TRUE	1016	100	3.6725939352271424
ENSG00000086506	HAGHL_TSS_1_AND_HAGHL_TSS_2	954	86712	TRUE	8.092778528130353e-7	-0.3116820182130189	TRUE	1016	100	10.380022292363304
ENSG00000174109	HAGHL_TSS_1_AND_HAGHL_TSS_2	789	70288	TRUE	1.0176566585284636e-6	-0.42508908080638885	TRUE	1016	100	2.0785232871860577
ENSG00000131653	HAGHL_TSS_1_AND_HAGHL_TSS_2	624	55162	TRUE	1.061950195955056e-6	-0.4364422012119664	TRUE	1016	100	1.124816400512516
ENSG00000103266	HAGHL_TSS_1_AND_HAGHL_TSS_2	810	72132	TRUE	1.6957084772461519e-6	-0.41644160030369737	TRUE	1016	100	2.2476744064918694
ENSG00000188536	HAGHL_TSS_1_AND_HAGHL_TSS_2	1016	92268	TRUE	3.2265152319138277e-6	-0.14733888840873988	TRUE	1016	100	358.34205235580276
ENSG00000140983	HAGHL_TSS_1_AND_HAGHL_TSS_2	641	55511	TRUE	1.5601967553229175e-5	-0.44526402952992883	TRUE	1016	100	1.1848495265477046
ENSG00000206053	HAGHL_TSS_1_AND_HAGHL_TSS_2	536	46680	TRUE	1.587113403983564e-5	-0.3259790310219517	TRUE	1016	100	0.8066502078189943
ENSG00000103254	HAGHL_TSS_1_AND_HAGHL_TSS_2	513	45210	TRUE	4e-4	-0.6808694633470742	TRUE	1016	100	1.5716845318082857
ENSG00000127554	HAGHL_TSS_1_AND_HAGHL_TSS_2	491	42527	TRUE	6.627779542404989e-4	-0.3707998923855573	TRUE	1016	100	0.7540131462441535
ENSG00000007376	HAGHL_TSS_1_AND_HAGHL_TSS_2	746	66788	TRUE	8.582298896479684e-4	-0.39711457728285293	TRUE	1016	100	2.134722960092503
ENSG00000103253	HAGHL_TSS_1_AND_HAGHL_TSS_2	202	26107	TRUE	0.0029436839060806366	-0.47911452076946826	TRUE	1016	100	0.4842859672698105
ENSG00000063854	HAGHL_TSS_1_AND_HAGHL_TSS_2	543	48820	TRUE	0.010091715317545331	-0.17836316593947135	TRUE	1016	100	1.0312509765930185
ENSG00000103260	HAGHL_TSS_1_AND_HAGHL_TSS_2	273	23418	TRUE	0.04	-0.3543150023220598	TRUE	1016	100	0.34295863412398303
ENSG00000103024	HAGHL_TSS_1_AND_HAGHL_TSS_2	282	22876	TRUE	0.052	-0.28906135247649534	TRUE	1016	100	0.3398231194724835
